   9.99999978E-03   27600950.0    
   1.99999996E-02  -3315426.00    
   2.99999993E-02  -36713260.0    
   3.99999991E-02   2708154.00    
   4.99999970E-02   36187144.0    
   5.99999987E-02  -10169231.0    
   7.00000003E-02  -27309712.0    
   7.99999982E-02   23852680.0    
   8.99999961E-02   13185459.0    
   9.99999940E-02  -39364892.0    
  0.109999999       3013030.00    
  0.119999997       51780284.0    
  0.129999995      -19365780.0    
  0.140000001      -57856800.0    
  0.149999991       35315300.0    
  0.159999996       57237132.0    
  0.170000002      -50766056.0    
  0.179999992      -52021872.0    
  0.189999998       65138844.0    
  0.199999988       45215624.0    
  0.209999993      -77248224.0    
  0.219999999      -39250256.0    
  0.229999989       85992800.0    
  0.239999995       35447320.0    
  0.250000000      -91017760.0    
  0.259999990      -34310916.0    
  0.269999981       92591328.0    
  0.280000001       35964652.0    
  0.289999992      -90863328.0    
  0.299999982      -40291668.0    
  0.310000002       85396328.0    
  0.319999993       46848256.0    
  0.329999983      -75538976.0    
  0.340000004      -54730928.0    
  0.349999994       61266912.0    
  0.359999985       62392644.0    
  0.370000005      -43662552.0    
  0.379999995      -67480440.0    
  0.389999986       24651338.0    
  0.399999976       67100132.0    
  0.409999996      -6309890.00    
  0.419999987      -58869016.0    
  0.429999977      -9701194.00    
  0.439999998       42444972.0    
  0.449999988       22291046.0    
  0.459999979      -20565234.0    
  0.469999999      -30790514.0    
  0.479999989      -1282106.00    
  0.489999980       34835216.0    
  0.500000000       16659522.0    
  0.509999990      -34487948.0    
  0.519999981      -20713908.0    
  0.529999971       30433672.0    
  0.539999962       12257821.0    
  0.550000012      -23859360.0    
  0.560000002       5649020.00    
  0.569999993       15874026.0    
  0.579999983      -26981616.0    
  0.589999974      -6828640.00    
  0.599999964       45318336.0    
  0.610000014      -3849228.00    
  0.620000005      -56410648.0    
  0.629999995       17003612.0    
  0.639999986       59448360.0    
  0.649999976      -32683700.0    
  0.659999967      -56493048.0    
  0.669999957       49546200.0    
  0.680000007       50685352.0    
  0.689999998      -65306464.0    
  0.699999988      -44534640.0    
  0.709999979       77904440.0    
  0.719999969       39335196.0    
  0.729999959      -86412504.0    
  0.740000010      -35705920.0    
  0.750000000       91016144.0    
  0.759999990       34313656.0    
  0.769999981      -92289968.0    
  0.779999971      -35887208.0    
  0.789999962       90498808.0    
  0.799999952       40576444.0    
  0.810000002      -85371096.0    
  0.819999993      -47483268.0    
  0.829999983       76271800.0    
  0.839999974       54934740.0    
  0.849999964      -62597380.0    
  0.859999955      -61186176.0    
  0.870000005       44390656.0    
  0.879999995       64840264.0    
  0.889999986      -23060036.0    
  0.899999976      -64733864.0    
  0.909999967       1683752.00    
  0.919999957       59707476.0    
  0.930000007       15654902.0    
  0.939999998      -48802580.0    
  0.949999988      -25420936.0    
  0.959999979       32000264.0    
  0.969999969       26270024.0    
  0.979999959      -11045666.0    
  0.989999950      -19869078.0    
   1.00000000      -10379774.0    
   1.00999999       10458692.0    
