   9.99999978E-03   0.00000000    
   1.99999996E-02   0.00000000    
   2.99999993E-02   0.00000000    
   3.99999991E-02   0.00000000    
   4.99999970E-02   0.00000000    
   5.99999987E-02   0.00000000    
   7.00000003E-02   9.09494702E-13
   7.99999982E-02  -7.18500814E-11
   8.99999961E-02   2.67482392E-09
   9.99999940E-02  -6.22994776E-08
  0.109999999       1.01617024E-06
  0.119999997      -1.23074324E-05
  0.129999995       1.14457769E-04
  0.140000001      -8.33045866E-04
  0.149999991       4.78697568E-03
  0.159999996      -2.17122920E-02
  0.170000002       7.69004226E-02
  0.179999992     -0.207011521    
  0.189999998      0.398192495    
  0.199999988     -0.458198428    
  0.209999993       4.41754013E-02
  0.219999999      0.781880975    
  0.229999989     -0.956608474    
  0.239999995     -0.405244231    
  0.250000000       1.54516542    
  0.259999990       5.64993620E-02
  0.269999981      -1.79121816    
  0.280000001     -0.302551985    
  0.289999992       1.64785767    
  0.299999982       1.09649336    
  0.310000002     -0.641995907    
  0.319999993      -1.37970138    
  0.329999983     -0.877327681    
  0.340000004      -2.09366977E-02
  0.349999994      0.584267497    
  0.359999985      0.868179262    
  0.370000005      0.966791868    
  0.379999995      0.993291080    
  0.389999986      0.998911262    
  0.399999976      0.999858797    
  0.409999996      0.999985516    
  0.419999987      0.999998927    
  0.429999977      0.999999940    
  0.439999998       1.00000000    
  0.449999988       1.00000000    
  0.459999979       1.00000000    
  0.469999999       1.00000000    
  0.479999989       1.00000000    
  0.489999980       1.00000000    
  0.500000000       1.00000000    
  0.509999990       1.00000000    
  0.519999981       1.00000000    
  0.529999971       1.00000000    
  0.539999962       1.00000000    
  0.550000012       1.00000000    
  0.560000002       1.00000000    
  0.569999993       1.00000000    
  0.579999983       1.00000000    
  0.589999974       1.00000000    
  0.599999964       1.00000000    
  0.610000014      0.999999046    
  0.620000005       1.00001228    
  0.629999995      0.999885559    
  0.639999986       1.00083303    
  0.649999976      0.995213091    
  0.659999967       1.02171230    
  0.669999957      0.923099637    
  0.680000007       1.20701122    
  0.689999998      0.601807594    
  0.699999988       1.45819867    
  0.709999979      0.955824494    
  0.719999969      0.218118966    
  0.729999959       1.95660853    
  0.740000010       1.40524411    
  0.750000000     -0.545165420    
  0.759999990      0.943500817    
  0.769999981       2.79121780    
  0.779999971       1.30255198    
  0.789999962     -0.647857726    
  0.799999952      -9.64935422E-02
  0.810000002       1.64199591    
  0.819999993       2.37970138    
  0.829999983       1.87732756    
  0.839999974       1.02093661    
  0.849999964      0.415732682    
  0.859999955      0.131820738    
  0.870000005       3.32080275E-02
  0.879999995       6.70876075E-03
  0.889999986       1.08873867E-03
  0.899999976       1.41235068E-04
  0.909999967       1.44698670E-05
  0.919999957       1.14626437E-06
  0.930000007       6.77946446E-08
  0.939999998       2.82034307E-09
  0.949999988       7.36690708E-11
  0.959999979       9.09494702E-13
  0.969999969       0.00000000    
  0.979999959       0.00000000    
  0.989999950       0.00000000    
   1.00000000       0.00000000    
   1.00999999       0.00000000    
