   9.99999978E-03   880470.000    
   1.99999996E-02   1303886.25    
   2.99999993E-02  -898739.250    
   3.99999991E-02  -1398942.25    
   4.99999970E-02   1068991.50    
   5.99999987E-02   766242.000    
   7.00000003E-02  -1377939.00    
   7.99999982E-02   333975.188    
   8.99999961E-02   1648288.50    
   9.99999940E-02  -1540814.50    
  0.109999999      -1637149.25    
  0.119999997       2584853.00    
  0.129999995       1188679.75    
  0.140000001      -3367851.00    
  0.149999991      -335222.875    
  0.159999996       3908202.00    
  0.170000002      -729260.750    
  0.179999992      -4245649.00    
  0.189999998       1774828.75    
  0.199999988       4406638.00    
  0.209999993      -2648381.50    
  0.219999999      -4433974.00    
  0.229999989       3289463.75    
  0.239999995       4408365.00    
  0.250000000      -3673528.50    
  0.259999990      -4419338.00    
  0.269999981       3770922.00    
  0.280000001       4516030.50    
  0.289999992      -3558113.50    
  0.299999982      -4681585.00    
  0.310000002       3038040.25    
  0.319999993       4837567.50    
  0.329999983      -2233657.00    
  0.340000004      -4868089.50    
  0.349999994       1183900.62    
  0.359999985       4661323.50    
  0.370000005       22514.5000    
  0.379999995      -4153047.50    
  0.389999986      -1203048.12    
  0.399999976       3342147.50    
  0.409999996       2093203.25    
  0.419999987      -2277132.75    
  0.429999977      -2444279.50    
  0.439999998       1050483.25    
  0.449999988       2164145.25    
  0.459999979       183617.938    
  0.469999999      -1407889.75    
  0.479999989      -1205401.62    
  0.489999980       541680.000    
  0.500000000       1783938.75    
  0.509999990       19081.8125    
  0.519999981      -1780020.75    
  0.529999971      -15164.1250    
  0.539999962       1227094.75    
  0.550000012      -519987.625    
  0.560000002      -317496.875    
  0.569999993       1274006.75    
  0.579999983      -706515.812    
  0.589999974      -1820186.12    
  0.599999964       1674587.75    
  0.610000014       1841728.12    
  0.620000005      -2528613.75    
  0.629999995      -1279641.25    
  0.639999986       3265493.50    
  0.649999976       315586.750    
  0.659999967      -3860068.50    
  0.669999957       778757.125    
  0.680000007       4256343.50    
  0.689999998      -1796054.00    
  0.699999988      -4429927.00    
  0.709999979       2640930.75    
  0.719999969       4440082.00    
  0.729999959      -3278028.50    
  0.740000010      -4403779.00    
  0.750000000       3671810.25    
  0.759999990       4418618.50    
  0.769999981      -3777547.25    
  0.779999971      -4516010.00    
  0.789999962       3564146.00    
  0.799999952       4672431.50    
  0.810000002      -3030416.75    
  0.819999993      -4829739.00    
  0.829999983       2210001.25    
  0.839999974       4888756.50    
  0.849999964      -1173613.00    
  0.859999955      -4710980.00    
  0.870000005       25636.3750    
  0.879999995       4172776.50    
  0.889999986       1100781.88    
  0.899999976      -3251121.25    
  0.909999967      -2036935.00    
  0.919999957       2072560.50    
  0.930000007       2578045.25    
  0.939999998      -878594.125    
  0.949999988      -2536693.50    
  0.959999979      -79688.6250    
  0.969999969       1856630.12    
  0.979999959       656396.812    
  0.989999950      -713527.750    
   1.00000000      -870033.312    
   1.00999999      -495217.031    
