   9.99999978E-03  0.619106174    
   1.99999996E-02 -0.187719971    
   2.99999993E-02  0.649011791    
   3.99999991E-02 -0.703803480    
   4.99999970E-02  0.473786473    
   5.99999987E-02  0.505860567    
   7.00000003E-02  -2.08423781    
   7.99999982E-02   3.15248227    
   8.99999961E-02  -1.74952161    
   9.99999940E-02  -2.97663403    
  0.109999999       7.88026142    
  0.119999997      -6.13855696    
  0.129999995      -5.28131533    
  0.140000001       16.3935318    
  0.149999991      -9.45023632    
  0.159999996      -15.7994547    
  0.170000002       27.7094917    
  0.179999992       1.13271809    
  0.189999998      -38.9041672    
  0.199999988       21.1315956    
  0.209999993       39.6206970    
  0.219999999      -42.3804970    
  0.229999989      -33.9226913    
  0.239999995       57.5454865    
  0.250000000       28.5811749    
  0.259999990      -65.2406616    
  0.269999981      -28.8071022    
  0.280000001       65.0147324    
  0.289999992       36.0503998    
  0.299999982      -55.4177742    
  0.310000002      -46.9599609    
  0.319999993       35.0412216    
  0.329999983       53.5303116    
  0.340000004      -6.50543976    
  0.349999994      -46.5423279    
  0.359999985      -19.9655609    
  0.370000005       23.5433826    
  0.379999995       29.8926029    
  0.389999986       4.04883194    
  0.399999976      -17.6260185    
  0.409999996      -16.7687759    
  0.419999987      -2.74995470    
  0.429999977       8.10692978    
  0.439999998       9.33409500    
  0.449999988       4.43186045    
  0.459999979     -0.803982139    
  0.469999999      -3.39715672    
  0.479999989      -3.41948271    
  0.489999980      -2.26954532    
  0.500000000     -0.847191155    
  0.509999990     -0.162599236    
  0.519999981      0.924386621    
  0.529999971      0.239796773    
  0.539999962       1.66215181    
  0.550000012      0.512211859    
  0.560000002      0.489882946    
  0.569999993       3.08306122    
  0.579999983      -2.15277791    
  0.589999974       2.74945164    
  0.599999964       3.97661567    
  0.610000014      -6.88025856    
  0.620000005       7.13855839    
  0.629999995       6.28130484    
  0.639999986      -15.3935280    
  0.649999976       10.4502468    
  0.659999967       16.7994442    
  0.669999957      -26.7094917    
  0.680000007     -0.132712364    
  0.689999998       39.9041672    
  0.699999988      -20.1315956    
  0.709999979      -38.6207008    
  0.719999969       43.3804970    
  0.729999959       34.9226913    
  0.740000010      -56.5454979    
  0.750000000      -27.5811691    
  0.759999990       66.2406769    
  0.769999981       29.8070908    
  0.779999971      -64.0147400    
  0.789999962      -35.0503998    
  0.799999952       56.4177704    
  0.810000002       47.9599533    
  0.819999993      -34.0412292    
  0.829999983      -52.5303154    
  0.839999974       7.50544167    
  0.849999964       47.5423241    
  0.859999955       20.9655571    
  0.870000005      -22.5433788    
  0.879999995      -28.8926010    
  0.889999986      -3.04883575    
  0.899999976       18.6260109    
  0.909999967       17.7687740    
  0.919999957       3.74995828    
  0.930000007      -7.10694027    
  0.939999998      -8.33402538    
  0.949999988      -3.43215942    
  0.959999979       1.80515480    
  0.969999969       4.39289951    
  0.979999959       4.43348598    
  0.989999950       3.22789383    
   1.00000000       1.95838261    
   1.00999999      0.899266958    
