   9.99999978E-03   162786.125    
   1.99999996E-02  -27561.4375    
   2.99999993E-02  -217288.844    
   3.99999991E-02   39330.2344    
   4.99999970E-02   173016.125    
   5.99999987E-02  -123223.648    
   7.00000003E-02  -54302.3789    
   7.99999982E-02   231462.344    
   8.99999961E-02  -99951.9062    
   9.99999940E-02  -294938.938    
  0.109999999       260227.906    
  0.119999997       268692.062    
  0.129999995      -411091.750    
  0.140000001      -155099.375    
  0.149999991       540259.938    
  0.159999996      -9379.21875    
  0.170000002      -632748.312    
  0.179999992       184970.578    
  0.189999998       679913.750    
  0.199999988      -346380.000    
  0.209999993      -689812.500    
  0.219999999       479377.062    
  0.229999989       683346.375    
  0.239999995      -572497.438    
  0.250000000      -680183.688    
  0.259999990       616593.375    
  0.269999981       690142.688    
  0.280000001      -606830.250    
  0.289999992      -714059.875    
  0.299999982       541634.812    
  0.310000002       745273.500    
  0.319999993      -422856.531    
  0.329999983      -767495.562    
  0.340000004       258796.219    
  0.349999994       755970.562    
  0.359999985      -65369.6250    
  0.370000005      -687216.188    
  0.379999995      -133341.469    
  0.389999986       553169.688    
  0.399999976       302171.781    
  0.409999996      -369122.094    
  0.419999987      -397124.219    
  0.429999977       168398.906    
  0.439999998       383027.500    
  0.449999988       11953.1250    
  0.459999979      -260826.344    
  0.469999999      -143394.203    
  0.479999989       82649.0938    
  0.489999980       211542.344    
  0.500000000       65302.7734    
  0.509999990      -217290.031    
  0.519999981      -108280.125    
  0.529999971       174312.625    
  0.539999962       28073.1133    
  0.550000012      -100820.016    
  0.560000002       125223.242    
  0.569999993       7790.98438    
  0.579999983      -264988.500    
  0.589999974       106085.992    
  0.599999964       320714.719    
  0.610000014      -244808.922    
  0.620000005      -272810.375    
  0.629999995       398482.375    
  0.639999986       147486.922    
  0.649999976      -539028.625    
  0.659999967       14852.2969    
  0.669999957       636691.312    
  0.680000007      -184642.125    
  0.689999998      -681816.688    
  0.699999988       344459.969    
  0.709999979       689138.875    
  0.719999969      -479057.000    
  0.729999959      -682624.500    
  0.740000010       573045.375    
  0.750000000       680179.812    
  0.759999990      -616528.000    
  0.769999981      -690454.188    
  0.779999971       606571.000    
  0.789999962       714512.812    
  0.799999952      -542329.625    
  0.810000002      -744882.250    
  0.819999993       423597.750    
  0.829999983       765615.250    
  0.839999974      -256876.219    
  0.849999964      -755642.250    
  0.859999955       61422.0000    
  0.870000005       692681.500    
  0.879999995       132105.766    
  0.889999986      -560786.250    
  0.899999976      -289562.656    
  0.909999967       365002.531    
  0.919999957       381706.469    
  0.930000007      -142623.484    
  0.939999998      -389159.562    
  0.949999988      -45479.2656    
  0.959999979       307339.594    
  0.969999969       145393.703    
  0.979999959      -154843.125    
  0.989999950      -144138.875    
   1.00000000      -22324.6289    
   1.00999999       81448.4062    
