   9.99999978E-03  -44054852.0    
   1.99999996E-02   36206496.0    
   2.99999993E-02   64172824.0    
   3.99999991E-02  -38881040.0    
   4.99999970E-02  -61444828.0    
   5.99999987E-02   47172476.0    
   7.00000003E-02   37862544.0    
   7.99999982E-02  -60371936.0    
   8.99999961E-02  -1103472.00    
   9.99999940E-02   74455456.0    
  0.109999999      -39370504.0    
  0.119999997      -83684688.0    
  0.129999995       76365096.0    
  0.140000001       83378984.0    
  0.149999991      -106930888.    
  0.159999996      -72375392.0    
  0.170000002       131525744.    
  0.179999992       53643376.0    
  0.189999998      -151604528.    
  0.199999988      -32680428.0    
  0.209999993       167787072.    
  0.219999999       14834968.0    
  0.229999989      -179771184.    
  0.239999995      -3349296.00    
  0.250000000       187266528.    
  0.259999990      -826680.000    
  0.269999981      -190417792.    
  0.280000001      -2122496.00    
  0.289999992       189231264.    
  0.299999982       12003992.0    
  0.310000002      -182974160.    
  0.319999993      -28646920.0    
  0.329999983       170527568.    
  0.340000004       50897540.0    
  0.349999994      -151351200.    
  0.359999985      -75521032.0    
  0.370000005       125916136.    
  0.379999995       97029944.0    
  0.389999986      -95225648.0    
  0.399999976      -108941432.    
  0.409999996       60280240.0    
  0.419999987       106211072.    
  0.429999977      -22418516.0    
  0.439999998      -87816800.0    
  0.449999988      -15646602.0    
  0.459999979       58079236.0    
  0.469999999       49227100.0    
  0.479999989      -25767962.0    
  0.489999980      -72462672.0    
  0.500000000       1176800.00    
  0.509999990       80463376.0    
  0.519999981       7646504.00    
  0.529999971      -71639824.0    
  0.539999962       1999858.00    
  0.550000012       48694064.0    
  0.560000002      -26300040.0    
  0.569999993      -17448978.0    
  0.579999983       56277304.0    
  0.589999974      -15891594.0    
  0.599999964      -81293728.0    
  0.610000014       47341224.0    
  0.620000005       93268952.0    
  0.629999995      -75957104.0    
  0.639999986      -89658160.0    
  0.649999976       102577624.    
  0.659999967       73700264.0    
  0.669999957      -127715032.    
  0.680000007      -51940956.0    
  0.689999998       150364960.    
  0.699999988       30741332.0    
  0.709999979      -168548672.    
  0.719999969      -14044980.0    
  0.729999959       180860000.    
  0.740000010       3432944.00    
  0.750000000      -187490576.    
  0.759999990       518240.000    
  0.769999981       189781552.    
  0.779999971       2633024.00    
  0.789999962      -188717344.    
  0.799999952      -12892968.0    
  0.810000002       183690976.    
  0.819999993       29232024.0    
  0.829999983      -172582128.    
  0.839999974      -49664288.0    
  0.849999964       153110736.    
  0.859999955       71766368.0    
  0.870000005      -124569328.    
  0.879999995      -92685448.0    
  0.889999986       88926576.0    
  0.899999976       108518656.    
  0.909999967      -50700304.0    
  0.919999957      -114178608.    
  0.930000007       15585592.0    
  0.939999998       104815680.    
  0.949999988       11553296.0    
  0.959999979      -78493232.0    
  0.969999969      -28355718.0    
  0.979999959       38517760.0    
  0.989999950       35580908.0    
   1.00000000       6290061.00    
   1.00999999      -36610224.0    
