   9.99999978E-03  -62259032.0    
   1.99999996E-02   9149576.00    
   2.99999993E-02   82944704.0    
   3.99999991E-02  -7476628.00    
   4.99999970E-02  -82958208.0    
   5.99999987E-02   22345632.0    
   7.00000003E-02   64748648.0    
   7.99999982E-02  -50630432.0    
   8.99999961E-02  -34810320.0    
   9.99999940E-02   84022216.0    
  0.109999999       164532.000    
  0.119999997      -112618592.    
  0.129999995       34599176.0    
  0.140000001       129202976.    
  0.149999991      -67992296.0    
  0.159999996      -131989552.    
  0.170000002       100021056.    
  0.179999992       124425944.    
  0.189999998      -130023576.    
  0.199999988      -112528336.    
  0.209999993       155908224.    
  0.219999999       101724536.    
  0.229999989      -175225120.    
  0.239999995      -95108720.0    
  0.250000000       186635872.    
  0.259999990       93594400.0    
  0.269999981      -190093840.    
  0.280000001      -97034760.0    
  0.289999992       185699648.    
  0.299999982       105055352.    
  0.310000002      -172811424.    
  0.319999993      -117022352.    
  0.329999983       150641456.    
  0.340000004       131367232.    
  0.349999994      -119746560.    
  0.359999985      -144837856.    
  0.370000005       82778392.0    
  0.379999995       152315392.    
  0.389999986      -43732804.0    
  0.399999976      -147817904.    
  0.409999996       6492112.00    
  0.419999987       126885760.    
  0.429999977       26088452.0    
  0.439999998      -89509776.0    
  0.449999988      -52120608.0    
  0.459999979       41860808.0    
  0.469999999       70188896.0    
  0.479999989       4654482.00    
  0.489999980      -79198864.0    
  0.500000000      -37054712.0    
  0.509999990       78845952.0    
  0.519999981       45672304.0    
  0.529999971      -70228160.0    
  0.539999962      -28083614.0    
  0.550000012       55769040.0    
  0.560000002      -9764280.00    
  0.569999993      -38093312.0    
  0.579999983       55887960.0    
  0.589999974       18501166.0    
  0.599999964      -97101936.0    
  0.610000014       3700552.00    
  0.620000005       124093536.    
  0.629999995      -30225328.0    
  0.639999986      -134291840.    
  0.649999976       61738016.0    
  0.659999967       131273424.    
  0.669999957      -96304728.0    
  0.680000007      -121460960.    
  0.689999998       129694384.    
  0.699999988       110469744.    
  0.709999979      -157352096.    
  0.719999969      -101397152.    
  0.729999959       176490512.    
  0.740000010       95520592.0    
  0.750000000      -186761904.    
  0.759999990      -93799792.0    
  0.769999981       189252864.    
  0.779999971       97257744.0    
  0.789999962      -184835840.    
  0.799999952      -105995048.    
  0.810000002       173159728.    
  0.819999993       118300296.    
  0.829999983      -152858048.    
  0.839999974      -131087504.    
  0.849999964       122753072.    
  0.859999955       141186384.    
  0.870000005      -83456376.0    
  0.879999995      -146059424.    
  0.889999986       38625552.0    
  0.899999976       143425376.    
  0.909999967       4974012.00    
  0.919999957      -130750080.    
  0.930000007      -39162980.0    
  0.939999998       105823752.    
  0.949999988       57380524.0    
  0.959999979      -68515976.0    
  0.969999969      -57608464.0    
  0.979999959       22533604.0    
  0.989999950       43637832.0    
   1.00000000       24337844.0    
   1.00999999      -24023996.0    
