   9.99999978E-03   430694.188    
   1.99999996E-02   1748688.50    
   2.99999993E-02  -223032.125    
   3.99999991E-02  -1890875.00    
   4.99999970E-02   527695.438    
   5.99999987E-02   1377974.62    
   7.00000003E-02  -1269872.25    
   7.99999982E-02  -422581.688    
   8.99999961E-02   2116986.00    
   9.99999940E-02  -719455.062    
  0.109999999      -2668566.00    
  0.119999997       1878395.75    
  0.129999995       2676855.75    
  0.140000001      -2986875.25    
  0.149999991      -2154236.00    
  0.159999996       4006711.50    
  0.170000002       1309202.00    
  0.179999992      -4871671.50    
  0.189999998      -388243.000    
  0.199999988       5512440.50    
  0.209999993      -438228.500    
  0.219999999      -5918435.00    
  0.229999989       1078879.00    
  0.239999995       6149113.00    
  0.250000000      -1466602.75    
  0.259999990      -6280450.50    
  0.269999981       1537080.00    
  0.280000001       6348289.50    
  0.289999992      -1258709.50    
  0.299999982      -6330623.50    
  0.310000002       658252.250    
  0.319999993       6155492.00    
  0.329999983       192757.250    
  0.340000004      -5722479.00    
  0.349999994      -1198452.62    
  0.359999985       4951670.00    
  0.370000005       2226107.25    
  0.379999995      -3846656.75    
  0.389999986      -3076847.00    
  0.399999976       2518084.50    
  0.409999996       3498023.25    
  0.419999987      -1142762.00    
  0.429999977      -3276183.50    
  0.439999998      -101623.000    
  0.449999988       2380861.50    
  0.459999979       1076626.75    
  0.469999999      -1060634.88    
  0.479999989      -1692794.00    
  0.489999980      -205655.125    
  0.500000000       1914588.25    
  0.509999990       910071.688    
  0.519999981      -1771459.25    
  0.529999971      -766943.000    
  0.539999962       1353300.62    
  0.550000012      -133839.719    
  0.560000002      -765995.500    
  0.569999993       1371261.50    
  0.579999983       67032.4375    
  0.589999974      -2415462.00    
  0.599999964       759109.188    
  0.610000014       2892528.50    
  0.620000005      -1748271.38    
  0.629999995      -2728168.00    
  0.639999986       2866686.50    
  0.649999976       2096977.25    
  0.659999967      -3975861.00    
  0.669999957      -1250345.88    
  0.680000007       4900046.00    
  0.689999998       375513.500    
  0.699999988      -5539173.00    
  0.709999979       423428.500    
  0.719999969       5919822.00    
  0.729999959      -1067063.25    
  0.740000010      -6141239.00    
  0.750000000       1466210.75    
  0.759999990       6280958.00    
  0.769999981      -1543890.25    
  0.779999971      -6351433.00    
  0.789999962       1267035.50    
  0.799999952       6321072.00    
  0.810000002      -654874.250    
  0.819999993      -6139843.50    
  0.829999983      -219622.750    
  0.839999974       5734660.00    
  0.849999964       1226321.00    
  0.859999955      -5010792.50    
  0.870000005      -2195302.50    
  0.879999995       3903990.00    
  0.889999986       2956756.50    
  0.899999976      -2466692.00    
  0.909999967      -3367855.50    
  0.919999957       918815.500    
  0.930000007       3315834.00    
  0.939999998       400090.625    
  0.949999988      -2736420.00    
  0.959999979      -1178019.50    
  0.969999969       1672608.75    
  0.979999959       1298936.25    
  0.989999950      -331920.219    
   1.00000000      -924611.000    
   1.00999999      -932842.875    
