   9.99999978E-03   31744.5391    
   1.99999996E-02   22868.2910    
   2.99999993E-02  -36166.0977    
   3.99999991E-02  -18561.2168    
   4.99999970E-02   34602.6133    
   5.99999987E-02  -11992.0010    
   7.00000003E-02  -27008.6758    
   7.99999982E-02   50919.1992    
   8.99999961E-02   8784.51758    
   9.99999940E-02  -78360.0156    
  0.109999999       24084.2871    
  0.119999997       84528.6250    
  0.129999995      -68529.7734    
  0.140000001      -70628.0391    
  0.149999991       114275.344    
  0.159999996       42351.3438    
  0.170000002      -150937.812    
  0.179999992      -5425.16406    
  0.189999998       174691.109    
  0.199999988      -33912.5938    
  0.209999993      -187912.141    
  0.219999999       68622.7891    
  0.229999989       194775.000    
  0.239999995      -92992.0625    
  0.250000000      -198766.031    
  0.259999990       104012.273    
  0.269999981       202409.000    
  0.280000001      -100372.828    
  0.289999992      -206189.094    
  0.299999982       81634.0000    
  0.310000002       207728.312    
  0.319999993      -48816.3203    
  0.329999983      -202675.344    
  0.340000004       5675.21875    
  0.349999994       185991.594    
  0.359999985       40618.9102    
  0.370000005      -153308.141    
  0.379999995      -80560.9219    
  0.389999986       104189.336    
  0.399999976       105003.148    
  0.409999996      -45805.8203    
  0.419999987      -107267.539    
  0.429999977      -7345.66992    
  0.439999998       85012.4453    
  0.449999988       40331.8594    
  0.459999979      -43134.0391    
  0.469999999      -47243.1680    
  0.479999989      -4311.24121    
  0.489999980       35491.4922    
  0.500000000       37850.6250    
  0.509999990      -20787.7793    
  0.519999981      -42699.3047    
  0.529999971       15939.0850    
  0.539999962       18298.2148    
  0.550000012      -21504.4824    
  0.560000002       21427.4512    
  0.569999993       25536.5469    
  0.579999983      -57929.3594    
  0.589999974      -13248.7305    
  0.599999964       79109.4062    
  0.610000014      -20812.5137    
  0.620000005      -82274.2578    
  0.629999995       68534.7578    
  0.639999986       69348.6172    
  0.649999976      -115401.750    
  0.659999967      -42654.3945    
  0.669999957       151272.375    
  0.680000007       5900.42578    
  0.689999998      -174417.422    
  0.699999988       33935.7812    
  0.709999979       187790.656    
  0.719999969      -68748.1250    
  0.729999959      -194849.203    
  0.740000010       92978.3516    
  0.750000000       198798.750    
  0.759999990      -104003.773    
  0.769999981      -202358.156    
  0.779999971       100362.703    
  0.789999962       206179.438    
  0.799999952      -81562.1875    
  0.810000002      -207860.328    
  0.819999993       48933.9141    
  0.829999983       202694.344    
  0.839999974      -5949.53906    
  0.849999964      -185517.734    
  0.859999955      -40952.1367    
  0.870000005       153004.781    
  0.879999995       81689.1484    
  0.889999986      -105468.844    
  0.899999976      -105006.125    
  0.909999967       48060.1875    
  0.919999957       103997.734    
  0.930000007       8095.03711    
  0.939999998      -80546.2031    
  0.949999988      -47341.9961    
  0.959999979       44608.1562    
  0.969999969       56678.6016    
  0.979999959      -8784.88477    
  0.989999950      -35754.4727    
   1.00000000      -17621.6152    
   1.00999999       956.746094    
