   9.99999978E-03   47.6228943    
   1.99999996E-02   114.984650    
   2.99999993E-02  -28.8003883    
   3.99999991E-02  -27.2840042    
   4.99999970E-02   88.0936966    
   5.99999987E-02  -132.773239    
   7.00000003E-02  -52.5540237    
   7.99999982E-02   233.676544    
   8.99999961E-02  -163.507416    
   9.99999940E-02  -176.843552    
  0.109999999       422.798553    
  0.119999997      -79.6447601    
  0.129999995      -522.591553    
  0.140000001       486.537537    
  0.149999991       394.295410    
  0.159999996      -870.444641    
  0.170000002      -49.0501709    
  0.179999992       1120.74634    
  0.189999998      -403.269165    
  0.199999988      -1206.64941    
  0.209999993       845.424377    
  0.219999999       1177.25842    
  0.229999989      -1194.31702    
  0.239999995      -1115.79675    
  0.250000000       1408.50525    
  0.259999990       1096.93359    
  0.269999981      -1470.09106    
  0.280000001      -1158.51904    
  0.289999992       1365.78271    
  0.299999982       1287.26208    
  0.310000002      -1084.31384    
  0.319999993      -1416.14624    
  0.329999983       635.923706    
  0.340000004       1439.31519    
  0.349999994      -84.7296143    
  0.359999985      -1254.45728    
  0.370000005      -433.208893    
  0.379999995       831.806519    
  0.389999986       739.120728    
  0.399999976      -269.444092    
  0.409999996      -712.810181    
  0.419999987      -210.697906    
  0.429999977       390.884155    
  0.439999998       400.165588    
  0.449999988       8.05831909    
  0.459999979      -280.388947    
  0.469999999      -206.685944    
  0.479999989       32.3521500    
  0.489999980       125.954735    
  0.500000000       127.705246    
  0.509999990       21.3667259    
  0.519999981      -114.612602    
  0.529999971      -8.27416229    
  0.539999962      -6.52361679    
  0.550000012      -100.126038    
  0.560000002       138.911850    
  0.569999993       65.2086945    
  0.579999983      -223.238144    
  0.589999974       168.869034    
  0.599999964       178.150192    
  0.610000014      -423.431702    
  0.620000005       78.6808472    
  0.629999995       522.046631    
  0.639999986      -486.518311    
  0.649999976      -393.832245    
  0.659999967       871.183350    
  0.669999957       49.9346313    
  0.680000007      -1119.79346    
  0.689999998       404.251892    
  0.699999988       1207.64355    
  0.709999979      -844.426636    
  0.719999969      -1176.25916    
  0.729999959       1195.31714    
  0.740000010       1116.79663    
  0.750000000      -1407.50537    
  0.759999990      -1095.93359    
  0.769999981       1471.09094    
  0.779999971       1159.51904    
  0.789999962      -1364.78259    
  0.799999952      -1286.26184    
  0.810000002       1085.31323    
  0.819999993       1417.14819    
  0.829999983      -634.929688    
  0.839999974      -1438.29761    
  0.849999964       85.6831665    
  0.859999955       1255.57288    
  0.870000005       433.947144    
  0.879999995      -830.269775    
  0.889999986      -739.101257    
  0.899999976       271.988953    
  0.909999967       711.846008    
  0.919999957       213.331131    
  0.930000007      -389.577148    
  0.939999998      -403.527161    
  0.949999988       2.37991333    
  0.959999979       269.734009    
  0.969999969       212.824524    
  0.979999959      -18.3196487    
  0.989999950      -159.762253    
   1.00000000      -88.6306763    
   1.00999999      -20.9947338    
