   9.99999978E-03  -724.345032    
   1.99999996E-02   1065.91113    
   2.99999993E-02   1048.57190    
   3.99999991E-02  -1055.46143    
   4.99999970E-02   264.149963    
   5.99999987E-02   935.699219    
   7.00000003E-02  -2067.83008    
   7.99999982E-02  -42.5128784    
   8.99999961E-02   3005.13208    
   9.99999940E-02  -1959.82837    
  0.109999999      -2470.97192    
  0.119999997       4406.68799    
  0.129999995       553.655151    
  0.140000001      -6140.69775    
  0.149999991       2388.11108    
  0.159999996       6553.58984    
  0.170000002      -5726.41699    
  0.179999992      -5752.37012    
  0.189999998       8753.19238    
  0.199999988       4185.27783    
  0.209999993      -11062.2012    
  0.219999999      -2413.92578    
  0.229999989       12633.2100    
  0.239999995       1031.11768    
  0.250000000      -13555.3916    
  0.259999990      -429.479004    
  0.269999981       13940.6758    
  0.280000001       814.893066    
  0.289999992      -13771.8232    
  0.299999982      -2169.34204    
  0.310000002       12877.2129    
  0.319999993       4229.62305    
  0.329999983      -11018.2842    
  0.340000004      -6450.96777    
  0.349999994       8057.29004    
  0.359999985       8077.76660    
  0.370000005      -4195.14844    
  0.379999995      -8364.70020    
  0.389999986       157.266602    
  0.399999976       6875.64062    
  0.409999996       2986.94238    
  0.419999987      -3869.62988    
  0.429999977      -4347.84473    
  0.439999998       513.612915    
  0.449999988       3679.66333    
  0.459999979       1653.36890    
  0.469999999      -1572.12988    
  0.479999989      -1898.18774    
  0.489999980      -687.731873    
  0.500000000       958.415161    
  0.509999990       1744.88123    
  0.519999981      -294.191864    
  0.529999971      -1080.65808    
  0.539999962       565.487366    
  0.550000012      -644.967651    
  0.560000002      -971.023438    
  0.569999993       2254.47388    
  0.579999983       228.177063    
  0.589999974      -2937.87134    
  0.599999964       1923.58813    
  0.610000014       2401.80127    
  0.620000005      -4454.77246    
  0.629999995      -566.071533    
  0.639999986       6152.30420    
  0.649999976      -2369.66699    
  0.659999967      -6539.21875    
  0.669999957       5733.70068    
  0.680000007       5754.17578    
  0.689999998      -8754.08496    
  0.699999988      -4186.76758    
  0.709999979       11061.1445    
  0.719999969       2413.55127    
  0.729999959      -12633.0068    
  0.740000010      -1030.52295    
  0.750000000       13556.1855    
  0.759999990       430.430176    
  0.769999981      -13939.7920    
  0.779999971      -813.713867    
  0.789999962       13772.4082    
  0.799999952       2171.13403    
  0.810000002      -12877.5879    
  0.819999993      -4226.56445    
  0.829999983       11016.7930    
  0.839999974       6453.85840    
  0.849999964      -8055.48535    
  0.859999955      -8083.04834    
  0.870000005       4209.52246    
  0.879999995       8348.25488    
  0.889999986      -145.663818    
  0.899999976      -6861.22510    
  0.909999967      -3035.02588    
  0.919999957       3940.80078    
  0.930000007       4311.60400    
  0.939999998      -578.873169    
  0.949999988      -3493.99805    
  0.959999979      -1838.01245    
  0.969999969       1536.80371    
  0.979999959       2281.00464    
  0.989999950       197.758698    
   1.00000000      -924.327759    
   1.00999999      -973.161743    
