   9.99999978E-03   4188.23340    
   1.99999996E-02   6045.36719    
   2.99999993E-02  -4034.52075    
   3.99999991E-02  -4550.87109    
   4.99999970E-02   5163.53418    
   5.99999987E-02  -2113.35352    
   7.00000003E-02  -5960.63281    
   7.99999982E-02   9879.61133    
   8.99999961E-02   3235.54297    
   9.99999940E-02  -15106.7070    
  0.109999999       4413.31494    
  0.119999997       16225.3984    
  0.129999995      -15000.6699    
  0.140000001      -12986.8770    
  0.149999991       25051.8359    
  0.159999996       5796.98340    
  0.170000002      -32326.3887    
  0.179999992       3984.10156    
  0.189999998       36499.0586    
  0.199999988      -14152.8379    
  0.209999993      -38182.0312    
  0.219999999       22806.6855    
  0.229999989       38413.4961    
  0.239999995      -28871.6406    
  0.250000000      -38432.0664    
  0.259999990       31755.0547    
  0.269999981       39127.0156    
  0.280000001      -31059.0488    
  0.289999992      -40618.0234    
  0.299999982       26663.8633    
  0.310000002       42277.6484    
  0.319999993      -18719.6836    
  0.329999983      -42743.8828    
  0.340000004       7916.36035    
  0.349999994       40401.4414    
  0.359999985       4137.54004    
  0.370000005      -34019.0547    
  0.379999995      -14795.2520    
  0.389999986       23372.0703    
  0.399999976       21181.0430    
  0.409999996      -9981.35156    
  0.419999987      -21559.7949    
  0.429999977      -2547.83203    
  0.439999998       16167.0996    
  0.449999988       9882.98242    
  0.459999979      -7152.14990    
  0.469999999      -9958.33398    
  0.479999989      -2014.26416    
  0.489999980       5079.74561    
  0.500000000       7695.69434    
  0.509999990      -556.670898    
  0.519999981      -7817.79785    
  0.529999971       434.565430    
  0.539999962       3050.51270    
  0.550000012      -4043.49023    
  0.560000002       3900.57959    
  0.569999993       6706.75391    
  0.579999983      -10328.3789    
  0.589999974      -4044.25342    
  0.599999964       14670.6787    
  0.610000014      -4341.29395    
  0.620000005      -15919.7373    
  0.629999995       15242.6689    
  0.639999986       13051.6387    
  0.649999976      -25115.6914    
  0.659999967      -5891.88672    
  0.669999957       32264.7148    
  0.680000007      -3999.19141    
  0.689999998      -36484.2891    
  0.699999988       14175.9844    
  0.709999979       38200.1523    
  0.719999969      -22797.0977    
  0.729999959      -38411.1484    
  0.740000010       28871.3008    
  0.750000000       38429.1680    
  0.759999990      -31754.8223    
  0.769999981      -39130.2500    
  0.779999971       31061.8711    
  0.789999962       40616.5625    
  0.799999952      -26664.7695    
  0.810000002      -42268.2969    
  0.819999993       18703.4727    
  0.829999983       42766.9844    
  0.839999974      -7929.14941    
  0.849999964      -40416.5430    
  0.859999955      -4073.86328    
  0.870000005       33924.1484    
  0.879999995       14861.0947    
  0.889999986      -23307.3105    
  0.899999976      -21421.0332    
  0.909999967       10287.0195    
  0.919999957       21489.7715    
  0.930000007       2111.79980    
  0.939999998      -15356.3877    
  0.949999988      -10331.7500    
  0.959999979       6408.02490    
  0.969999969       11745.5557    
  0.979999959       896.222656    
  0.989999950      -6580.10010    
   1.00000000      -4093.73779    
   1.00999999      -1215.76331    
