   9.99999978E-03  0.177739635    
   1.99999996E-02  -9.89549682E-02
   2.99999993E-02  0.303138852    
   3.99999991E-02 -0.502819180    
   4.99999970E-02  0.686472297    
   5.99999987E-02 -0.570694268    
   7.00000003E-02 -0.177402496    
   7.99999982E-02   1.60081744    
   8.99999961E-02  -2.84935999    
   9.99999940E-02   2.11962342    
  0.109999999       1.78555894    
  0.119999997      -6.62411118    
  0.129999995       6.26122522    
  0.140000001       3.09689426    
  0.149999991      -13.7529411    
  0.159999996       9.51902580    
  0.170000002       11.8517456    
  0.179999992      -23.5669212    
  0.189999998      0.336170197    
  0.199999988       31.6256599    
  0.209999993      -16.9865913    
  0.219999999      -32.4516830    
  0.229999989       31.7571297    
  0.239999995       29.8449059    
  0.250000000      -41.1998634    
  0.259999990      -28.6208496    
  0.269999981       44.0925293    
  0.280000001       31.5135078    
  0.289999992      -39.5312614    
  0.299999982      -37.6190300    
  0.310000002       26.5897732    
  0.319999993       42.0548553    
  0.329999983      -6.55739117    
  0.340000004      -37.8468819    
  0.349999994      -13.9437981    
  0.359999985       21.4748688    
  0.370000005       23.8075867    
  0.379999995      0.535619736    
  0.389999986      -16.3142185    
  0.399999976      -13.1498852    
  0.409999996     -0.264547586    
  0.419999987       8.14512157    
  0.429999977       7.81105614    
  0.439999998       2.84207511    
  0.449999988      -1.60813022    
  0.459999979      -3.38622308    
  0.469999999      -2.99344254    
  0.479999989      -1.73436725    
  0.489999980     -0.551471651    
  0.500000000      0.273669958    
  0.509999990      0.624745727    
  0.519999981       1.01977479    
  0.529999971      0.668700218    
  0.539999962       1.49383986    
  0.550000012      0.310942709    
  0.560000002       1.57001948    
  0.569999993       1.17724192    
  0.579999983     -0.600852489    
  0.589999974       3.84935164    
  0.599999964      -1.11962366    
  0.610000014     -0.785555840    
  0.620000005       7.62410593    
  0.629999995      -5.26122713    
  0.639999986      -2.09688497    
  0.649999976       14.7529383    
  0.659999967      -8.51903343    
  0.669999957      -10.8517370    
  0.680000007       24.5669193    
  0.689999998      0.663825989    
  0.699999988      -30.6256638    
  0.709999979       17.9865875    
  0.719999969       33.4516830    
  0.729999959      -30.7571297    
  0.740000010      -28.8449059    
  0.750000000       42.1998711    
  0.759999990       29.6208420    
  0.769999981      -43.0925407    
  0.779999971      -30.5135078    
  0.789999962       40.5312653    
  0.799999952       38.6190262    
  0.810000002      -25.5897751    
  0.819999993      -41.0548553    
  0.829999983       7.55739403    
  0.839999974       38.8468781    
  0.849999964       14.9437923    
  0.859999955      -20.4748650    
  0.870000005      -22.8075848    
  0.879999995      0.464377403    
  0.889999986       17.3142128    
  0.899999976       14.1498852    
  0.909999967       1.26454997    
  0.919999957      -7.14512014    
  0.930000007      -6.81105566    
  0.939999998      -1.84207106    
  0.949999988       2.60809302    
  0.959999979       4.38638258    
  0.969999969       3.99276948    
  0.979999959       2.73695278    
  0.989999950       1.54249215    
   1.00000000      0.754491687    
   1.00999999      0.296074659    
