   9.99999978E-03  -218.250259    
   1.99999996E-02  -225.059586    
   2.99999993E-02   199.747833    
   3.99999991E-02   44.7430267    
   4.99999970E-02  -169.176117    
   5.99999987E-02   363.141479    
   7.00000003E-02  -10.4955597    
   7.99999982E-02  -558.108948    
   8.99999961E-02   470.076202    
   9.99999940E-02   333.628265    
  0.109999999      -982.562744    
  0.119999997       279.673645    
  0.129999995       1171.76367    
  0.140000001      -1113.53564    
  0.149999991      -869.928894    
  0.159999996       1917.87354    
  0.170000002       181.003967    
  0.179999992      -2452.28369    
  0.189999998       715.263855    
  0.199999988       2682.10864    
  0.209999993      -1590.51685    
  0.219999999      -2690.06738    
  0.229999989       2285.93311    
  0.239999995       2623.95508    
  0.250000000      -2712.82324    
  0.259999990      -2615.66797    
  0.269999981       2828.24463    
  0.280000001       2731.08911    
  0.289999992      -2605.69141    
  0.299999982      -2943.70776    
  0.310000002       2032.27905    
  0.319999993       3131.86328    
  0.329999983      -1140.84106    
  0.340000004      -3107.52246    
  0.349999994       59.7230225    
  0.359999985       2693.49121    
  0.370000005       956.015503    
  0.379999995      -1831.33704    
  0.389999986      -1587.38562    
  0.399999976       695.849121    
  0.409999996       1592.34119    
  0.419999987       324.338989    
  0.429999977      -988.669067    
  0.439999998      -846.296997    
  0.449999988       162.395905    
  0.459999979       736.719360    
  0.469999999       352.117432    
  0.479999989      -214.052261    
  0.489999980      -347.333374    
  0.500000000      -261.139099    
  0.509999990       121.138275    
  0.519999981       317.362427    
  0.529999971      -64.9147949    
  0.539999962       21.2792854    
  0.550000012       154.559906    
  0.560000002      -411.609192    
  0.569999993      -27.0070801    
  0.579999983       547.315674    
  0.589999974      -461.377167    
  0.599999964      -319.004364    
  0.610000014       994.003418    
  0.620000005      -273.999359    
  0.629999995      -1170.49109    
  0.639999986       1112.74402    
  0.649999976       868.792175    
  0.659999967      -1918.56128    
  0.669999957      -181.084717    
  0.680000007       2452.68433    
  0.689999998      -714.562012    
  0.699999988      -2681.24365    
  0.709999979       1591.46204    
  0.719999969       2691.04639    
  0.729999959      -2284.94092    
  0.740000010      -2622.95752    
  0.750000000       2713.82300    
  0.759999990       2616.66772    
  0.769999981      -2827.24463    
  0.779999971      -2730.08838    
  0.789999962       2606.68823    
  0.799999952       2944.71533    
  0.810000002      -2031.30029    
  0.819999993      -3130.80762    
  0.829999983       1141.70715    
  0.839999974       3108.81982    
  0.849999964      -59.3232422    
  0.859999955      -2691.41040    
  0.870000005      -956.702026    
  0.879999995       1834.47424    
  0.889999986       1586.59351    
  0.899999976      -695.121948    
  0.909999967      -1586.66663    
  0.919999957      -333.779785    
  0.930000007       1003.29248    
  0.939999998       839.597839    
  0.949999988      -173.188812    
  0.959999979      -697.216187    
  0.969999969      -400.585266    
  0.979999959       230.668015    
  0.989999950       413.355469    
   1.00000000       128.306152    
   1.00999999      -28.8352737    
