   9.99999978E-03  -13578760.0    
   1.99999996E-02  -6109802.50    
   2.99999993E-02   16628915.0    
   3.99999991E-02   7187181.50    
   4.99999970E-02  -17039404.0    
   5.99999987E-02  -2247091.00    
   7.00000003E-02   15379834.0    
   7.99999982E-02  -7098892.00    
   8.99999961E-02  -12255288.0    
   9.99999940E-02   17816350.0    
  0.109999999       7867954.50    
  0.119999997      -26930746.0    
  0.129999995      -2024012.00    
  0.140000001       32779166.0    
  0.149999991      -5394496.00    
  0.159999996      -35359040.0    
  0.170000002       13925128.0    
  0.179999992       35732128.0    
  0.189999998      -22474766.0    
  0.199999988      -35093224.0    
  0.209999993       29788114.0    
  0.219999999       34234244.0    
  0.229999989      -35020836.0    
  0.239999995      -33606856.0    
  0.250000000       37941288.0    
  0.259999990       33570632.0    
  0.269999981      -38665128.0    
  0.280000001      -34379724.0    
  0.289999992       37244664.0    
  0.299999982       35961024.0    
  0.310000002      -33503194.0    
  0.319999993      -37851192.0    
  0.329999983       27237028.0    
  0.340000004       39393872.0    
  0.349999994      -18612324.0    
  0.359999985      -39910116.0    
  0.370000005       8474077.00    
  0.379999995       38643872.0    
  0.389999986       1666907.00    
  0.399999976      -34706336.0    
  0.409999996      -10050147.0    
  0.419999987       27372590.0    
  0.429999977       15320907.0    
  0.439999998      -16723723.0    
  0.449999988      -17063622.0    
  0.459999979       4195595.00    
  0.469999999       15917830.0    
  0.479999989       7481406.00    
  0.489999980      -13263581.0    
  0.500000000      -15137762.0    
  0.509999990       10672208.0    
  0.519999981       16485315.0    
  0.529999971      -9324664.00    
  0.539999962      -11198872.0    
  0.550000012       9546168.00    
  0.560000002       1109621.50    
  0.569999993      -10612472.0    
  0.579999983       10646655.0    
  0.589999974       10986473.0    
  0.599999964      -21057784.0    
  0.610000014      -9006835.00    
  0.620000005       28416774.0    
  0.629999995       3760245.00    
  0.639999986      -32614076.0    
  0.649999976       4365830.00    
  0.659999967       34531744.0    
  0.669999957      -13850490.0    
  0.680000007      -35144440.0    
  0.689999998       22850504.0    
  0.699999988       35020992.0    
  0.709999979      -30070596.0    
  0.719999969      -34438376.0    
  0.729999959       35066480.0    
  0.740000010       33750600.0    
  0.750000000      -37894752.0    
  0.759999990      -33517532.0    
  0.769999981       38612004.0    
  0.779999971       34241368.0    
  0.789999962      -37121892.0    
  0.799999952      -35974420.0    
  0.810000002       33339700.0    
  0.819999993       38153448.0    
  0.829999983      -27312626.0    
  0.839999974      -39783232.0    
  0.849999964       19188760.0    
  0.859999955       39831616.0    
  0.870000005      -9299407.00    
  0.879999995      -37611296.0    
  0.889999986      -1498872.00    
  0.899999976       32971160.0    
  0.909999967       11535829.0    
  0.919999957      -26234562.0    
  0.930000007      -18563074.0    
  0.939999998       17992154.0    
  0.949999988       20611296.0    
  0.959999979      -8962864.00    
  0.969999969      -17055152.0    
  0.979999959       11951.5000    
  0.989999950       9251944.00    
   1.00000000       7833526.00    
   1.00999999      -296687.500    
