   9.99999978E-03  -41322920.0    
   1.99999996E-02  -100607760.    
   2.99999993E-02   35577980.0    
   3.99999991E-02   115898448.    
   4.99999970E-02  -44191092.0    
   5.99999987E-02  -98945512.0    
   7.00000003E-02   68267936.0    
   7.99999982E-02   57003560.0    
   8.99999961E-02  -102154056.    
   9.99999940E-02  -2215912.00    
  0.109999999       135516416.    
  0.119999997      -54100288.0    
  0.129999995      -157748832.    
  0.140000001       105462208.    
  0.149999991       162693280.    
  0.159999996      -150500208.    
  0.170000002      -151129904.    
  0.179999992       190170800.    
  0.189999998       129678704.    
  0.199999988      -224672064.    
  0.209999993      -107007816.    
  0.219999999       252526224.    
  0.229999989       89889040.0    
  0.239999995      -271847872.    
  0.250000000      -81426144.0    
  0.259999990       281718240.    
  0.269999981       81912840.0    
  0.280000001      -282013344.    
  0.289999992      -90786176.0    
  0.299999982       272277984.    
  0.310000002       107636416.    
  0.319999993      -251464928.    
  0.329999983      -131448048.    
  0.340000004       219128720.    
  0.349999994       158922912.    
  0.359999985      -176696416.    
  0.370000005      -183489504.    
  0.379999995       127304880.    
  0.389999986       196190768.    
  0.399999976      -74464576.0    
  0.409999996      -188623232.    
  0.419999987       21157040.0    
  0.429999977       156939328.    
  0.439999998       29691856.0    
  0.449999988      -104983456.    
  0.459999979      -74101120.0    
  0.469999999       44586752.0    
  0.479999989       106802112.    
  0.489999980       7711968.00    
  0.500000000      -122654176.    
  0.509999990      -36394748.0    
  0.519999981       119040616.    
  0.529999971       32780924.0    
  0.539999962      -97584104.0    
  0.550000012       1504976.00    
  0.560000002       63721212.0    
  0.569999993      -54965976.0    
  0.579999983      -24086860.0    
  0.589999974       110594080.    
  0.599999964      -16658436.0    
  0.610000014      -152441936.    
  0.620000005       57350688.0    
  0.629999995       171487744.    
  0.639999986      -99150232.0    
  0.649999976      -168026912.    
  0.659999967       142717312.    
  0.669999957       149582576.    
  0.680000007      -186068592.    
  0.689999998      -125942456.    
  0.699999988       224824832.    
  0.709999979       104643176.    
  0.719999969      -254538496.    
  0.729999959      -89480880.0    
  0.740000010       273097088.    
  0.750000000       81862608.0    
  0.759999990      -281218592.    
  0.769999981      -82580192.0    
  0.779999971       280731904.    
  0.789999962       92028016.0    
  0.799999952      -272199936.    
  0.810000002      -109232552.    
  0.819999993       253909872.    
  0.829999983       131435960.    
  0.839999974      -223055392.    
  0.849999964      -154900256.    
  0.859999955       178275536.    
  0.870000005       175778720.    
  0.879999995      -121920984.    
  0.889999986      -189869472.    
  0.899999976       60708228.0    
  0.909999967       191851936.    
  0.919999957      -4243824.00    
  0.930000007      -175814784.    
  0.939999998      -38126844.0    
  0.949999988       137905744.    
  0.959999979       60802392.0    
  0.969999969      -79810368.0    
  0.979999959      -64116752.0    
  0.989999950       10601188.0    
   1.00000000       54294264.0    
   1.00999999       54827148.0    
