   9.99999978E-03  -1035636.06    
   1.99999996E-02   1680483.25    
   2.99999993E-02   1684528.00    
   3.99999991E-02  -1834463.00    
   4.99999970E-02  -1265997.75    
   5.99999987E-02   1959920.50    
   7.00000003E-02  -45567.5000    
   7.99999982E-02  -2022030.62    
   8.99999961E-02   1754647.00    
   9.99999940E-02   1854241.25    
  0.109999999      -3334305.50    
  0.119999997      -1260760.25    
  0.129999995       4473459.00    
  0.140000001       169849.250    
  0.149999991      -5132621.00    
  0.159999996       1282994.38    
  0.170000002       5425838.00    
  0.179999992      -2819042.75    
  0.189999998      -5477333.00    
  0.199999988       4173996.50    
  0.209999993       5375153.00    
  0.219999999      -5208337.50    
  0.229999989      -5208807.00    
  0.239999995       5890784.50    
  0.250000000       5095002.00    
  0.259999990      -6216147.50    
  0.269999981      -5139757.00    
  0.280000001       6164456.00    
  0.289999992       5375294.00    
  0.299999982      -5716290.00    
  0.310000002      -5733709.00    
  0.319999993       4865484.00    
  0.329999983       6073885.50    
  0.340000004      -3617366.50    
  0.349999994      -6234541.50    
  0.359999985       2022360.25    
  0.370000005       6079801.00    
  0.379999995      -247488.000    
  0.389999986      -5516853.50    
  0.399999976      -1395949.75    
  0.409999996       4494129.50    
  0.419999987       2538215.50    
  0.429999977      -3019799.75    
  0.439999998      -2921576.00    
  0.449999988       1223077.75    
  0.459999979       2550645.50    
  0.469999999       592605.312    
  0.479999989      -1721733.75    
  0.489999980      -1993049.62    
  0.500000000       900885.438    
  0.509999990       2578549.00    
  0.519999981      -507276.375    
  0.529999971      -2184940.50    
  0.539999962       708995.438    
  0.550000012       980308.125    
  0.560000002      -1334025.75    
  0.569999993       624008.500    
  0.579999983       1951584.75    
  0.589999974      -2193080.75    
  0.599999964      -2094852.25    
  0.610000014       3463175.75    
  0.620000005       1507223.00    
  0.629999995      -4382782.00    
  0.639999986      -261980.125    
  0.649999976       5007471.50    
  0.659999967      -1319796.12    
  0.669999957      -5377475.00    
  0.680000007       2879920.75    
  0.689999998       5496501.50    
  0.699999988      -4194492.50    
  0.709999979      -5402219.50    
  0.719999969       5195064.50    
  0.729999959       5214952.50    
  0.740000010      -5877672.50    
  0.750000000      -5091348.50    
  0.759999990       6220096.50    
  0.769999981       5136119.50    
  0.779999971      -6175340.00    
  0.789999962      -5365019.00    
  0.799999952       5711188.00    
  0.810000002       5722906.00    
  0.819999993      -4836505.50    
  0.829999983      -6093706.00    
  0.839999974       3597940.75    
  0.849999964       6294824.00    
  0.859999955      -2071216.00    
  0.870000005      -6116838.50    
  0.879999995       372619.000    
  0.889999986       5424805.50    
  0.899999976       1305376.00    
  0.909999967      -4247590.50    
  0.919999957      -2667044.00    
  0.930000007       2779200.00    
  0.939999998       3360006.00    
  0.949999988      -1293534.75    
  0.959999979      -3129092.25    
  0.969999969       33283.4375    
  0.979999959       2007419.25    
  0.989999950       867578.875    
   1.00000000      -400471.406    
   1.00999999      -1405342.12    
