   9.99999978E-03   4.44089210E-16
   1.99999996E-02  -2.28705943E-14
   2.99999993E-02   1.12598819E-12
   3.99999991E-02  -3.52449181E-11
   4.99999970E-02   7.86925192E-10
   5.99999987E-02  -1.33268330E-08
   7.00000003E-02   1.77688435E-07
   7.99999982E-02  -1.91057916E-06
   8.99999961E-02   1.68296265E-05
   9.99999940E-02  -1.22650672E-04
  0.109999999       7.43358512E-04
  0.119999997      -3.74999922E-03
  0.129999995       1.56857576E-02
  0.140000001      -5.38661405E-02
  0.149999991      0.148938760    
  0.159999996     -0.319202006    
  0.170000002      0.486523449    
  0.179999992     -0.390406489    
  0.189999998     -0.247997552    
  0.199999988       1.12755299    
  0.209999993      -1.04031312    
  0.219999999     -0.724331200    
  0.229999989       2.14167213    
  0.239999995     -0.277957678    
  0.250000000      -2.65064716    
  0.259999990      0.915384173    
  0.269999981       2.92196798    
  0.280000001     -0.644063473    
  0.289999992      -3.01675272    
  0.299999982     -0.597122908    
  0.310000002       2.26888061    
  0.319999993       1.95289886    
  0.329999983     -0.214966893    
  0.340000004      -1.59051752    
  0.349999994      -1.44810867    
  0.359999985     -0.571178555    
  0.370000005      0.234547138    
  0.379999995      0.702687621    
  0.389999986      0.905492246    
  0.399999976      0.975044310    
  0.409999996      0.994480014    
  0.419999987      0.998973489    
  0.429999977      0.999839544    
  0.439999998      0.999979019    
  0.449999988      0.999997735    
  0.459999979      0.999999881    
  0.469999999       1.00000000    
  0.479999989       1.00000000    
  0.489999980       1.00000000    
  0.500000000       1.00000000    
  0.509999990       1.00000000    
  0.519999981       1.00000000    
  0.529999971       1.00000000    
  0.539999962       1.00000000    
  0.550000012       1.00000000    
  0.560000002       1.00000000    
  0.569999993      0.999999881    
  0.579999983       1.00000179    
  0.589999974      0.999983251    
  0.599999964       1.00012267    
  0.610000014      0.999256551    
  0.620000005       1.00374985    
  0.629999995      0.984314322    
  0.639999986       1.05386615    
  0.649999976      0.851061344    
  0.659999967       1.31920171    
  0.669999957      0.513476849    
  0.680000007       1.39040685    
  0.689999998       1.24799705    
  0.699999988     -0.127553195    
  0.709999979       2.04031348    
  0.719999969       1.72433126    
  0.729999959      -1.14167213    
  0.740000010       1.27795792    
  0.750000000       3.65064621    
  0.759999990       8.46155882E-02
  0.769999981      -1.92196751    
  0.779999971       1.64406371    
  0.789999962       4.01675272    
  0.799999952       1.59712267    
  0.810000002      -1.26888061    
  0.819999993     -0.952898920    
  0.829999983       1.21496701    
  0.839999974       2.59051728    
  0.849999964       2.44810843    
  0.859999955       1.57117856    
  0.870000005      0.765453100    
  0.879999995      0.297312409    
  0.889999986       9.45075378E-02
  0.899999976       2.49556378E-02
  0.909999967       5.51988184E-03
  0.919999957       1.02652400E-03
  0.930000007       1.60514770E-04
  0.939999998       2.10344624E-05
  0.949999988       2.29425632E-06
  0.959999979       2.05988727E-07
  0.969999969       1.49734731E-08
  0.979999959       8.59713190E-10
  0.989999950       3.75430798E-11
   1.00000000       1.17217347E-12
   1.00999999       2.33146835E-14
