   9.99999978E-03   0.00000000    
   1.99999996E-02   0.00000000    
   2.99999993E-02   3.55271368E-15
   3.99999991E-02  -3.37507799E-13
   4.99999970E-02   1.52660107E-11
   5.99999987E-02  -4.37093917E-10
   7.00000003E-02   8.88302409E-09
   7.99999982E-02  -1.36167614E-07
   8.99999961E-02   1.63279299E-06
   9.99999940E-02  -1.56712049E-05
  0.109999999       1.22125726E-04
  0.119999997      -7.78934336E-04
  0.129999995       4.07623826E-03
  0.140000001      -1.74463354E-02
  0.149999991       6.04434386E-02
  0.159999996     -0.165893033    
  0.170000002      0.345162183    
  0.179999992     -0.489533275    
  0.189999998      0.302539110    
  0.199999988      0.431870490    
  0.209999993      -1.17744040    
  0.219999999      0.644359052    
  0.229999989       1.23652577    
  0.239999995      -1.73046684    
  0.250000000     -0.865774155    
  0.259999990       2.31645465    
  0.269999981      0.849332571    
  0.280000001      -2.33289623    
  0.289999992      -1.46820343    
  0.299999982       1.49878931    
  0.310000002       2.09095621    
  0.319999993      0.269157052    
  0.329999983      -1.34015369    
  0.340000004      -1.46948528    
  0.349999994     -0.677412748    
  0.359999985      0.157282889    
  0.370000005      0.668338120    
  0.379999995      0.894674242    
  0.389999986      0.972563982    
  0.399999976      0.994086742    
  0.409999996      0.998941839    
  0.419999987      0.999843061    
  0.429999977      0.999980807    
  0.439999998      0.999998093    
  0.449999988      0.999999881    
  0.459999979       1.00000000    
  0.469999999       1.00000000    
  0.479999989       1.00000000    
  0.489999980       1.00000000    
  0.500000000       1.00000000    
  0.509999990       1.00000000    
  0.519999981       1.00000000    
  0.529999971       1.00000000    
  0.539999962       1.00000000    
  0.550000012       1.00000000    
  0.560000002       1.00000000    
  0.569999993       1.00000000    
  0.579999983       1.00000012    
  0.589999974      0.999998450    
  0.599999964       1.00001562    
  0.610000014      0.999877810    
  0.620000005       1.00077891    
  0.629999995      0.995923877    
  0.639999986       1.01744628    
  0.649999976      0.939556599    
  0.659999967       1.16589284    
  0.669999957      0.654838204    
  0.680000007       1.48953319    
  0.689999998      0.697460413    
  0.699999988      0.568129778    
  0.709999979       2.17744064    
  0.719999969      0.355640829    
  0.729999959     -0.236525774    
  0.740000010       2.73046684    
  0.750000000       1.86577368    
  0.759999990      -1.31645441    
  0.769999981      0.150667667    
  0.779999971       3.33289623    
  0.789999962       2.46820331    
  0.799999952     -0.498789489    
  0.810000002      -1.09095621    
  0.819999993      0.730842888    
  0.829999983       2.34015369    
  0.839999974       2.46948504    
  0.849999964       1.67741263    
  0.859999955      0.842717230    
  0.870000005      0.331662059    
  0.879999995      0.105325609    
  0.889999986       2.74358317E-02
  0.899999976       5.91325760E-03
  0.909999967       1.05808489E-03
  0.919999957       1.57024740E-04
  0.930000007       1.92277985E-05
  0.939999998       1.92379957E-06
  0.949999988       1.54839071E-07
  0.959999979       9.78842607E-09
  0.969999969       4.68308059E-10
  0.979999959       1.59481317E-11
  0.989999950       3.44613227E-13
   1.00000000       3.55271368E-15
   1.00999999       0.00000000    
