   9.99999978E-03   3.75830478E-10
   1.99999996E-02  -2.50621168E-09
   2.99999993E-02   2.98069196E-08
   3.99999991E-02  -2.97914994E-07
   4.99999970E-02   2.53610847E-06
   5.99999987E-02  -1.84974724E-05
   7.00000003E-02   1.15984491E-04
   7.99999982E-02  -6.25844579E-04
   8.99999961E-02   2.90172314E-03
   9.99999940E-02  -1.15083838E-02
  0.109999999       3.87109220E-02
  0.119999997     -0.108814977    
  0.129999995      0.249019861    
  0.140000001     -0.440718800    
  0.149999991      0.529581547    
  0.159999996     -0.210236311    
  0.170000002     -0.671201229    
  0.179999992       1.51361465    
  0.189999998     -0.956920803    
  0.199999988      -1.37773335    
  0.209999993       2.87627316    
  0.219999999     -0.297225118    
  0.229999989      -3.80373573    
  0.239999995       2.17983675    
  0.250000000       3.99422026    
  0.259999990      -3.22965407    
  0.269999981      -4.25445175    
  0.280000001       2.96942210    
  0.289999992       4.78380537    
  0.299999982      -1.19976735    
  0.310000002      -4.70627689    
  0.319999993      -1.53277850    
  0.329999983       2.72122788    
  0.340000004       3.14204073    
  0.349999994      0.671505809    
  0.359999985      -1.51331067    
  0.370000005      -1.97427559    
  0.379999995      -1.23445702    
  0.389999986     -0.264156550    
  0.399999976      0.425581872    
  0.409999996      0.783416510    
  0.419999987      0.930942297    
  0.429999977      0.981161654    
  0.439999998      0.995571911    
  0.449999988      0.999099553    
  0.459999979      0.999841213    
  0.469999999      0.999975741    
  0.479999989      0.999996901    
  0.489999980      0.999999702    
  0.500000000       1.00000000    
  0.509999990       1.00000000    
  0.519999981       1.00000000    
  0.529999971       1.00000000    
  0.539999962       1.00000012    
  0.550000012      0.999997675    
  0.560000002       1.00001836    
  0.569999993      0.999884009    
  0.579999983       1.00062585    
  0.589999974      0.997098207    
  0.599999964       1.01150823    
  0.610000014      0.961289167    
  0.620000005       1.10881495    
  0.629999995      0.750980139    
  0.639999986       1.44071853    
  0.649999976      0.470418751    
  0.659999967       1.21023679    
  0.669999957       1.67120039    
  0.680000007     -0.513614893    
  0.689999998       1.95692182    
  0.699999988       2.37773323    
  0.709999979      -1.87627351    
  0.719999969       1.29722571    
  0.729999959       4.80373478    
  0.740000010      -1.17983675    
  0.750000000      -2.99421930    
  0.759999990       4.22965384    
  0.769999981       5.25445080    
  0.779999971      -1.96942294    
  0.789999962      -3.78380537    
  0.799999952       2.19976711    
  0.810000002       5.70627737    
  0.819999993       2.53277826    
  0.829999983      -1.72122788    
  0.839999974      -2.14204049    
  0.849999964      0.328494191    
  0.859999955       2.51330996    
  0.870000005       2.97427511    
  0.879999995       2.23445725    
  0.889999986       1.26415682    
  0.899999976      0.574418187    
  0.909999967      0.216583401    
  0.919999957       6.90575168E-02
  0.930000007       1.88382156E-02
  0.939999998       4.42810915E-03
  0.949999988       9.00541607E-04
  0.959999979       1.58712501E-04
  0.969999969       2.42305432E-05
  0.979999959       3.19696210E-06
  0.989999950       3.62938465E-07
   1.00000000       3.52175071E-08
   1.00999999       2.88301538E-09
