   9.99999978E-03   5867.56055    
   1.99999996E-02  -22798.5938    
   2.99999993E-02  -11984.7246    
   3.99999991E-02   22790.5977    
   4.99999970E-02  -430.606934    
   5.99999987E-02  -17244.4531    
   7.00000003E-02   23436.9648    
   7.99999982E-02   5679.85547    
   8.99999961E-02  -42698.0469    
   9.99999940E-02   13717.7051    
  0.109999999       48102.1016    
  0.119999997      -40163.1289    
  0.129999995      -38290.3359    
  0.140000001       68096.6328    
  0.149999991       17379.7051    
  0.159999996      -90235.0703    
  0.170000002       9859.94531    
  0.179999992       102866.852    
  0.189999998      -39110.6875    
  0.199999988      -107314.188    
  0.209999993       65891.3906    
  0.219999999       107208.422    
  0.229999989      -86391.9375    
  0.239999995      -105917.695    
  0.250000000       98622.3281    
  0.259999990       106109.547    
  0.269999981      -101769.398    
  0.280000001      -109271.734    
  0.289999992       95270.3516    
  0.299999982       114810.148    
  0.310000002      -78830.1172    
  0.319999993      -120087.414    
  0.329999983       53081.2500    
  0.340000004       121237.531    
  0.349999994      -20567.0078    
  0.359999985      -113808.555    
  0.370000005      -13624.8613    
  0.379999995       94293.3281    
  0.389999986       42882.3867    
  0.399999976      -62927.3164    
  0.409999996      -60684.8984    
  0.419999987       25954.4805    
  0.429999977       62082.7656    
  0.439999998       6056.97070    
  0.449999988      -45883.8281    
  0.459999979      -24113.5078    
  0.469999999       17493.9219    
  0.479999989       26566.5215    
  0.489999980       10786.2979    
  0.500000000      -19855.1230    
  0.509999990      -25083.0508    
  0.519999981       13349.9365    
  0.529999971       18577.8652    
  0.539999962      -12063.5371    
  0.550000012       3716.68408    
  0.560000002       12789.2598    
  0.569999993      -28818.1699    
  0.579999983      -7047.82617    
  0.589999974       44892.9766    
  0.599999964      -11132.8408    
  0.610000014      -47261.1250    
  0.620000005       39378.2852    
  0.629999995       37135.8672    
  0.639999986      -68673.8516    
  0.649999976      -17262.9180    
  0.659999967       90655.3281    
  0.669999957      -9528.43750    
  0.680000007      -102769.844    
  0.689999998       39034.3281    
  0.699999988       107191.438    
  0.709999979      -65978.8594    
  0.719999969      -107233.344    
  0.729999959       86402.5156    
  0.740000010       105948.375    
  0.750000000      -98600.0234    
  0.759999990      -106099.773    
  0.769999981       101786.688    
  0.779999971       109248.797    
  0.789999962      -95245.9219    
  0.799999952      -114824.734    
  0.810000002       78800.7344    
  0.819999993       120174.039    
  0.829999983      -53205.6172    
  0.839999974      -121159.977    
  0.849999964       20663.6758    
  0.859999955       113478.875    
  0.870000005       14045.0352    
  0.879999995      -94408.1484    
  0.889999986      -43459.5977    
  0.899999976       64083.7773    
  0.909999967       59900.0273    
  0.919999957      -26793.4648    
  0.930000007      -59497.8750    
  0.939999998      -8249.88867    
  0.949999988       44515.8438    
  0.959999979       29496.7031    
  0.969999969      -21949.1094    
  0.979999959      -29850.5898    
  0.989999950      -59.2421875    
   1.00000000       13263.9668    
   1.00999999       15634.3926    
