   9.99999978E-03   219591.500    
   1.99999996E-02  -23377792.0    
   2.99999993E-02  -4666801.00    
   3.99999991E-02   26145630.0    
   4.99999970E-02   2000940.50    
   5.99999987E-02  -23731336.0    
   7.00000003E-02   7364984.00    
   7.99999982E-02   17524196.0    
   8.99999961E-02  -20433444.0    
   9.99999940E-02  -9122557.00    
  0.109999999       33079810.0    
  0.119999997      -496968.000    
  0.129999995      -41953904.0    
  0.140000001       11082873.0    
  0.149999991       45790472.0    
  0.159999996      -22518100.0    
  0.170000002      -45447752.0    
  0.179999992       34166732.0    
  0.189999998       42861184.0    
  0.199999988      -44797128.0    
  0.209999993      -39825308.0    
  0.219999999       53139924.0    
  0.229999989       37439144.0    
  0.239999995      -58522780.0    
  0.250000000      -36264892.0    
  0.259999990       60968900.0    
  0.269999981       36622256.0    
  0.280000001      -60707892.0    
  0.289999992      -38596016.0    
  0.299999982       57647208.0    
  0.310000002       41897324.0    
  0.319999993      -51363156.0    
  0.329999983      -45875968.0    
  0.340000004       41622856.0    
  0.349999994       49628508.0    
  0.359999985      -28957338.0    
  0.370000005      -51956424.0    
  0.379999995       14814342.0    
  0.389999986       51269376.0    
  0.399999976      -1181800.00    
  0.409999996      -45880252.0    
  0.419999987      -10081626.0    
  0.429999977       34889108.0    
  0.439999998       17831328.0    
  0.449999988      -19205596.0    
  0.459999979      -21854138.0    
  0.469999999       1927176.00    
  0.479999989       22709030.0    
  0.489999980       12407970.0    
  0.500000000      -21402778.0    
  0.509999990      -19508260.0    
  0.519999981       19069100.0    
  0.529999971       17174608.0    
  0.539999962      -16636226.0    
  0.550000012      -6335039.00    
  0.560000002       14446654.0    
  0.569999993      -9334606.00    
  0.579999983      -11982988.0    
  0.589999974       25053436.0    
  0.599999964       7996500.00    
  0.610000014      -36975112.0    
  0.620000005      -1176396.00    
  0.629999995       43523696.0    
  0.639999986      -8931070.00    
  0.649999976      -45382040.0    
  0.659999967       21387682.0    
  0.669999957       44380776.0    
  0.680000007      -34191456.0    
  0.689999998      -42211048.0    
  0.699999988       45287164.0    
  0.709999979       39827444.0    
  0.719999969      -53479672.0    
  0.729999959      -37701412.0    
  0.740000010       58580096.0    
  0.750000000       36355280.0    
  0.759999990      -60865832.0    
  0.769999981      -36486640.0    
  0.779999971       60508472.0    
  0.789999962       38540376.0    
  0.799999952      -57423216.0    
  0.810000002      -42208680.0    
  0.819999993       51407656.0    
  0.829999983       46393452.0    
  0.839999974      -42272368.0    
  0.849999964      -49667144.0    
  0.859999955       30010688.0    
  0.870000005       50819984.0    
  0.879999995      -15221712.0    
  0.889999986      -49113472.0    
  0.899999976      -384404.000    
  0.909999967       44208496.0    
  0.919999957       13976841.0    
  0.930000007      -36016024.0    
  0.939999998      -22452164.0    
  0.949999988       24746288.0    
  0.959999979       23823592.0    
  0.969999969      -11211802.0    
  0.979999959      -18374772.0    
  0.989999950      -2898426.00    
   1.00000000       8895038.00    
   1.00999999       15199595.0    
