   9.99999978E-03  -12215094.0    
   1.99999996E-02   990194.500    
   2.99999993E-02   16184894.0    
   3.99999991E-02  -785888.500    
   4.99999970E-02  -15707386.0    
   5.99999987E-02   4542185.00    
   7.00000003E-02   11449718.0    
   7.99999982E-02  -11178277.0    
   8.99999961E-02  -4867821.50    
   9.99999940E-02   18371588.0    
  0.109999999      -2646867.50    
  0.119999997      -23687698.0    
  0.129999995       10325322.0    
  0.140000001       25709638.0    
  0.149999991      -17952788.0    
  0.159999996      -24523528.0    
  0.170000002       25389268.0    
  0.179999992       21333032.0    
  0.189999998      -32207126.0    
  0.199999988      -17596406.0    
  0.209999993       37780156.0    
  0.219999999       14371760.0    
  0.229999989      -41669776.0    
  0.239999995      -12223996.0    
  0.250000000       43861660.0    
  0.259999990       11457490.0    
  0.269999981      -44590904.0    
  0.280000001      -12245613.0    
  0.289999992       43945536.0    
  0.299999982       14557884.0    
  0.310000002      -41667020.0    
  0.319999993      -18097420.0    
  0.329999983       37348064.0    
  0.340000004       22346720.0    
  0.349999994      -30840546.0    
  0.359999985      -26566172.0    
  0.370000005       22535228.0    
  0.379999995       29678432.0    
  0.389999986      -13326535.0    
  0.399999976      -30295336.0    
  0.409999996       4317458.00    
  0.419999987       27175084.0    
  0.429999977       3527435.00    
  0.439999998      -19998806.0    
  0.449999988      -9572898.00    
  0.459999979       9964090.00    
  0.469999999       13501083.0    
  0.479999989       297101.000    
  0.489999980      -15236137.0    
  0.500000000      -7593121.50    
  0.509999990       14942427.0    
  0.519999981       9487757.00    
  0.529999971      -13047804.0    
  0.539999962      -5404804.50    
  0.550000012       10128466.0    
  0.560000002      -3075612.50    
  0.569999993      -6612470.00    
  0.579999983       12924396.0    
  0.589999974       2498494.00    
  0.599999964      -21027520.0    
  0.610000014       2619553.00    
  0.620000005       25478032.0    
  0.629999995      -9135413.00    
  0.639999986      -26104598.0    
  0.649999976       16902496.0    
  0.659999967       24042066.0    
  0.669999957      -25056210.0    
  0.680000007      -20780812.0    
  0.689999998       32398304.0    
  0.699999988       17410384.0    
  0.709999979      -38044136.0    
  0.719999969      -14483781.0    
  0.729999959       41774240.0    
  0.740000010       12347250.0    
  0.750000000      -43839156.0    
  0.759999990      -11430368.0    
  0.769999981       44509496.0    
  0.779999971       12159606.0    
  0.789999962      -43817544.0    
  0.799999952      -14623006.0    
  0.810000002       41588112.0    
  0.819999993       18370642.0    
  0.829999983      -37543112.0    
  0.839999974      -22551304.0    
  0.849999964       31384606.0    
  0.859999955       26232080.0    
  0.870000005      -23013548.0    
  0.879999995      -28624484.0    
  0.889999986       12933697.0    
  0.899999976       29105792.0    
  0.909999967      -2527771.00    
  0.919999957      -27148606.0    
  0.930000007      -6183948.00    
  0.939999998       22367896.0    
  0.949999988       11319020.0    
  0.959999979      -14801212.0    
  0.969999969      -12034370.0    
  0.979999959       5281913.00    
  0.989999950       9045476.00    
   1.00000000       4456039.50    
   1.00999999      -4464471.00    
