   9.99999978E-03   643.266602    
   1.99999996E-02   643.968201    
   2.99999993E-02  -624.967468    
   3.99999991E-02  -250.684326    
   4.99999970E-02   580.262207    
   5.99999987E-02  -835.085510    
   7.00000003E-02  -227.190613    
   7.99999982E-02   1643.90454    
   8.99999961E-02  -797.147827    
   9.99999940E-02  -1530.29907    
  0.109999999       2273.36035    
  0.119999997       447.945190    
  0.129999995      -3419.63428    
  0.140000001       1376.40356    
  0.149999991       3661.90967    
  0.159999996      -3527.49097    
  0.170000002      -2973.32202    
  0.179999992       5495.82373    
  0.189999998       1657.25098    
  0.199999988      -6947.46240    
  0.209999993      -105.771484    
  0.219999999       7880.99756    
  0.229999989      -1243.50562    
  0.239999995      -8418.06152    
  0.250000000       2086.95312    
  0.259999990       8724.09570    
  0.269999981      -2238.27905    
  0.280000001      -8875.39062    
  0.289999992       1629.56714    
  0.299999982       8804.24805    
  0.310000002      -320.500244    
  0.319999993      -8306.85156    
  0.329999983      -1465.76099    
  0.340000004       7139.59229    
  0.349999994       3300.79224    
  0.359999985      -5169.39355    
  0.370000005      -4611.90674    
  0.379999995       2571.63525    
  0.389999986       4863.48926    
  0.399999976       66.2049561    
  0.409999996      -3812.86475    
  0.419999987      -1960.17590    
  0.429999977       1812.24341    
  0.439999998       2549.70166    
  0.449999988       164.154297    
  0.459999979      -1814.86987    
  0.469999999      -1130.15674    
  0.479999989       364.594666    
  0.489999980       929.389771    
  0.500000000       805.894287    
  0.509999990      -344.830536    
  0.519999981      -939.702881    
  0.529999971       211.021408    
  0.539999962       87.5263824    
  0.550000012      -477.267578    
  0.560000002       1017.48285    
  0.569999993       332.768555    
  0.579999983      -1646.25427    
  0.589999974       739.294128    
  0.599999964       1476.75061    
  0.610000014      -2295.66895    
  0.620000005      -442.978821    
  0.629999995       3436.09155    
  0.639999986      -1361.19421    
  0.649999976      -3653.04785    
  0.659999967       3530.49707    
  0.669999957       2973.00977    
  0.680000007      -5497.17822    
  0.689999998      -1658.37720    
  0.699999988       6946.97852    
  0.709999979       105.886475    
  0.719999969      -7880.46680    
  0.729999959       1244.28271    
  0.740000010       8418.96484    
  0.750000000      -2085.99536    
  0.759999990      -8723.10449    
  0.769999981       2239.25781    
  0.779999971       8876.42969    
  0.789999962      -1628.66553    
  0.799999952      -8803.02539    
  0.810000002       321.031982    
  0.819999993       8308.73535    
  0.829999983       1465.27466    
  0.839999974      -7136.46582    
  0.849999964      -3302.14551    
  0.859999955       5171.70605    
  0.870000005       4614.91211    
  0.879999995      -2578.49951    
  0.889999986      -4848.27930    
  0.899999976      -80.6611328    
  0.909999967       3817.83081    
  0.919999957       1984.48413    
  0.930000007      -1865.79150    
  0.939999998      -2489.84717    
  0.949999988      -166.504395    
  0.959999979       1711.29089    
  0.969999969       1312.55396    
  0.979999959      -465.588135    
  0.989999950      -1092.54724    
   1.00000000      -389.948517    
   1.00999999       49.0951843    
