   9.99999978E-03  -13.5168848    
   1.99999996E-02  -29.9819889    
   2.99999993E-02   9.22223854    
   3.99999991E-02  -2.37602711    
   4.99999970E-02  -19.9230270    
   5.99999987E-02   49.4517441    
   7.00000003E-02  -10.1097069    
   7.99999982E-02  -49.0211868    
   8.99999961E-02   89.0355835    
   9.99999940E-02  -12.9876060    
  0.109999999      -119.722137    
  0.119999997       135.470993    
  0.129999995       57.6494102    
  0.140000001      -239.629761    
  0.149999991       95.0819778    
  0.159999996       262.846558    
  0.170000002      -282.537323    
  0.179999992      -190.309036    
  0.189999998       445.304291    
  0.199999988       54.2358246    
  0.209999993      -553.656921    
  0.219999999       94.5081329    
  0.229999989       611.817017    
  0.239999995      -211.182571    
  0.250000000      -641.669189    
  0.259999990       266.595032    
  0.269999981       662.430542    
  0.280000001      -245.833801    
  0.289999992      -676.320251    
  0.299999982       146.679504    
  0.310000002       663.988403    
  0.319999993       15.8232574    
  0.329999983      -592.069519    
  0.340000004      -201.000946    
  0.349999994       434.612000    
  0.359999985       342.384766    
  0.370000005      -203.002640    
  0.379999995      -370.757019    
  0.389999986      -36.0723572    
  0.399999976       261.271790    
  0.409999996       183.310089    
  0.419999987      -71.6178284    
  0.429999977      -178.775864    
  0.439999998      -76.2342529    
  0.449999988       61.5003967    
  0.459999979       99.9219208    
  0.469999999       42.4359283    
  0.479999989      -30.8065720    
  0.489999980      -44.2910004    
  0.500000000      -32.8223267    
  0.509999990      -2.20745087    
  0.519999981       31.2412338    
  0.529999971      0.626358986    
  0.539999962       12.0950041    
  0.550000012       25.5794239    
  0.560000002      -47.6630058    
  0.569999993       9.82294273    
  0.579999983       48.2443619    
  0.589999974      -89.4901733    
  0.599999964       13.0515137    
  0.610000014       120.209381    
  0.620000005      -134.718475    
  0.629999995      -56.7567368    
  0.639999986       240.587341    
  0.649999976      -94.0974350    
  0.659999967      -261.851715    
  0.669999957       283.535797    
  0.680000007       191.308563    
  0.689999998      -444.304565    
  0.699999988      -53.2359009    
  0.709999979       554.657104    
  0.719999969      -93.5082092    
  0.729999959      -610.817139    
  0.740000010       212.182648    
  0.750000000       642.669189    
  0.759999990      -265.594971    
  0.769999981      -661.430420    
  0.779999971       246.833771    
  0.789999962       677.320190    
  0.799999952      -145.679504    
  0.810000002      -662.988403    
  0.819999993      -14.8232269    
  0.829999983       593.069519    
  0.839999974       202.001022    
  0.849999964      -433.612549    
  0.859999955      -341.383179    
  0.870000005       203.997528    
  0.879999995       371.772400    
  0.889999986       37.0299377    
  0.899999976      -260.164337    
  0.909999967      -182.557556    
  0.919999957       73.1304474    
  0.930000007       178.839661    
  0.939999998       78.6888733    
  0.949999988      -62.2771263    
  0.959999979      -97.6351089    
  0.969999969      -40.6472244    
  0.979999959       27.1501160    
  0.989999950       54.0099564    
   1.00000000       24.9737282    
   1.00999999       3.46670914    
