   9.99999978E-03   2.93505423E-07
   1.99999996E-02  -1.02718025E-06
   2.99999993E-02   7.29474141E-06
   3.99999991E-02  -4.46734703E-05
   4.99999970E-02   2.40149515E-04
   5.99999987E-02  -1.13150245E-03
   7.00000003E-02   4.65756841E-03
   7.99999982E-02  -1.66518688E-02
   8.99999961E-02   5.12186661E-02
   9.99999940E-02 -0.133448824    
  0.109999999      0.286765933    
  0.119999997     -0.482402265    
  0.129999995      0.555802524    
  0.140000001     -0.200144172    
  0.149999991     -0.745712996    
  0.159999996       1.71523464    
  0.170000002      -1.30509222    
  0.179999992      -1.20910668    
  0.189999998       3.56675124    
  0.199999988      -1.67467475    
  0.209999993      -3.87318087    
  0.219999999       4.98265982    
  0.229999989       2.48020387    
  0.239999995      -7.28173685    
  0.250000000      -1.00333810    
  0.259999990       8.44806290    
  0.269999981      0.808517456    
  0.280000001      -8.64288330    
  0.289999992      -2.36448336    
  0.299999982       7.39745617    
  0.310000002       4.89499998    
  0.319999993      -3.96083927    
  0.329999983      -6.15934467    
  0.340000004     -0.917919159    
  0.349999994       3.85793877    
  0.359999985       3.76195431    
  0.370000005      0.741627038    
  0.379999995      -1.71932101    
  0.389999986      -2.26488948    
  0.399999976      -1.50894213    
  0.409999996     -0.470737219    
  0.419999987      0.298430800    
  0.429999977      0.718645334    
  0.439999998      0.903312564    
  0.449999988      0.971183300    
  0.459999979      0.992492974    
  0.469999999      0.998281777    
  0.479999989      0.999653459    
  0.489999980      0.999938369    
  0.500000000      0.999990404    
  0.509999990      0.999998689    
  0.519999981       1.00000060    
  0.529999971      0.999992967    
  0.539999962       1.00004435    
  0.550000012      0.999759853    
  0.560000002       1.00113153    
  0.569999993      0.995342314    
  0.579999983       1.01665187    
  0.589999974      0.948781490    
  0.599999964       1.13344872    
  0.610000014      0.713233948    
  0.620000005       1.48240197    
  0.629999995      0.444197804    
  0.639999986       1.20014429    
  0.649999976       1.74571192    
  0.659999967     -0.715234041    
  0.669999957       2.30509353    
  0.680000007       2.20910525    
  0.689999998      -2.56675172    
  0.699999988       2.67467594    
  0.709999979       4.87318039    
  0.719999969      -3.98265910    
  0.729999959      -1.48020291    
  0.740000010       8.28173637    
  0.750000000       2.00333738    
  0.759999990      -7.44806194    
  0.769999981      0.191483259    
  0.779999971       9.64288330    
  0.789999962       3.36448288    
  0.799999952      -6.39745712    
  0.810000002      -3.89500022    
  0.819999993       4.96083927    
  0.829999983       7.15934372    
  0.839999974       1.91791916    
  0.849999964      -2.85793829    
  0.859999955      -2.76195335    
  0.870000005      0.258372545    
  0.879999995       2.71932006    
  0.889999986       3.26488900    
  0.899999976       2.50894237    
  0.909999967       1.47073746    
  0.919999957      0.701569319    
  0.930000007      0.281354636    
  0.939999998       9.66871530E-02
  0.949999988       2.88166218E-02
  0.959999979       7.50718731E-03
  0.969999969       1.71811739E-03
  0.979999959       3.46465444E-04
  0.989999950       6.16421967E-05
   1.00000000       9.67692540E-06
   1.00999999       1.32364221E-06
