   9.99999978E-03  -21415032.0    
   1.99999996E-02   50894984.0    
   2.99999993E-02   37338916.0    
   3.99999991E-02  -56440656.0    
   4.99999970E-02  -32899552.0    
   5.99999987E-02   57740444.0    
   7.00000003E-02   9372316.00    
   7.99999982E-02  -56220464.0    
   8.99999961E-02   25978204.0    
   9.99999940E-02   52106244.0    
  0.109999999      -63418624.0    
  0.119999997      -44086236.0    
  0.129999995       94975200.0    
  0.140000001       30354176.0    
  0.149999991      -117124032.    
  0.159999996      -10418400.0    
  0.170000002       130703928.    
  0.179999992      -13705664.0    
  0.189999998      -138692224.    
  0.199999988       37943556.0    
  0.209999993       143803696.    
  0.219999999      -57989928.0    
  0.229999989      -147495888.    
  0.239999995       71111264.0    
  0.250000000       150346352.    
  0.259999990      -76569472.0    
  0.269999981      -152624816.    
  0.280000001       74602432.0    
  0.289999992       154274896.    
  0.299999982      -65223000.0    
  0.310000002      -154633056.    
  0.319999993       48141400.0    
  0.329999983       152520224.    
  0.340000004      -23887972.0    
  0.349999994      -146621824.    
  0.359999985      -4970440.00    
  0.370000005       135580528.    
  0.379999995       33687128.0    
  0.389999986      -117790744.    
  0.399999976      -56573256.0    
  0.409999996       91681968.0    
  0.419999987       69033656.0    
  0.429999977      -57027696.0    
  0.439999998      -69403064.0    
  0.449999988       16627256.0    
  0.459999979       59692368.0    
  0.469999999       23079778.0    
  0.479999989      -44896920.0    
  0.489999980      -53436056.0    
  0.500000000       31209524.0    
  0.509999990       66694836.0    
  0.519999981      -23864624.0    
  0.529999971      -59349672.0    
  0.539999962       25295972.0    
  0.550000012       33834784.0    
  0.560000002      -34141140.0    
  0.569999993       2470386.00    
  0.579999983       45536312.0    
  0.589999974      -40493592.0    
  0.599999964      -52871680.0    
  0.610000014       73194584.0    
  0.620000005       50541768.0    
  0.629999995      -97714144.0    
  0.639999986      -36486392.0    
  0.649999976       114972936.    
  0.659999967       13094848.0    
  0.669999957      -127448736.    
  0.680000007       14160020.0    
  0.689999998       136955168.    
  0.699999988      -39479180.0    
  0.709999979      -143926864.    
  0.719999969       59008044.0    
  0.729999959       148285248.    
  0.740000010      -71290960.0    
  0.750000000      -150610368.    
  0.759999990       76229888.0    
  0.769999981       152236224.    
  0.779999971      -73951408.0    
  0.789999962      -154101504.    
  0.799999952       64511984.0    
  0.810000002       155518304.    
  0.819999993      -48178712.0    
  0.829999983      -154124640.    
  0.839999974       25651216.0    
  0.849999964       147137392.    
  0.859999955       1757860.00    
  0.870000005      -132896624.    
  0.879999995      -31551320.0    
  0.889999986       111639888.    
  0.899999976       59301916.0    
  0.909999967      -85227048.0    
  0.919999957      -78805056.0    
  0.930000007       56267144.0    
  0.939999998       83921152.0    
  0.949999988      -27310960.0    
  0.959999979      -71535872.0    
  0.969999969       518474.000    
  0.979999959       43960892.0    
  0.989999950       22290996.0    
   1.00000000      -9198761.00    
   1.00999999      -39664292.0    
