   9.99999978E-03  -224.068970    
   1.99999996E-02  -113.857010    
   2.99999993E-02   220.741333    
   3.99999991E-02  -29.8829956    
   4.99999970E-02  -77.7627487    
   5.99999987E-02   335.770447    
   7.00000003E-02  -187.246872    
   7.99999982E-02  -371.234772    
   8.99999961E-02   560.249817    
   9.99999940E-02  -10.5403137    
  0.109999999      -816.424438    
  0.119999997       654.012939    
  0.129999995       680.932739    
  0.140000001      -1309.31091    
  0.149999991      -102.168396    
  0.159999996       1761.73096    
  0.170000002      -726.738647    
  0.179999992      -1869.23950    
  0.189999998       1605.43799    
  0.199999988       1691.45703    
  0.209999993      -2357.16846    
  0.219999999      -1375.14929    
  0.229999989       2902.50415    
  0.239999995       1091.13513    
  0.250000000      -3228.77637    
  0.259999990      -972.677368    
  0.269999981       3343.18555    
  0.280000001       1087.08618    
  0.289999992      -3232.82642    
  0.299999982      -1421.45337    
  0.310000002       2856.19092    
  0.319999993       1874.19409    
  0.329999983      -2174.48608    
  0.340000004      -2260.38623    
  0.349999994       1214.05896    
  0.359999985       2356.95752    
  0.370000005      -132.076050    
  0.379999995      -1995.40894    
  0.389999986      -788.363770    
  0.399999976       1200.67834    
  0.409999996       1230.95312    
  0.419999987      -244.873962    
  0.429999977      -1045.89868    
  0.439999998      -473.792480    
  0.449999988       444.119385    
  0.459999979       653.101440    
  0.469999999       109.647568    
  0.479999989      -316.778076    
  0.489999980      -301.255676    
  0.500000000      -132.467270    
  0.509999990       213.431686    
  0.519999981       236.706375    
  0.529999971      -109.192474    
  0.539999962       59.5956535    
  0.550000012       44.0729980    
  0.560000002      -382.352020    
  0.569999993       161.101715    
  0.579999983       370.083191    
  0.589999974      -547.828369    
  0.599999964       24.2783813    
  0.610000014       825.302612    
  0.620000005      -650.524780    
  0.629999995      -680.799072    
  0.639999986       1308.24316    
  0.649999976       101.197388    
  0.659999967      -1762.13599    
  0.669999957       726.898682    
  0.680000007       1869.79761    
  0.689999998      -1604.64844    
  0.699999988      -1690.54822    
  0.709999979       2358.13306    
  0.719999969       1376.13574    
  0.729999959      -2901.50903    
  0.740000010      -1090.13635    
  0.750000000       3229.77637    
  0.759999990       973.677246    
  0.769999981      -3342.18555    
  0.779999971      -1086.08594    
  0.789999962       3233.82422    
  0.799999952       1422.45825    
  0.810000002      -2855.20435    
  0.819999993      -1873.15771    
  0.829999983       2175.39551    
  0.839999974       2261.59570    
  0.849999964      -1213.50146    
  0.859999955      -2355.11694    
  0.870000005       131.672241    
  0.879999995       1998.38000    
  0.889999986       787.295471    
  0.899999976      -1198.81201    
  0.909999967      -1227.46472    
  0.919999957       237.995483    
  0.930000007       1059.63635    
  0.939999998       463.371094    
  0.949999988      -445.270569    
  0.959999979      -624.955933    
  0.969999969      -156.229416    
  0.979999959       352.467438    
  0.989999950       330.968262    
   1.00000000       22.9185486    
   1.00999999      -90.5821533    
