   9.99999978E-03   22.3633385    
   1.99999996E-02  -33.8211784    
   2.99999993E-02  -20.6350441    
   3.99999991E-02   22.6050892    
   4.99999970E-02  -48.7622070    
   5.99999987E-02   13.1232891    
   7.00000003E-02   76.0446243    
   7.99999982E-02  -91.9533920    
   8.99999961E-02   4.62360764    
   9.99999940E-02   153.816116    
  0.109999999      -148.729599    
  0.119999997      -87.5052414    
  0.129999995       290.843658    
  0.140000001      -98.8598328    
  0.149999991      -330.953583    
  0.159999996       343.122009    
  0.170000002       238.769958    
  0.179999992      -561.117310    
  0.189999998      -47.7865601    
  0.199999988       704.355042    
  0.209999993      -175.815643    
  0.219999999      -772.849792    
  0.229999989       369.882660    
  0.239999995       798.073853    
  0.250000000      -492.741364    
  0.259999990      -815.886658    
  0.269999981       521.605957    
  0.280000001       844.751099    
  0.289999992      -446.064270    
  0.299999982      -874.255249    
  0.310000002       268.477478    
  0.319999993       865.511658    
  0.329999983      -14.6592407    
  0.340000004      -766.800293    
  0.349999994      -253.471313    
  0.359999985       546.421204    
  0.370000005       442.054321    
  0.379999995      -231.983780    
  0.389999986      -464.164032    
  0.399999976      -74.2822571    
  0.409999996       303.745880    
  0.419999987       243.000519    
  0.429999977      -60.0659409    
  0.439999998      -209.082489    
  0.449999988      -111.623474    
  0.459999979       53.6844177    
  0.469999999       120.989372    
  0.479999989       55.3023758    
  0.489999980      -17.6485710    
  0.500000000      -49.3691788    
  0.509999990      -55.2818069    
  0.519999981       12.5551510    
  0.529999971       18.4677982    
  0.539999962      -13.2528038    
  0.550000012       59.6980629    
  0.560000002      -5.98889923    
  0.569999993      -73.2937317    
  0.579999983       92.0140076    
  0.589999974      -5.44508743    
  0.599999964      -154.461395    
  0.610000014       148.604996    
  0.620000005       87.8595352    
  0.629999995      -290.168518    
  0.639999986       99.7133789    
  0.649999976       331.893433    
  0.659999967      -342.144775    
  0.669999957      -237.777832    
  0.680000007       562.114868    
  0.689999998       48.7857666    
  0.699999988      -703.355469    
  0.709999979       176.815674    
  0.719999969       773.849976    
  0.729999959      -368.882812    
  0.740000010      -797.073914    
  0.750000000       493.741364    
  0.759999990       816.886597    
  0.769999981      -520.605896    
  0.779999971      -843.750977    
  0.789999962       447.064178    
  0.799999952       875.255188    
  0.810000002      -267.477478    
  0.819999993      -864.511597    
  0.829999983       15.6590881    
  0.839999974       767.801147    
  0.849999964       254.468719    
  0.859999955      -545.413452    
  0.870000005      -441.076965    
  0.879999995       233.043915    
  0.889999986       465.017456    
  0.899999976       75.6071320    
  0.909999967      -303.391388    
  0.919999957      -240.875854    
  0.930000007       59.4204941    
  0.939999998       211.903824    
  0.949999988       111.684128    
  0.959999979      -54.4351959    
  0.969999969      -113.854919    
  0.979999959      -64.2382660    
  0.989999950       27.0008030    
   1.00000000       53.5363884    
   1.00999999       34.0157700    
