   9.99999978E-03   501680.000    
   1.99999996E-02   53052796.0    
   2.99999993E-02   9132924.00    
   3.99999991E-02  -59771172.0    
   4.99999970E-02  -4189144.00    
   5.99999987E-02   55070456.0    
   7.00000003E-02  -14869100.0    
   7.99999982E-02  -41895208.0    
   8.99999961E-02   42431916.0    
   9.99999940E-02   23919636.0    
  0.109999999      -70314520.0    
  0.119999997      -3663948.00    
  0.129999995       91374624.0    
  0.140000001      -18066248.0    
  0.149999991      -102307072.    
  0.159999996       41201588.0    
  0.170000002       104172880.    
  0.179999992      -64922600.0    
  0.189999998      -100694872.    
  0.199999988       87066832.0    
  0.209999993       95798232.0    
  0.219999999      -104955032.    
  0.229999989      -92062176.0    
  0.239999995       116779800.    
  0.250000000       90611952.0    
  0.259999990      -122157784.    
  0.269999981      -91741304.0    
  0.280000001       121376272.    
  0.289999992       95354072.0    
  0.299999982      -114307008.    
  0.310000002      -100981968.    
  0.319999993       100297328.    
  0.329999983       107641744.    
  0.340000004      -79216624.0    
  0.349999994      -113672864.    
  0.359999985       52579180.0    
  0.370000005       116525616.    
  0.379999995      -23640448.0    
  0.389999986      -112784688.    
  0.399999976      -3616216.00    
  0.409999996       99043472.0    
  0.419999987       25829802.0    
  0.429999977      -73771944.0    
  0.439999998      -41147192.0    
  0.449999988       39251544.0    
  0.459999979       49349960.0    
  0.469999999      -2118094.00    
  0.479999989      -51441524.0    
  0.489999980      -28296518.0    
  0.500000000       49116628.0    
  0.509999990       43331896.0    
  0.519999981      -44335136.0    
  0.529999971      -38550148.0    
  0.539999962       38862952.0    
  0.550000012       15717776.0    
  0.560000002      -33605080.0    
  0.569999993       17862010.0    
  0.579999983       27961418.0    
  0.589999974      -52437556.0    
  0.599999964      -19814446.0    
  0.610000014       79791368.0    
  0.620000005       6572684.00    
  0.629999995      -96084968.0    
  0.639999986       13089388.0    
  0.649999976       102218152.    
  0.659999967      -37929744.0    
  0.669999957      -101880208.    
  0.680000007       64344348.0    
  0.689999998       98857104.0    
  0.699999988      -88047888.0    
  0.709999979      -95417728.0    
  0.719999969       105988648.    
  0.729999959       92504688.0    
  0.740000010      -117133552.    
  0.750000000      -90865664.0    
  0.759999990       121845280.    
  0.769999981       91595920.0    
  0.779999971      -120715920.    
  0.789999962      -95462112.0    
  0.799999952       113841672.    
  0.810000002       101856648.    
  0.819999993      -100804912.    
  0.829999983      -108648152.    
  0.839999974       81101016.0    
  0.849999964       113151056.    
  0.859999955      -54844340.0    
  0.870000005      -113257744.    
  0.879999995       23711184.0    
  0.889999986       107792264.    
  0.899999976       8320692.00    
  0.909999967      -96132624.0    
  0.919999957      -35301612.0    
  0.930000007       77881168.0    
  0.939999998       51154476.0    
  0.949999988      -53185544.0    
  0.959999979      -52343860.0    
  0.969999969       23582510.0    
  0.979999959       39912288.0    
  0.989999950       7388099.00    
   1.00000000      -19699298.0    
   1.00999999      -34614048.0    
