   9.99999978E-03  -12614.7021    
   1.99999996E-02  -5235.45117    
   2.99999993E-02   14906.8555    
   3.99999991E-02   2791.46655    
   4.99999970E-02  -11886.6602    
   5.99999987E-02   9217.73926    
   7.00000003E-02   4585.52539    
   7.99999982E-02  -22160.2266    
   8.99999961E-02   7014.80273    
   9.99999940E-02   27281.6367    
  0.109999999      -22593.7207    
  0.119999997      -21498.4004    
  0.129999995       39354.3906    
  0.140000001       7123.43652    
  0.149999991      -52562.1523    
  0.159999996       11996.5293    
  0.170000002       58971.8633    
  0.179999992      -32604.7832    
  0.189999998      -58964.3633    
  0.199999988       51821.1406    
  0.209999993       55290.3047    
  0.219999999      -67193.7578    
  0.229999989      -50840.6953    
  0.239999995       77527.5781    
  0.250000000       47987.4727    
  0.259999990      -82577.8438    
  0.269999981      -48424.2031    
  0.280000001       82134.9609    
  0.289999992       52604.5547    
  0.299999982      -75771.4844    
  0.310000002      -59418.2812    
  0.319999993       63086.9648    
  0.329999983       66511.0547    
  0.340000004      -44221.7344    
  0.349999994      -70594.1016    
  0.359999985       20898.0703    
  0.370000005       68063.8984    
  0.379999995       3319.19141    
  0.389999986      -56407.7773    
  0.399999976      -23743.8125    
  0.409999996       36463.8047    
  0.419999987       35596.6094    
  0.429999977      -13446.9883    
  0.439999998      -35361.4375    
  0.449999988      -5307.93066    
  0.459999979       23100.8301    
  0.469999999       14784.4668    
  0.479999989      -4480.17480    
  0.489999980      -15293.2090    
  0.500000000      -10605.3477    
  0.509999990       11531.8955    
  0.519999981       13699.5078    
  0.529999971      -8437.72949    
  0.539999962      -3749.87134    
  0.550000012       7063.14893    
  0.560000002      -12201.4863    
  0.569999993      -3885.10791    
  0.579999983       24523.6484    
  0.589999974      -5529.87305    
  0.599999964      -27444.3184    
  0.610000014       21599.2969    
  0.620000005       20732.0938    
  0.629999995      -39475.5391    
  0.639999986      -6811.56445    
  0.649999976       52915.4219    
  0.659999967      -11829.2891    
  0.669999957      -58995.1445    
  0.680000007       32497.0703    
  0.689999998       58869.3633    
  0.699999988      -51863.2578    
  0.709999979      -55287.8008    
  0.719999969       67218.4062    
  0.729999959       50863.4219    
  0.740000010      -77509.5859    
  0.750000000      -47983.9141    
  0.759999990       82581.3047    
  0.769999981       48422.2188    
  0.779999971      -82142.5625    
  0.789999962      -52591.2578    
  0.799999952       75747.6953    
  0.810000002       59441.1172    
  0.819999993      -63088.4023    
  0.829999983      -66553.6016    
  0.839999974       44318.5625    
  0.849999964       70486.3047    
  0.859999955      -20872.8301    
  0.870000005      -67896.6641    
  0.879999995      -3670.45312    
  0.889999986       56719.6445    
  0.899999976       23866.9395    
  0.909999967      -37230.1055    
  0.919999957      -34600.1719    
  0.930000007       13284.3125    
  0.939999998       33878.5000    
  0.949999988       7671.34766    
  0.959999979      -23799.2422    
  0.969999969      -17768.2109    
  0.979999959       9305.67871    
  0.989999950       14334.7969    
   1.00000000       4138.22314    
   1.00999999      -3067.83057    
