   9.99999978E-03   5.49886131    
   1.99999996E-02   3.65905285    
   2.99999993E-02   6.78672791E-02
   3.99999991E-02   4.67521811    
   4.99999970E-02  -2.91249371    
   5.99999987E-02 -0.684735894    
   7.00000003E-02   8.03184223    
   7.99999982E-02  -11.3263988    
   8.99999961E-02   2.92436266    
   9.99999940E-02   15.5919580    
  0.109999999      -25.0847893    
  0.119999997       4.50519371    
  0.129999995       34.7054558    
  0.140000001      -41.5470314    
  0.149999991      -13.9306965    
  0.159999996       71.3302383    
  0.170000002      -32.7604942    
  0.179999992      -75.6350479    
  0.189999998       86.3729248    
  0.199999988       54.2764282    
  0.209999993      -130.180862    
  0.219999999      -20.4693298    
  0.229999989       158.437851    
  0.239999995      -9.71441650    
  0.250000000      -174.092621    
  0.259999990       24.1753311    
  0.269999981       181.623444    
  0.280000001      -16.6445312    
  0.289999992      -181.022705    
  0.299999982      -12.8703918    
  0.310000002       166.036743    
  0.319999993       56.3251953    
  0.329999983      -128.132080    
  0.340000004      -96.0355759    
  0.349999994       65.9723663    
  0.359999985       108.846901    
  0.370000005       4.75617981    
  0.379999995      -80.5047455    
  0.389999986      -52.8884392    
  0.399999976       23.3641319    
  0.409999996       53.5640793    
  0.419999987       23.9752045    
  0.429999977      -16.7052040    
  0.439999998      -29.3618336    
  0.449999988      -15.1408749    
  0.459999979       4.28995514    
  0.469999999       12.8507748    
  0.479999989       10.9092045    
  0.489999980       2.89710021    
  0.500000000      -1.28263187    
  0.509999990      -4.89999342    
  0.519999981      -4.09772682    
  0.529999971     -0.480364680    
  0.539999962      -4.66010237    
  0.550000012       3.35200167    
  0.560000002       1.41044343    
  0.569999993      -7.15037394    
  0.579999983       12.2804356    
  0.589999974      -1.94051933    
  0.599999964      -14.5971222    
  0.610000014       26.0832577    
  0.620000005      -3.50563431    
  0.629999995      -33.7055359    
  0.639999986       42.5470161    
  0.649999976       14.9306679    
  0.659999967      -70.3302383    
  0.669999957       33.7605057    
  0.680000007       76.6350479    
  0.689999998      -85.3729477    
  0.699999988      -53.2764473    
  0.709999979       131.180893    
  0.719999969       21.4693413    
  0.729999959      -157.437881    
  0.740000010       10.7144394    
  0.750000000       175.092621    
  0.759999990      -23.1753769    
  0.769999981      -180.623444    
  0.779999971       17.6445465    
  0.789999962       182.022690    
  0.799999952       13.8703766    
  0.810000002      -165.036743    
  0.819999993      -55.3252029    
  0.829999983       129.132111    
  0.839999974       97.0355835    
  0.849999964      -64.9723816    
  0.859999955      -107.846909    
  0.870000005      -3.75619125    
  0.879999995       81.5047379    
  0.889999986       53.8884125    
  0.899999976      -22.3640156    
  0.909999967      -52.5644836    
  0.919999957      -22.9736824    
  0.930000007       17.7000065    
  0.939999998       30.3779716    
  0.949999988       16.0949154    
  0.959999979      -3.17141294    
  0.969999969      -12.1250629    
  0.979999959      -9.34871864    
  0.989999950      -2.88198972    
   1.00000000       3.69512773    
   1.00999999       4.46131897    
