   9.99999978E-03   30573.2480    
   1.99999996E-02   5721.92969    
   2.99999993E-02  -38012.1953    
   3.99999991E-02  -1662.45898    
   4.99999970E-02   29582.8359    
   5.99999987E-02  -21741.5625    
   7.00000003E-02  -9415.41016    
   7.99999982E-02   48631.5000    
   8.99999961E-02  -18566.2109    
   9.99999940E-02  -60771.4141    
  0.109999999       51788.1914    
  0.119999997       50044.2031    
  0.129999995      -86149.5078    
  0.140000001      -20434.7266    
  0.149999991       114623.750    
  0.159999996      -19041.1172    
  0.170000002      -130946.094    
  0.179999992       60925.7812    
  0.189999998       134457.688    
  0.199999988      -100007.906    
  0.209999993      -129923.562    
  0.219999999       131946.406    
  0.229999989       123370.914    
  0.239999995      -153669.906    
  0.250000000      -119340.453    
  0.259999990       164032.406    
  0.269999981       120740.086    
  0.280000001      -162643.266    
  0.289999992      -128341.680    
  0.299999982       148746.359    
  0.310000002       140107.750    
  0.319999993      -121735.914    
  0.329999983      -151570.609    
  0.340000004       82683.0625    
  0.349999994       156460.781    
  0.359999985      -35440.1523    
  0.370000005      -147775.469    
  0.379999995      -13309.4609    
  0.389999986       121230.375    
  0.399999976       54854.7031    
  0.409999996      -79363.4141    
  0.419999987      -79375.6719    
  0.429999977       32204.0605    
  0.439999998       78823.2500    
  0.449999988       7447.29102    
  0.459999979      -52715.0117    
  0.469999999      -30876.6055    
  0.479999989       12751.2432    
  0.489999980       37373.3281    
  0.500000000       20278.5820    
  0.509999990      -32914.8398    
  0.519999981      -28229.6582    
  0.529999971       24963.7539    
  0.539999962       7869.01758    
  0.550000012      -16753.0371    
  0.560000002       26874.8008    
  0.569999993       5036.36328    
  0.579999983      -55125.9336    
  0.589999974       16250.0664    
  0.599999964       62869.2578    
  0.610000014      -48710.5234    
  0.620000005      -48722.7812    
  0.629999995       85495.3828    
  0.639999986       19119.7207    
  0.649999976      -115420.203    
  0.659999967       19045.9180    
  0.669999957       131381.047    
  0.680000007      -60519.3867    
  0.689999998      -134298.188    
  0.699999988       99957.5312    
  0.709999979       129788.828    
  0.719999969      -132049.750    
  0.729999959      -123417.680    
  0.740000010       153676.344    
  0.750000000       119374.281    
  0.759999990      -164021.547    
  0.769999981      -120696.820    
  0.779999971       162623.812    
  0.789999962       128347.617    
  0.799999952      -148703.484    
  0.810000002      -140217.578    
  0.819999993       121867.508    
  0.829999983       151516.812    
  0.839999974      -82842.5938    
  0.849999964      -156055.406    
  0.859999955       35006.7227    
  0.870000005       147780.047    
  0.879999995       14107.7812    
  0.889999986      -122545.430    
  0.899999976      -54198.5664    
  0.909999967       80684.8203    
  0.919999957       76299.9688    
  0.930000007      -30106.2246    
  0.939999998      -76505.0781    
  0.949999988      -13941.7148    
  0.959999979       57096.0430    
  0.969999969       36009.8320    
  0.979999959      -25579.0312    
  0.989999950      -31166.7539    
   1.00000000      -7228.15234    
   1.00999999       10407.0957    
