   9.99999978E-03  -140516.656    
   1.99999996E-02  -766167.000    
   2.99999993E-02   32818.8438    
   3.99999991E-02   814135.938    
   4.99999970E-02  -193492.750    
   5.99999987E-02  -576394.750    
   7.00000003E-02   569149.688    
   7.99999982E-02   149551.984    
   8.99999961E-02  -974959.125    
   9.99999940E-02   361483.062    
  0.109999999       1207585.75    
  0.119999997      -893121.625    
  0.129999995      -1160266.62    
  0.140000001       1415656.62    
  0.149999991       861796.250    
  0.159999996      -1896190.12    
  0.170000002      -424397.125    
  0.179999992       2286875.00    
  0.189999998      -38958.9375    
  0.199999988      -2554098.50    
  0.209999993       456208.688    
  0.219999999       2708236.50    
  0.229999989      -784176.875    
  0.239999995      -2793009.50    
  0.250000000       984992.875    
  0.259999990       2847969.50    
  0.269999981      -1025099.44    
  0.280000001      -2886362.75    
  0.289999992       889882.625    
  0.299999982       2897230.50    
  0.310000002      -591128.000    
  0.319999993      -2848212.50    
  0.329999983       162399.000    
  0.340000004       2686556.25    
  0.349999994       347011.625    
  0.359999985      -2360044.75    
  0.370000005      -870102.688    
  0.379999995       1855893.88    
  0.389999986       1313248.75    
  0.399999976      -1223356.75    
  0.409999996      -1557397.25    
  0.419999987       558501.875    
  0.429999977       1494843.12    
  0.439999998       34826.9062    
  0.449999988      -1099769.25    
  0.459999979      -479030.344    
  0.469999999       484396.188    
  0.479999989       736662.875    
  0.489999980       117336.188    
  0.500000000      -809441.062    
  0.509999990      -450517.000    
  0.519999981       731552.625    
  0.529999971       372628.625    
  0.539999962      -554148.375    
  0.550000012       65178.1250    
  0.560000002       317444.750    
  0.569999993      -645982.688    
  0.579999983      -25241.8750    
  0.589999974       1109352.12    
  0.599999964      -350660.375    
  0.610000014      -1287008.38    
  0.620000005       828899.688    
  0.629999995       1162931.88    
  0.639999986      -1373671.38    
  0.649999976      -831014.438    
  0.659999967       1894944.62    
  0.669999957       405072.500    
  0.680000007      -2302073.75    
  0.689999998       37532.3125    
  0.699999988       2561739.75    
  0.709999979      -449119.500    
  0.719999969      -2705758.75    
  0.729999959       782147.312    
  0.740000010       2789537.00    
  0.750000000      -985876.000    
  0.759999990      -2848888.00    
  0.769999981       1025939.00    
  0.779999971       2888997.00    
  0.789999962      -892523.188    
  0.799999952      -2895241.25    
  0.810000002       593153.062    
  0.819999993       2840680.25    
  0.829999983      -155005.125    
  0.839999974      -2685177.50    
  0.849999964      -362148.438    
  0.859999955       2379460.50    
  0.870000005       868926.312    
  0.879999995      -1886635.62    
  0.889999986      -1271251.00    
  0.899999976       1220690.38    
  0.909999967       1493166.12    
  0.919999957      -479086.031    
  0.930000007      -1484026.75    
  0.939999998      -169221.750    
  0.949999988       1224076.75    
  0.959999979       555863.562    
  0.969999969      -743346.750    
  0.979999959      -608346.000    
  0.989999950       142650.984    
   1.00000000       403995.094    
   1.00999999       415902.812    
