   9.99999978E-03   0.00000000    
   1.99999996E-02   0.00000000    
   2.99999993E-02   0.00000000    
   3.99999991E-02   0.00000000    
   4.99999970E-02   0.00000000    
   5.99999987E-02   0.00000000    
   7.00000003E-02   0.00000000    
   7.99999982E-02   0.00000000    
   8.99999961E-02   0.00000000    
   9.99999940E-02   0.00000000    
  0.109999999       0.00000000    
  0.119999997       0.00000000    
  0.129999995       3.72529030E-09
  0.140000001      -2.04890966E-07
  0.149999991       5.16697764E-06
  0.159999996      -7.89053738E-05
  0.170000002       8.10973346E-04
  0.179999992      -5.88769466E-03
  0.189999998       3.07447985E-02
  0.199999988     -0.114708118    
  0.209999993      0.293637753    
  0.219999999     -0.455894411    
  0.229999989      0.226478145    
  0.239999995      0.528582692    
  0.250000000     -0.797080696    
  0.259999990     -0.376347601    
  0.269999981       1.01848686    
  0.280000001      0.597753704    
  0.289999992     -0.727909684    
  0.299999982      -1.03001416    
  0.310000002     -0.347641617    
  0.319999993      0.401890516    
  0.329999983      0.810236394    
  0.340000004      0.955689311    
  0.349999994      0.992321730    
  0.359999985      0.999020457    
  0.370000005      0.999910355    
  0.379999995      0.999994397    
  0.389999986      0.999999821    
  0.399999976       1.00000000    
  0.409999996       1.00000000    
  0.419999987       1.00000000    
  0.429999977       1.00000000    
  0.439999998       1.00000000    
  0.449999988       1.00000000    
  0.459999979       1.00000000    
  0.469999999       1.00000000    
  0.479999989       1.00000000    
  0.489999980       1.00000000    
  0.500000000       1.00000000    
  0.509999990       1.00000000    
  0.519999981       1.00000000    
  0.529999971       1.00000000    
  0.539999962       1.00000000    
  0.550000012       1.00000000    
  0.560000002       1.00000000    
  0.569999993       1.00000000    
  0.579999983       1.00000000    
  0.589999974       1.00000000    
  0.599999964       1.00000000    
  0.610000014       1.00000000    
  0.620000005       1.00000000    
  0.629999995       1.00000000    
  0.639999986       1.00000024    
  0.649999976      0.999994814    
  0.659999967       1.00007892    
  0.669999957      0.999189019    
  0.680000007       1.00588775    
  0.689999998      0.969255269    
  0.699999988       1.11470795    
  0.709999979      0.706362247    
  0.719999969       1.45589435    
  0.729999959      0.773521841    
  0.740000010      0.471417338    
  0.750000000       1.79708064    
  0.759999990       1.37634754    
  0.769999981      -1.84867829E-02
  0.779999971      0.402246296    
  0.789999962       1.72790968    
  0.799999952       2.03001428    
  0.810000002       1.34764159    
  0.819999993      0.598109484    
  0.829999983      0.189763606    
  0.839999974       4.43106964E-02
  0.849999964       7.67820328E-03
  0.859999955       9.79535282E-04
  0.870000005       8.96565616E-05
  0.879999995       5.58421016E-06
  0.889999986       2.12341547E-07
  0.899999976       3.72529030E-09
  0.909999967       0.00000000    
  0.919999957       0.00000000    
  0.930000007       0.00000000    
  0.939999998       0.00000000    
  0.949999988       0.00000000    
  0.959999979       0.00000000    
  0.969999969       0.00000000    
  0.979999959       0.00000000    
  0.989999950       0.00000000    
   1.00000000       0.00000000    
   1.00999999       0.00000000    
