   9.99999978E-03  -89.9344940    
   1.99999996E-02   113.786942    
   2.99999993E-02   109.225800    
   3.99999991E-02  -101.013756    
   4.99999970E-02   112.122162    
   5.99999987E-02   56.7130508    
   7.00000003E-02  -302.309479    
   7.99999982E-02   160.779022    
   8.99999961E-02   255.045517    
   9.99999940E-02  -486.548309    
  0.109999999       63.3116760    
  0.119999997       664.301392    
  0.129999995      -560.674072    
  0.140000001      -511.369324    
  0.149999991       1074.62378    
  0.159999996       67.2007446    
  0.170000002      -1405.93896    
  0.179999992       553.022583    
  0.189999998       1501.73169    
  0.199999988      -1183.37280    
  0.209999993      -1412.39636    
  0.219999999       1706.21204    
  0.229999989       1252.47461    
  0.239999995      -2064.89136    
  0.250000000      -1138.59021    
  0.259999990       2243.16064    
  0.269999981       1149.68945    
  0.280000001      -2232.06128    
  0.289999992      -1305.75989    
  0.299999982       2011.60681    
  0.310000002       1557.86658    
  0.319999993      -1560.73584    
  0.329999983      -1789.77527    
  0.340000004       895.369629    
  0.349999994       1843.98755    
  0.359999985      -114.788452    
  0.370000005      -1588.26196    
  0.379999995      -580.332886    
  0.389999986       1005.07996    
  0.399999976       956.067749    
  0.409999996      -268.191956    
  0.419999987      -871.788086    
  0.429999977      -317.180756    
  0.439999998       419.290924    
  0.449999988       514.290894    
  0.459999979       60.9855804    
  0.469999999      -319.690155    
  0.479999989      -242.504013    
  0.489999980      -25.6610489    
  0.500000000       134.830215    
  0.509999990       206.406479    
  0.519999981      -24.5375595    
  0.529999971      -96.1138916    
  0.539999962       64.3771667    
  0.550000012      -152.465591    
  0.560000002      -75.2792587    
  0.569999993       305.395935    
  0.579999983      -147.909241    
  0.589999974      -242.908722    
  0.599999964       493.562744    
  0.610000014      -61.0449677    
  0.620000005      -664.640747    
  0.629999995       559.619141    
  0.639999986       510.606598    
  0.649999976      -1074.80652    
  0.659999967      -66.8769531    
  0.669999957       1406.59717    
  0.680000007      -552.179688    
  0.689999998      -1500.79773    
  0.699999988       1184.34790    
  0.709999979       1413.38745    
  0.719999969      -1705.21545    
  0.729999959      -1251.47534    
  0.740000010       2065.89136    
  0.750000000       1139.59009    
  0.759999990      -2242.16064    
  0.769999981      -1148.68945    
  0.779999971       2233.06104    
  0.789999962       1306.75952    
  0.799999952      -2010.60559    
  0.810000002      -1556.86963    
  0.819999993       1561.74500    
  0.829999983       1790.74988    
  0.839999974      -894.304077    
  0.849999964      -1843.14404    
  0.859999955       116.131104    
  0.870000005       1588.58594    
  0.879999995       582.515137    
  0.889999986      -1005.84277    
  0.899999976      -953.012695    
  0.909999967       267.852448    
  0.919999957       871.520996    
  0.930000007       324.195312    
  0.939999998      -429.427368    
  0.949999988      -501.420898    
  0.959999979      -62.0722351    
  0.969999969       301.123596    
  0.979999959       284.847412    
  0.989999950      -10.9753876    
   1.00000000      -145.941971    
   1.00999999      -117.157036    
