   9.99999978E-03   190038.594    
   1.99999996E-02   67457.3047    
   2.99999993E-02  -234011.766    
   3.99999991E-02  -58246.0078    
   4.99999970E-02   213654.594    
   5.99999987E-02  -66394.0234    
   7.00000003E-02  -142973.875    
   7.99999982E-02   242874.719    
   8.99999961E-02   31648.4062    
   9.99999940E-02  -384983.875    
  0.109999999       119320.156    
  0.119999997       436521.969    
  0.129999995      -305143.875    
  0.140000001      -392937.312    
  0.149999991       503829.906    
  0.159999996       283872.844    
  0.170000002      -681335.750    
  0.179999992      -143194.922    
  0.189999998       812751.375    
  0.199999988      -3948.43750    
  0.209999993      -896251.750    
  0.219999999       136087.344    
  0.229999989       946315.000    
  0.239999995      -231614.938    
  0.250000000      -977456.375    
  0.259999990       274011.781    
  0.269999981       995998.625    
  0.280000001      -255779.625    
  0.289999992      -1001176.12    
  0.299999982       176801.469    
  0.310000002       986396.375    
  0.319999993      -44664.2812    
  0.329999983      -937908.750    
  0.340000004      -122070.312    
  0.349999994       837012.000    
  0.359999985       295427.062    
  0.370000005      -670223.250    
  0.379999995      -443437.938    
  0.389999986       444291.375    
  0.399999976       532744.750    
  0.409999996      -194298.094    
  0.419999987      -531504.500    
  0.429999977      -26639.0312    
  0.439999998       422138.938    
  0.449999988       172916.594    
  0.459999979      -221989.516    
  0.469999999      -229263.062    
  0.479999989      -6085.04688    
  0.489999980       215878.922    
  0.500000000       172510.875    
  0.509999990      -173894.312    
  0.519999981      -206180.781    
  0.529999971       140224.312    
  0.539999962       96856.2656    
  0.550000012      -125107.547    
  0.560000002       98070.4922    
  0.569999993       105343.922    
  0.579999983      -289562.250    
  0.589999974      -40339.8203    
  0.599999964       408438.438    
  0.610000014      -96427.6406    
  0.620000005      -433633.188    
  0.629999995       293408.062    
  0.639999986       381864.688    
  0.649999976      -505869.969    
  0.659999967      -279077.688    
  0.669999957       686564.938    
  0.680000007       144984.875    
  0.689999998      -814092.250    
  0.699999988       1721.09375    
  0.709999979       895018.125    
  0.719999969      -136116.156    
  0.729999959      -945650.125    
  0.740000010       232344.312    
  0.750000000       977573.125    
  0.759999990      -273869.500    
  0.769999981      -996228.938    
  0.779999971       255329.250    
  0.789999962       1001738.00    
  0.799999952      -177480.875    
  0.810000002      -986364.125    
  0.819999993       45973.3750    
  0.829999983       935733.750    
  0.839999974       123438.156    
  0.849999964      -835216.812    
  0.859999955      -300658.938    
  0.870000005       675010.562    
  0.879999995       445472.688    
  0.889999986      -455369.125    
  0.899999976      -521009.844    
  0.909999967       197185.250    
  0.919999957       508612.969    
  0.930000007       50093.0156    
  0.939999998      -413445.625    
  0.949999988      -219604.047    
  0.959999979       259621.344    
  0.969999969       260939.375    
  0.979999959      -82459.9844    
  0.989999950      -177268.500    
   1.00000000      -78721.4531    
   1.00999999       35170.7188    
