   9.99999978E-03  -52994.7852    
   1.99999996E-02   32233.9492    
   2.99999993E-02   74861.9844    
   3.99999991E-02  -37685.2969    
   4.99999970E-02  -47717.6641    
   5.99999987E-02   60143.5586    
   7.00000003E-02  -13693.9277    
   7.99999982E-02  -81574.7812    
   8.99999961E-02   84274.0625    
   9.99999940E-02   76971.3125    
  0.109999999      -144669.734    
  0.119999997      -33470.2578    
  0.129999995       186505.219    
  0.140000001      -41139.7734    
  0.149999991      -207112.016    
  0.159999996       126951.336    
  0.170000002       205316.312    
  0.179999992      -206797.125    
  0.189999998      -183894.375    
  0.199999988       272877.094    
  0.209999993       152266.141    
  0.219999999      -323116.844    
  0.229999989      -122912.641    
  0.239999995       356724.812    
  0.250000000       105545.375    
  0.259999990      -373655.156    
  0.269999981      -105127.055    
  0.280000001       374152.094    
  0.289999992       122904.328    
  0.299999982      -356761.906    
  0.310000002      -156402.750    
  0.319999993       318683.375    
  0.329999983       198297.297    
  0.340000004      -258311.375    
  0.349999994      -236147.078    
  0.359999985       176939.344    
  0.370000005       255078.016    
  0.379999995      -80436.4219    
  0.389999986      -243715.312    
  0.399999976      -17513.8516    
  0.409999996       199767.250    
  0.419999987       94885.0938    
  0.429999977      -130653.562    
  0.439999998      -129003.961    
  0.449999988       50435.9531    
  0.459999979       111271.055    
  0.469999999       23557.1543    
  0.479999989      -57705.9883    
  0.489999980      -74170.4453    
  0.500000000       3793.44531    
  0.509999990       89775.1250    
  0.519999981       16216.4219    
  0.529999971      -69765.2344    
  0.539999962       8198.61914    
  0.550000012       24663.0391    
  0.560000002      -56600.0703    
  0.569999993       31113.8828    
  0.579999983       91948.9609    
  0.589999974      -87491.0000    
  0.599999964      -85841.3438    
  0.610000014       139697.406    
  0.620000005       34815.2422    
  0.629999995      -182466.031    
  0.639999986       43735.6719    
  0.649999976       207014.234    
  0.659999967      -128499.391    
  0.669999957      -206639.844    
  0.680000007       206449.625    
  0.689999998       184280.562    
  0.699999988      -272321.656    
  0.709999979      -151942.531    
  0.719999969       323147.438    
  0.729999959       122794.719    
  0.740000010      -356897.000    
  0.750000000      -105600.109    
  0.759999990       373615.844    
  0.769999981       105130.414    
  0.779999971      -374032.094    
  0.789999962      -123027.469    
  0.799999952       356907.094    
  0.810000002       156439.750    
  0.819999993      -319008.750    
  0.829999983      -197748.797    
  0.839999974       257920.719    
  0.849999964       235794.750    
  0.859999955      -175616.812    
  0.870000005      -256627.719    
  0.879999995       80535.4375    
  0.889999986       246310.781    
  0.899999976       13476.4062    
  0.909999967      -198422.312    
  0.919999957      -89910.7656    
  0.930000007       121783.508    
  0.939999998       132222.844    
  0.949999988      -40061.7656    
  0.959999979      -128688.961    
  0.969999969      -20013.6426    
  0.979999959       80762.5781    
  0.989999950       44683.7500    
   1.00000000      -8888.16602    
   1.00999999      -41324.7266    
