   9.99999978E-03   17752808.0    
   1.99999996E-02   44889960.0    
   2.99999993E-02  -14898540.0    
   3.99999991E-02  -51235896.0    
   4.99999970E-02   19242568.0    
   5.99999987E-02   42490948.0    
   7.00000003E-02  -31075474.0    
   7.99999982E-02  -22334546.0    
   8.99999961E-02   47167176.0    
   9.99999940E-02  -3393510.00    
  0.109999999      -62085408.0    
  0.119999997       29522934.0    
  0.129999995       70662120.0    
  0.140000001      -53327072.0    
  0.149999991      -70381168.0    
  0.159999996       74376528.0    
  0.170000002       62318596.0    
  0.179999992      -93040600.0    
  0.189999998      -50153400.0    
  0.199999988       109125288.    
  0.209999993       38080408.0    
  0.219999999      -121746008.    
  0.229999989      -29083504.0    
  0.239999995       130168664.    
  0.250000000       24471952.0    
  0.259999990      -134391328.    
  0.269999981      -24462216.0    
  0.280000001       134725008.    
  0.289999992       28932720.0    
  0.299999982      -130960400.    
  0.310000002      -37680860.0    
  0.319999993       122244024.    
  0.329999983       50105920.0    
  0.340000004      -107899256.    
  0.349999994      -64624588.0    
  0.359999985       88293824.0    
  0.370000005       78233984.0    
  0.379999995      -64872696.0    
  0.389999986      -86695008.0    
  0.399999976       39486024.0    
  0.409999996       85713952.0    
  0.419999987      -13832038.0    
  0.429999977      -72933400.0    
  0.439999998      -10477848.0    
  0.449999988       49743968.0    
  0.459999979       31491858.0    
  0.469999999      -21688448.0    
  0.479999989      -46789560.0    
  0.489999980      -3080586.00    
  0.500000000       54074168.0    
  0.509999990       16749580.0    
  0.519999981      -52255100.0    
  0.529999971      -14930284.0    
  0.539999962       42224356.0    
  0.550000012      -1484660.00    
  0.560000002      -26585388.0    
  0.569999993       26594112.0    
  0.579999983       8343022.00    
  0.589999974      -51879472.0    
  0.599999964       10575362.0    
  0.610000014       69679760.0    
  0.620000005      -29871064.0    
  0.629999995      -76095232.0    
  0.639999986       50087876.0    
  0.649999976       71898712.0    
  0.659999967      -71189888.0    
  0.669999957      -61141864.0    
  0.680000007       91763488.0    
  0.689999998       48534700.0    
  0.699999988      -109526104.    
  0.709999979      -37378148.0    
  0.719999969       122632200.    
  0.729999959       29196072.0    
  0.740000010      -130602272.    
  0.750000000      -24678792.0    
  0.759999990       134145200.    
  0.769999981       24520892.0    
  0.779999971      -134154920.    
  0.789999962      -29235120.0    
  0.799999952       130753064.    
  0.810000002       38410448.0    
  0.819999993      -123031728.    
  0.829999983      -50496832.0    
  0.839999974       109573552.    
  0.849999964       63393308.0    
  0.859999955      -89457448.0    
  0.870000005      -75059128.0    
  0.879999995       63337032.0    
  0.889999986       83444272.0    
  0.899999976      -34054940.0    
  0.909999967      -86058264.0    
  0.919999957       6242516.00    
  0.930000007       80118256.0    
  0.939999998       15190876.0    
  0.949999988      -63736144.0    
  0.959999979      -27011524.0    
  0.969999969       37593200.0    
  0.979999959       29031238.0    
  0.989999950      -5931007.00    
   1.00000000      -24245184.0    
   1.00999999      -24114552.0    
