   9.99999978E-03  -196.459427    
   1.99999996E-02  -13.6522408    
   2.99999993E-02   204.359650    
   3.99999991E-02  -79.1789703    
   4.99999970E-02   7.17575836    
   5.99999987E-02   260.575073    
   7.00000003E-02  -293.605774    
   7.99999982E-02  -164.860550    
   8.99999961E-02   531.891113    
   9.99999940E-02  -278.295319    
  0.109999999      -539.128906    
  0.119999997       830.886780    
  0.129999995       168.366516    
  0.140000001      -1219.37817    
  0.149999991       528.097473    
  0.159999996       1301.68530    
  0.170000002      -1312.08533    
  0.179999992      -1039.70142    
  0.189999998       2006.06702    
  0.199999988       562.814941    
  0.209999993      -2508.50122    
  0.219999999      -42.5164795    
  0.229999989       2822.03027    
  0.239999995      -364.411743    
  0.250000000      -3000.15698    
  0.259999990       550.066284    
  0.269999981       3090.81738    
  0.280000001      -459.406006    
  0.289999992      -3095.15161    
  0.299999982       91.2929688    
  0.310000002       2955.83350    
  0.319999993       489.863098    
  0.329999983      -2581.49023    
  0.340000004      -1138.15332    
  0.349999994       1907.44092    
  0.359999985       1635.37463    
  0.370000005      -978.890259    
  0.379999995      -1751.88232    
  0.389999986      -4.78375244    
  0.399999976       1382.43774    
  0.409999996       722.253662    
  0.419999987      -652.360229    
  0.429999977      -907.691467    
  0.439999998      -99.5314331    
  0.449999988       589.352783    
  0.459999979       481.402100    
  0.469999999      -97.4447174    
  0.479999989      -346.967072    
  0.489999980      -218.200760    
  0.500000000      -14.7474213    
  0.509999990       252.678619    
  0.519999981       142.240295    
  0.529999971      -125.185715    
  0.539999962       78.2673187    
  0.550000012      -50.4990540    
  0.560000002      -300.020874    
  0.569999993       278.825562    
  0.579999983       170.874481    
  0.589999974      -518.009216    
  0.599999964       290.151123    
  0.610000014       545.481812    
  0.620000005      -829.132141    
  0.629999995      -168.947632    
  0.639999986       1218.27368    
  0.649999976      -528.825439    
  0.659999967      -1301.81750    
  0.669999957       1312.44861    
  0.680000007       1040.38220    
  0.689999998      -2005.21289    
  0.699999988      -561.875366    
  0.709999979       2509.47876    
  0.719999969       43.5078125    
  0.729999959      -2821.03320    
  0.740000010       365.411255    
  0.750000000       3001.15698    
  0.759999990      -549.066406    
  0.769999981      -3089.81738    
  0.779999971       460.406006    
  0.789999962       3096.15039    
  0.799999952      -90.2897949    
  0.810000002      -2954.84180    
  0.819999993      -488.839844    
  0.829999983       2582.42993    
  0.839999974       1139.29822    
  0.849999964      -1906.76025    
  0.859999955      -1633.73706    
  0.870000005       978.759033    
  0.879999995       1754.60999    
  0.889999986       3.67889404    
  0.899999976      -1379.85645    
  0.909999967      -720.498901    
  0.919999957       648.006958    
  0.930000007       919.546997    
  0.939999998       87.6497192    
  0.949999988      -583.338440    
  0.959999979      -464.621704    
  0.969999969       57.9985352    
  0.979999959       392.290100    
  0.989999950       217.289139    
   1.00000000      -62.4263458    
   1.00999999      -124.090424    
