   9.99999978E-03   1.24817348    
   1.99999996E-02 -0.166991308    
   2.99999993E-02  0.894232869    
   3.99999991E-02 -0.508331597    
   4.99999970E-02 -0.279970527    
   5.99999987E-02   1.87468266    
   7.00000003E-02  -3.22675228    
   7.99999982E-02   2.43664074    
   8.99999961E-02   1.89597809    
   9.99999940E-02  -7.60607624    
  0.109999999       8.03676224    
  0.119999997       2.04810715    
  0.129999995      -15.9853182    
  0.140000001       15.0576754    
  0.149999991       9.22929668    
  0.159999996      -31.3089943    
  0.170000002       12.7575684    
  0.179999992       34.6312180    
  0.189999998      -39.8324471    
  0.199999988      -23.3502712    
  0.209999993       61.8724747    
  0.219999999       4.60607719    
  0.229999989      -75.3827286    
  0.239999995       12.3740425    
  0.250000000       82.4809875    
  0.259999990      -20.7314262    
  0.269999981      -86.2944412    
  0.280000001       16.9179878    
  0.289999992       87.0249100    
  0.299999982     -0.731876373    
  0.310000002      -80.7206650    
  0.319999993      -23.4542675    
  0.329999983       61.7684593    
  0.340000004       45.2862892    
  0.349999994      -29.1773720    
  0.359999985      -51.0510254    
  0.370000005      -6.98446465    
  0.379999995       33.5538292    
  0.389999986       27.7254524    
  0.399999976      -3.31754589    
  0.409999996      -21.3509769    
  0.419999987      -15.3623095    
  0.429999977      0.280481339    
  0.439999998       9.78274632    
  0.449999988       9.24127769    
  0.459999979       3.58068752    
  0.469999999      -1.52961719    
  0.479999989      -3.65905142    
  0.489999980      -3.49448252    
  0.500000000      -1.95070875    
  0.509999990      -1.15492249    
  0.519999981      0.658575356    
  0.529999971     -0.137209624    
  0.539999962       1.40656710    
  0.550000012       1.24199843    
  0.560000002     -0.887441278    
  0.569999993       4.22286320    
  0.579999983      -1.43771970    
  0.589999974     -0.896251440    
  0.599999964       8.60600471    
  0.610000014      -7.03677559    
  0.620000005      -1.04809999    
  0.629999995       16.9853096    
  0.639999986      -14.0576839    
  0.649999976      -8.22928143    
  0.659999967       32.3089905    
  0.669999957      -11.7575750    
  0.680000007      -33.6312141    
  0.689999998       40.8324509    
  0.699999988       24.3502769    
  0.709999979      -60.8724823    
  0.719999969      -3.60608101    
  0.729999959       76.3827362    
  0.740000010      -11.3740578    
  0.750000000      -81.4810028    
  0.759999990       21.7314472    
  0.769999981       87.2944412    
  0.779999971      -15.9180031    
  0.789999962      -86.0249100    
  0.799999952       1.73187637    
  0.810000002       81.7206726    
  0.819999993       24.4542618    
  0.829999983      -60.7684708    
  0.839999974      -44.2862892    
  0.849999964       30.1773701    
  0.859999955       52.0510178    
  0.870000005       7.98446560    
  0.879999995      -32.5538216    
  0.889999986      -26.7254486    
  0.899999976       4.31753922    
  0.909999967       22.3509674    
  0.919999957       16.3623199    
  0.930000007      0.719457626    
  0.939999998      -8.78246880    
  0.949999988      -8.24235725    
  0.959999979      -2.57680273    
  0.969999969       2.51685500    
  0.979999959       4.69702387    
  0.989999950       4.39271927    
   1.00000000       3.19368505    
   1.00999999       1.64650762    
