   9.99999978E-03  0.567613363    
   1.99999996E-02   9.72011852    
   2.99999993E-02   1.61783636    
   3.99999991E-02   2.84642315    
   4.99999970E-02   11.4781036    
   5.99999987E-02  -12.2300797    
   7.00000003E-02   5.21560907    
   7.99999982E-02   17.1984100    
   8.99999961E-02  -31.1265564    
   9.99999940E-02   11.5029335    
  0.109999999       37.0690575    
  0.119999997      -58.3244553    
  0.129999995       1.52523041    
  0.140000001       85.3700714    
  0.149999991      -73.0840073    
  0.159999996      -65.2328873    
  0.170000002       143.874786    
  0.179999992      0.764389038    
  0.189999998      -186.655197    
  0.199999988       83.9504395    
  0.209999993       196.323334    
  0.219999999      -163.001984    
  0.229999989      -186.216370    
  0.239999995       220.152878    
  0.250000000       175.693787    
  0.259999990      -248.560059    
  0.269999981      -179.296295    
  0.280000001       244.957581    
  0.289999992       200.498383    
  0.299999982      -205.870895    
  0.310000002      -229.085205    
  0.319999993       130.240097    
  0.329999983       242.612930    
  0.340000004      -27.9927063    
  0.349999994      -215.412292    
  0.359999985      -72.3019104    
  0.370000005       136.805695    
  0.379999995       128.954712    
  0.389999986      -29.4998322    
  0.399999976      -113.343048    
  0.409999996      -53.4984512    
  0.419999987       41.9096832    
  0.429999977       67.4377289    
  0.439999998       24.8972988    
  0.449999988      -23.6114941    
  0.459999979      -35.2697105    
  0.469999999      -18.2833195    
  0.479999989       5.84977818    
  0.489999980       14.5476408    
  0.500000000       12.0556068    
  0.509999990       6.87517166    
  0.519999981      -6.01040506    
  0.529999971     -0.829965472    
  0.539999962      -3.32199097    
  0.550000012      -12.0198622    
  0.560000002       12.1132164    
  0.569999993      -4.87315321    
  0.579999983      -16.5313435    
  0.589999974       31.9774036    
  0.599999964      -10.5630283    
  0.610000014      -36.0910072    
  0.620000005       59.3170776    
  0.629999995     -0.527553558    
  0.639999986      -84.3706818    
  0.649999976       74.0838470    
  0.659999967       66.2328262    
  0.669999957      -142.874832    
  0.680000007      0.235603333    
  0.689999998       187.655228    
  0.699999988      -82.9504700    
  0.709999979      -195.323380    
  0.719999969       164.002029    
  0.729999959       187.216400    
  0.740000010      -219.152954    
  0.750000000      -174.693771    
  0.759999990       249.560089    
  0.769999981       180.296265    
  0.779999971      -243.957596    
  0.789999962      -199.498367    
  0.799999952       206.870865    
  0.810000002       230.085205    
  0.819999993      -129.240128    
  0.829999983      -241.612976    
  0.839999974       28.9927444    
  0.849999964       216.412308    
  0.859999955       73.3019180    
  0.870000005      -135.805740    
  0.879999995      -127.954536    
  0.889999986       30.4991722    
  0.899999976       114.345299    
  0.909999967       54.4910812    
  0.919999957      -40.8876724    
  0.930000007      -66.4977798    
  0.939999998      -23.7481709    
  0.949999988       24.2785206    
  0.959999979       36.9272346    
  0.969999969       18.1664619    
  0.979999959      -3.30800629    
  0.989999950      -15.0232086    
   1.00000000      -10.8434830    
   1.00999999      -3.16546321    
