   9.99999978E-03  -1843.56140    
   1.99999996E-02  -979.324585    
   2.99999993E-02   2030.83508    
   3.99999991E-02   288.177185    
   4.99999970E-02  -1408.73291    
   5.99999987E-02   1988.04407    
   7.00000003E-02   22.5327148    
   7.99999982E-02  -3742.78516    
   8.99999961E-02   2321.06030    
   9.99999940E-02   3402.81519    
  0.109999999      -5258.25781    
  0.119999997      -881.718506    
  0.129999995       7613.60596    
  0.140000001      -3021.86938    
  0.149999991      -8244.25781    
  0.159999996       7443.45312    
  0.170000002       7001.26855    
  0.179999992      -11552.5078    
  0.189999998      -4524.41211    
  0.199999988       14730.4482    
  0.209999993       1630.14795    
  0.219999999      -16842.8926    
  0.229999989       929.767090    
  0.239999995       18134.5000    
  0.250000000      -2512.98389    
  0.259999990      -18842.8906    
  0.269999981       2764.12842    
  0.280000001       19094.3711    
  0.289999992      -1553.54297    
  0.299999982      -18757.6113    
  0.310000002      -985.629883    
  0.319999993       17487.6484    
  0.329999983       4388.47070    
  0.340000004      -14869.9766    
  0.349999994      -7835.44238    
  0.359999985       10711.0439    
  0.370000005       10271.1426    
  0.379999995      -5405.24170    
  0.389999986      -10657.4336    
  0.399999976       16.1088867    
  0.409999996       8497.65039    
  0.419999987       4069.20093    
  0.429999977      -4467.78418    
  0.439999998      -5667.64697    
  0.449999988       357.599854    
  0.459999979       4409.22559    
  0.469999999       2068.64429    
  0.479999989      -1288.26941    
  0.489999980      -2375.55981    
  0.500000000      -1530.17200    
  0.509999990       1601.22192    
  0.519999981       2087.90088    
  0.529999971      -1043.49194    
  0.539999962      -198.105438    
  0.550000012       889.182800    
  0.560000002      -2467.72852    
  0.569999993      -127.144287    
  0.579999983       3924.47852    
  0.589999974      -2100.77026    
  0.599999964      -3300.63037    
  0.610000014       5236.35645    
  0.620000005       807.904419    
  0.629999995      -7673.63916    
  0.639999986       2999.90869    
  0.649999976       8252.10059    
  0.659999967      -7424.28906    
  0.669999957      -6984.38525    
  0.680000007       11562.1045    
  0.689999998       4527.56934    
  0.699999988      -14730.8848    
  0.709999979      -1631.70312    
  0.719999969       16841.5801    
  0.729999959      -930.408691    
  0.740000010      -18134.4668    
  0.750000000       2513.40967    
  0.759999990       18843.7480    
  0.769999981      -2763.49609    
  0.779999971      -19092.8906    
  0.789999962       1553.54150    
  0.799999952       18760.2383    
  0.810000002       984.309082    
  0.819999993      -17484.0938    
  0.829999983      -4388.90625    
  0.839999974       14868.8184    
  0.849999964       7845.03662    
  0.859999955      -10725.9297    
  0.870000005      -10251.9766    
  0.879999995       5399.40430    
  0.889999986       10635.4717    
  0.899999976       45.9196777    
  0.909999967      -8571.46484    
  0.919999957      -4045.29907    
  0.930000007       4569.96826    
  0.939999998       5449.35596    
  0.949999988      -175.905640    
  0.959999979      -4302.61182    
  0.969999969      -2548.32861    
  0.979999959       1809.81714    
  0.989999950       2465.63037    
   1.00000000       544.829956    
   1.00999999      -492.644043    
