   9.99999978E-03   24430.5605    
   1.99999996E-02  -8621.06641    
   2.99999993E-02  -32941.4219    
   3.99999991E-02   11662.0234    
   4.99999970E-02   20356.5098    
   5.99999987E-02  -25243.2773    
   7.00000003E-02   6349.64844    
   7.99999982E-02   37816.9570    
   8.99999961E-02  -36908.5234    
   9.99999940E-02  -35552.2891    
  0.109999999       63967.9844    
  0.119999997       13166.8789    
  0.129999995      -83541.3125    
  0.140000001       23599.6484    
  0.149999991       92596.1953    
  0.159999996      -64510.5898    
  0.170000002      -89281.6953    
  0.179999992       102146.984    
  0.189999998       75603.1250    
  0.199999988      -133271.250    
  0.209999993      -57450.2461    
  0.219999999       156622.031    
  0.229999989       41252.2188    
  0.239999995      -171852.750    
  0.250000000      -31479.1719    
  0.259999990       179592.375    
  0.269999981       30760.7031    
  0.280000001      -180325.156    
  0.289999992      -39966.8516    
  0.299999982       173174.172    
  0.310000002       57744.3984    
  0.319999993      -156279.188    
  0.329999983      -80428.6953    
  0.340000004       128288.469    
  0.349999994       101992.938    
  0.359999985      -89582.8828    
  0.370000005      -114577.984    
  0.379999995       43207.0469    
  0.389999986       111488.047    
  0.399999976       4237.72656    
  0.409999996      -90979.8594    
  0.419999987      -42228.0547    
  0.429999977       57610.6250    
  0.439999998       59398.2031    
  0.449999988      -20089.5664    
  0.459999979      -50749.2266    
  0.469999999      -12226.4297    
  0.479999989       23851.4785    
  0.489999980       32174.5117    
  0.500000000       3056.21973    
  0.509999990      -36714.9414    
  0.519999981      -12144.1797    
  0.529999971       27626.9727    
  0.539999962      -1491.30469    
  0.550000012      -9814.31836    
  0.560000002       26263.5684    
  0.569999993      -12259.2520    
  0.579999983      -42918.8945    
  0.589999974       36568.9062    
  0.599999964       38356.4688    
  0.610000014      -61482.2461    
  0.620000005      -12730.4160    
  0.629999995       82487.2031    
  0.639999986      -24763.1270    
  0.649999976      -93044.1875    
  0.659999967       64740.9453    
  0.669999957       89735.9219    
  0.680000007      -101839.570    
  0.689999998      -75544.8125    
  0.699999988       133173.906    
  0.709999979       57320.6953    
  0.719999969      -156698.625    
  0.729999959      -41274.8359    
  0.740000010       171872.766    
  0.750000000       31510.8750    
  0.759999990      -179580.844    
  0.769999981      -30726.3047    
  0.779999971       180301.219    
  0.789999962       39983.3047    
  0.799999952      -173156.047    
  0.810000002      -57826.9688    
  0.819999993       156406.406    
  0.829999983       80328.6250    
  0.839999974      -128346.312    
  0.849999964      -101686.242    
  0.859999955       89130.3281    
  0.870000005       114808.180    
  0.879999995      -42757.1484    
  0.889999986      -112651.547    
  0.899999976      -3181.60547    
  0.909999967       91416.2969    
  0.919999957       39744.2891    
  0.930000007      -54806.4375    
  0.939999998      -59056.5625    
  0.949999988       14987.6289    
  0.959999979       56660.8125    
  0.969999969       13246.7139    
  0.979999959      -34391.6562    
  0.989999950      -22003.7852    
   1.00000000       2260.21484    
   1.00999999       15949.6816    
