   9.99999978E-03  -7445954.50    
   1.99999996E-02  -20019260.0    
   2.99999993E-02   5988173.00    
   3.99999991E-02   22600638.0    
   4.99999970E-02  -8191795.50    
   5.99999987E-02  -18170304.0    
   7.00000003E-02   14052337.0    
   7.99999982E-02   8579108.00    
   8.99999961E-02  -21728012.0    
   9.99999940E-02   3400834.00    
  0.109999999       28365552.0    
  0.119999997      -15456200.0    
  0.129999995      -31471376.0    
  0.140000001       26473902.0    
  0.149999991       30092740.0    
  0.159999996      -36317016.0    
  0.170000002      -25102926.0    
  0.179999992       45062296.0    
  0.189999998       18479334.0    
  0.199999988      -52465112.0    
  0.209999993      -12192610.0    
  0.219999999       58065680.0    
  0.229999989       7510408.00    
  0.239999995      -61649256.0    
  0.250000000      -4995490.00    
  0.259999990       63428352.0    
  0.269999981       4842312.00    
  0.280000001      -63691424.0    
  0.289999992      -7091814.00    
  0.299999982       62325392.0    
  0.310000002       11620920.0    
  0.319999993      -58780224.0    
  0.329999983      -18047352.0    
  0.340000004       52534232.0    
  0.349999994       25598152.0    
  0.359999985      -43587192.0    
  0.370000005      -32921264.0    
  0.379999995       32553444.0    
  0.389999986       38035144.0    
  0.399999976      -20383488.0    
  0.409999996      -38771604.0    
  0.419999987       8051110.00    
  0.429999977       33759336.0    
  0.439999998       3532018.00    
  0.449999988      -23437908.0    
  0.459999979      -13397225.0    
  0.469999999       10389745.0    
  0.479999989       20453050.0    
  0.489999980       1365828.00    
  0.500000000      -23715516.0    
  0.509999990      -7885121.00    
  0.519999981       22777046.0    
  0.529999971       6946661.00    
  0.539999962      -18134746.0    
  0.550000012       952579.000    
  0.560000002       11015725.0    
  0.569999993      -12771139.0    
  0.579999983      -2730409.50    
  0.589999974       24239178.0    
  0.599999964      -5987442.00    
  0.610000014      -31696592.0    
  0.620000005       15126646.0    
  0.629999995       33515576.0    
  0.639999986      -24905826.0    
  0.649999976      -30383450.0    
  0.659999967       35088528.0    
  0.669999957       24419934.0    
  0.680000007      -44754836.0    
  0.689999998      -17833594.0    
  0.699999988       52754992.0    
  0.709999979       12037724.0    
  0.719999969      -58403892.0    
  0.729999959      -7659152.00    
  0.740000010       61765148.0    
  0.750000000       5081062.00    
  0.759999990      -63331720.0    
  0.769999981      -4782484.00    
  0.779999971       63484896.0    
  0.789999962       7123220.00    
  0.799999952      -62183736.0    
  0.810000002      -11918854.0    
  0.819999993       58975576.0    
  0.829999983       18352820.0    
  0.839999974      -53186952.0    
  0.849999964      -25305510.0    
  0.859999955       44259588.0    
  0.870000005       31690092.0    
  0.879999995      -32259976.0    
  0.889999986      -36462964.0    
  0.899999976       18342048.0    
  0.909999967       38442840.0    
  0.919999957      -4720583.00    
  0.930000007      -36346852.0    
  0.939999998      -6043888.00    
  0.949999988       29286254.0    
  0.959999979       12115974.0    
  0.969999969      -17544214.0    
  0.979999959      -13213674.0    
  0.989999950       3100174.00    
   1.00000000       10780726.0    
   1.00999999       10642925.0    
