   9.99999978E-03   3.79390549E-03
   1.99999996E-02  -4.73405793E-03
   2.99999993E-02   1.73171964E-02
   3.99999991E-02  -4.94686067E-02
   4.99999970E-02  0.124237433    
   5.99999987E-02 -0.266603112    
   7.00000003E-02  0.471597314    
   7.99999982E-02 -0.634895921    
   8.99999961E-02  0.494964570    
   9.99999940E-02  0.262225360    
  0.109999999      -1.57354140    
  0.119999997       2.44515944    
  0.129999995      -1.19110465    
  0.140000001      -2.60674381    
  0.149999991       5.70052290    
  0.159999996      -2.74257994    
  0.170000002      -6.08309221    
  0.179999992       10.1159735    
  0.189999998      0.380557060    
  0.199999988      -14.5417213    
  0.209999993       8.38702011    
  0.219999999       14.6762180    
  0.229999989      -16.3223267    
  0.239999995      -12.7079010    
  0.250000000       21.3910351    
  0.259999990       11.6649246    
  0.269999981      -23.0442905    
  0.280000001      -13.3181763    
  0.289999992       20.7807579    
  0.299999982       17.1663303    
  0.310000002      -13.8322124    
  0.319999993      -20.1214066    
  0.329999983       2.80733013    
  0.340000004       17.7296047    
  0.349999994       7.99419165    
  0.359999985      -8.20487404    
  0.370000005      -11.5453863    
  0.379999995      -3.10228300    
  0.389999986       5.20498466    
  0.399999976       6.62062359    
  0.409999996       2.98435855    
  0.419999987      -1.03434277    
  0.429999977      -2.87010932    
  0.439999998      -2.63736868    
  0.449999988      -1.50750709    
  0.459999979     -0.401014328    
  0.469999999      0.337182939    
  0.479999989      0.728038132    
  0.489999980      0.901669979    
  0.500000000      0.968793929    
  0.509999990      0.989477873    
  0.519999981       1.00293422    
  0.529999971      0.982249975    
  0.539999962       1.04937470    
  0.550000012      0.875744581    
  0.560000002       1.26659942    
  0.569999993      0.528402209    
  0.579999983       1.63489604    
  0.589999974      0.505035520    
  0.599999964      0.737774134    
  0.610000014       2.57354021    
  0.620000005      -1.44515812    
  0.629999995       2.19110584    
  0.639999986       3.60674000    
  0.649999976      -4.70052242    
  0.659999967       3.74258423    
  0.669999957       7.08308840    
  0.680000007      -9.11597538    
  0.689999998      0.619445801    
  0.699999988       15.5417213    
  0.709999979      -7.38701773    
  0.719999969      -13.6762161    
  0.729999959       17.3223248    
  0.740000010       13.7079010    
  0.750000000      -20.3910389    
  0.759999990      -10.6649246    
  0.769999981       24.0442924    
  0.779999971       14.3181772    
  0.789999962      -19.7807617    
  0.799999952      -16.1663284    
  0.810000002       14.8322124    
  0.819999993       21.1214046    
  0.829999983      -1.80733061    
  0.839999974      -16.7296047    
  0.849999964      -6.99419165    
  0.859999955       9.20487213    
  0.870000005       12.5453835    
  0.879999995       4.10228348    
  0.889999986      -4.20498276    
  0.899999976      -5.62062263    
  0.909999967      -1.98435926    
  0.919999957       2.03434134    
  0.930000007       3.87010789    
  0.939999998       3.63736892    
  0.949999988       2.50750828    
  0.959999979       1.40101504    
  0.969999969      0.662813604    
  0.979999959      0.271979570    
  0.989999950       9.82368663E-02
   1.00000000       3.16385105E-02
   1.00999999       8.72205384E-03
