   9.99999978E-03  -17.8289776    
   1.99999996E-02  -6.21554184    
   2.99999993E-02   13.0405312    
   3.99999991E-02  -9.95996666    
   4.99999970E-02   12.3952074    
   5.99999987E-02   22.8753510    
   7.00000003E-02  -35.2045975    
   7.99999982E-02   21.1083031    
   8.99999961E-02   38.9141922    
   9.99999940E-02  -75.8926392    
  0.109999999       22.5303497    
  0.119999997       94.1167603    
  0.129999995      -119.729408    
  0.140000001      -35.6669617    
  0.149999991       196.414932    
  0.159999996      -87.0199585    
  0.170000002      -209.176788    
  0.179999992       229.476654    
  0.189999998       154.637466    
  0.199999988      -350.067566    
  0.209999993      -61.4327011    
  0.219999999       431.178162    
  0.229999989      -31.9575500    
  0.239999995      -477.686188    
  0.250000000       93.8169556    
  0.259999990       502.846832    
  0.269999981      -104.749008    
  0.280000001      -513.778809    
  0.289999992       57.7245026    
  0.299999982       503.453064    
  0.310000002       40.3173065    
  0.319999993      -452.293549    
  0.329999983      -163.658676    
  0.340000004       341.046326    
  0.349999994       266.207031    
  0.359999985      -172.446259    
  0.370000005      -294.603821    
  0.379999995      -11.1666718    
  0.389999986       220.908249    
  0.399999976       136.864975    
  0.409999996      -77.0292587    
  0.419999987      -148.507370    
  0.429999977      -50.2997971    
  0.439999998       64.8730087    
  0.449999988       82.1853333    
  0.459999979       26.2852688    
  0.469999999      -31.6126671    
  0.479999989      -43.6210670    
  0.489999980      -17.9585609    
  0.500000000      0.973135948    
  0.509999990       21.6294155    
  0.519999981       16.0285282    
  0.529999971      -4.62775898    
  0.539999962       14.3039331    
  0.550000012      -11.3585434    
  0.560000002      -23.3669357    
  0.569999993       34.5309334    
  0.579999983      -21.3690948    
  0.589999974      -38.6813354    
  0.599999964       76.4913864    
  0.610000014      -21.7162209    
  0.620000005      -93.1941986    
  0.629999995       120.699944    
  0.639999986       36.6566391    
  0.649999976      -195.418243    
  0.659999967       88.0189972    
  0.669999957       210.176544    
  0.680000007      -228.476807    
  0.689999998      -153.637512    
  0.699999988       351.067627    
  0.709999979       62.4327240    
  0.719999969      -430.178284    
  0.729999959       32.9575806    
  0.740000010       478.686279    
  0.750000000      -92.8170013    
  0.759999990      -501.846802    
  0.769999981       105.749023    
  0.779999971       514.778748    
  0.789999962      -56.7245026    
  0.799999952      -502.453064    
  0.810000002      -39.3173218    
  0.819999993       453.293579    
  0.829999983       164.658661    
  0.839999974      -340.046356    
  0.849999964      -265.207092    
  0.859999955       173.446564    
  0.870000005       295.602844    
  0.879999995       12.1699753    
  0.889999986      -219.918488    
  0.899999976      -135.835510    
  0.909999967       77.9517059    
  0.919999957       149.693146    
  0.930000007       50.8985825    
  0.939999998      -63.1057777    
  0.949999988      -82.4460907    
  0.959999979      -23.6116371    
  0.969999969       31.1210289    
  0.979999959       44.5843849    
  0.989999950       22.3025398    
   1.00000000      -7.38590193    
   1.00999999      -11.8164206    
