   9.99999978E-03   4003666.25    
   1.99999996E-02  -2591232.75    
   2.99999993E-02  -5745675.00    
   3.99999991E-02   2810162.50    
   4.99999970E-02   5104832.50    
   5.99999987E-02  -3879192.75    
   7.00000003E-02  -2431371.00    
   7.99999982E-02   5490403.50    
   8.99999961E-02  -1346892.00    
   9.99999940E-02  -6893909.00    
  0.109999999       5257914.00    
  0.119999997       7289500.00    
  0.129999995      -8708136.00    
  0.140000001      -6268514.00    
  0.149999991       11548108.0    
  0.159999996       4021607.50    
  0.170000002      -13844469.0    
  0.179999992      -1175809.00    
  0.189999998       15639106.0    
  0.199999988      -1587478.00    
  0.209999993      -16907460.0    
  0.219999999       3817439.00    
  0.229999989       17675260.0    
  0.239999995      -5307096.50    
  0.250000000      -18092558.0    
  0.259999990       5952990.50    
  0.269999981       18346264.0    
  0.280000001      -5678788.00    
  0.289999992      -18493120.0    
  0.299999982       4468064.00    
  0.310000002       18382118.0    
  0.319999993      -2395311.00    
  0.329999983      -17734858.0    
  0.340000004      -382706.000    
  0.349999994       16307136.0    
  0.359999985       3588617.00    
  0.370000005      -14011532.0    
  0.379999995      -6722560.00    
  0.389999986       10938303.0    
  0.399999976       9049540.00    
  0.409999996      -7296715.50    
  0.419999987      -9819510.00    
  0.429999977       3360509.00    
  0.439999998       8654574.00    
  0.449999988       515771.250    
  0.459999979      -5860891.00    
  0.469999999      -3850882.00    
  0.479999989       2435978.75    
  0.489999980       6085432.00    
  0.500000000       289953.250    
  0.509999990      -6778245.00    
  0.519999981      -1229088.38    
  0.529999971       5839101.00    
  0.539999962       43630.3750    
  0.550000012      -3605831.75    
  0.560000002       2681037.50    
  0.569999993       671026.250    
  0.579999983      -5705660.00    
  0.589999974       2433208.75    
  0.599999964       7727173.00    
  0.610000014      -5452732.00    
  0.620000005      -7975593.50    
  0.629999995       8370561.00    
  0.639999986       6482185.50    
  0.649999976      -11179346.0    
  0.659999967      -3889718.50    
  0.669999957       13710399.0    
  0.680000007       990610.000    
  0.689999998      -15696534.0    
  0.699999988       1652716.50    
  0.709999979       16992612.0    
  0.719999969      -3779801.00    
  0.729999959      -17703894.0    
  0.740000010       5265963.50    
  0.750000000       18083862.0    
  0.759999990      -5963487.50    
  0.769999981      -18325920.0    
  0.779999971       5709782.50    
  0.789999962       18455554.0    
  0.799999952      -4448102.50    
  0.810000002      -18354514.0    
  0.819999993       2305147.00    
  0.829999983       17800444.0    
  0.839999974       443036.500    
  0.849999964      -16489632.0    
  0.859999955      -3453271.00    
  0.870000005       14143379.0    
  0.879999995       6353137.00    
  0.889999986      -10725296.0    
  0.899999976      -8712346.00    
  0.909999967       6610516.00    
  0.919999957       10014390.0    
  0.930000007      -2527128.50    
  0.939999998      -9740784.00    
  0.949999988      -730961.750    
  0.959999979       7621259.00    
  0.969999969       2652723.50    
  0.979999959      -3934985.00    
  0.989999950      -3231646.25    
   1.00000000      -383387.250    
   1.00999999       2957914.00    
