   9.99999978E-03  -447988.062    
   1.99999996E-02  -354017.125    
   2.99999993E-02   515808.812    
   3.99999991E-02   360350.406    
   4.99999970E-02  -533293.500    
   5.99999987E-02  -57532.6562    
   7.00000003E-02   511352.000    
   7.99999982E-02  -420044.938    
   8.99999961E-02  -419338.062    
   9.99999940E-02   885473.062    
  0.109999999       204178.844    
  0.119999997      -1204713.88    
  0.129999995       160708.969    
  0.140000001       1342816.00    
  0.149999991      -638131.938    
  0.159999996      -1334931.25    
  0.170000002       1139900.50    
  0.179999992       1231439.75    
  0.189999998      -1579861.38    
  0.199999988      -1073322.00    
  0.209999993       1916721.00    
  0.219999999       902150.812    
  0.229999989      -2151110.25    
  0.239999995      -767653.500    
  0.250000000       2293559.75    
  0.259999990       714205.062    
  0.269999981      -2343972.50    
  0.280000001      -763959.875    
  0.289999992       2295145.00    
  0.299999982       912369.375    
  0.310000002      -2139302.25    
  0.319999993      -1129100.25    
  0.329999983       1865283.12    
  0.340000004       1360313.00    
  0.349999994      -1460970.50    
  0.359999985      -1540411.62    
  0.370000005       934693.875    
  0.379999995       1610049.25    
  0.389999986      -342699.312    
  0.399999976      -1525120.25    
  0.409999996      -206278.875    
  0.419999987       1259289.75    
  0.429999977       587526.438    
  0.439999998      -818462.500    
  0.449999988      -723618.688    
  0.459999979       267255.188    
  0.469999999       632569.500    
  0.479999989       261910.281    
  0.489999980      -424774.938    
  0.500000000      -606148.938    
  0.509999990       247184.500    
  0.519999981       648793.625    
  0.529999971      -204539.719    
  0.539999962      -385913.688    
  0.550000012       300771.219    
  0.560000002      -69888.0938    
  0.569999993      -435202.562    
  0.579999983       555672.562    
  0.589999974       460827.125    
  0.599999964      -945159.750    
  0.610000014      -273400.719    
  0.620000005       1192174.75    
  0.629999995      -126675.438    
  0.639999986      -1309088.88    
  0.649999976       643658.375    
  0.659999967       1318999.50    
  0.669999957      -1156065.25    
  0.680000007      -1235578.50    
  0.689999998       1585791.25    
  0.699999988       1080772.75    
  0.709999979      -1913684.75    
  0.719999969      -903210.875    
  0.729999959       2148015.00    
  0.740000010       765636.688    
  0.750000000      -2293388.50    
  0.759999990      -714340.625    
  0.769999981       2345590.25    
  0.779999971       764755.500    
  0.789999962      -2297082.75    
  0.799999952      -909669.750    
  0.810000002       2137796.50    
  0.819999993       1125794.50    
  0.829999983      -1857906.38    
  0.839999974      -1366192.12    
  0.849999964       1456918.00    
  0.859999955       1556649.62    
  0.870000005      -950584.875    
  0.879999995      -1615558.62    
  0.889999986       376425.000    
  0.899999976       1491080.25    
  0.909999967       193730.750    
  0.919999957      -1190072.38    
  0.930000007      -647217.188    
  0.939999998       776972.938    
  0.949999988       859244.500    
  0.959999979      -343403.438    
  0.969999969      -759990.250    
  0.979999959      -29385.9688    
  0.989999950       399211.125    
   1.00000000       294881.781    
   1.00999999       47592.2969    
