   9.99999978E-03  -365756.156    
   1.99999996E-02   115182.250    
   2.99999993E-02   500655.938    
   3.99999991E-02  -137108.062    
   4.99999970E-02  -408808.188    
   5.99999987E-02   294224.000    
   7.00000003E-02   140618.500    
   7.99999982E-02  -507136.938    
   8.99999961E-02   210893.297    
   9.99999940E-02   647172.062    
  0.109999999      -568061.750    
  0.119999997      -617343.562    
  0.129999995       892707.562    
  0.140000001       406369.531    
  0.149999991      -1168795.12    
  0.159999996      -78797.3125    
  0.170000002       1378978.62    
  0.179999992      -279917.188    
  0.189999998      -1507456.50    
  0.199999988       609193.750    
  0.209999993       1560517.88    
  0.219999999      -878152.875    
  0.229999989      -1571030.88    
  0.239999995       1066969.50    
  0.250000000       1577130.75    
  0.259999990      -1156583.25    
  0.269999981      -1600268.00    
  0.280000001       1133286.25    
  0.289999992       1642020.38    
  0.299999982      -994473.750    
  0.310000002      -1687779.25    
  0.319999993       748860.250    
  0.329999983       1704725.00    
  0.340000004      -415138.750    
  0.349999994      -1645832.25    
  0.359999985       23632.0000    
  0.370000005       1471565.25    
  0.379999995       376885.281    
  0.389999986      -1174952.00    
  0.399999976      -711376.875    
  0.409999996       788476.875    
  0.419999987       887898.062    
  0.429999977      -369986.375    
  0.439999998      -838265.250    
  0.449999988      -17550.2500    
  0.459999979       571903.750    
  0.469999999       319142.875    
  0.479999989      -198759.344    
  0.489999980      -494643.250    
  0.500000000      -108997.500    
  0.509999990       527558.562    
  0.519999981       203955.578    
  0.529999971      -432600.406    
  0.539999962      -46954.7891    
  0.550000012       248928.875    
  0.560000002      -268973.281    
  0.569999993      -16212.2344    
  0.579999983       573242.312    
  0.589999974      -247473.891    
  0.599999964      -715751.375    
  0.610000014       542130.562    
  0.620000005       641556.250    
  0.629999995      -858304.688    
  0.639999986      -394721.156    
  0.649999976       1157109.12    
  0.659999967       62429.1250    
  0.669999957      -1385487.50    
  0.680000007       283932.688    
  0.689999998       1514699.75    
  0.699999988      -605245.875    
  0.709999979      -1561076.88    
  0.719999969       875660.938    
  0.729999959       1568673.00    
  0.740000010      -1067382.25    
  0.750000000      -1576449.00    
  0.759999990       1156901.88    
  0.769999981       1601667.50    
  0.779999971      -1133762.62    
  0.789999962      -1642766.12    
  0.799999952       996394.688    
  0.810000002       1684994.12    
  0.819999993      -748397.188    
  0.829999983      -1700743.12    
  0.839999974       407979.500    
  0.849999964       1649920.88    
  0.859999955      -17077.5000    
  0.870000005      -1487916.25    
  0.879999995      -365196.906    
  0.889999986       1186592.75    
  0.899999976       676967.000    
  0.909999967      -764271.000    
  0.919999957      -861969.062    
  0.930000007       301404.500    
  0.939999998       874846.125    
  0.949999988       83654.6719    
  0.959999979      -696308.250    
  0.969999969      -293892.062    
  0.979999959       358640.406    
  0.989999950       310580.062    
   1.00000000       40944.2109    
   1.00999999      -208420.609    
