   9.99999978E-03  -5.15470982    
   1.99999996E-02  -35.6667709    
   2.99999993E-02   2.32074833    
   3.99999991E-02   4.91028929    
   4.99999970E-02  -32.8799706    
   5.99999987E-02   46.9984131    
   7.00000003E-02   14.5085258    
   7.99999982E-02  -73.8075104    
   8.99999961E-02   80.0271912    
   9.99999940E-02   39.2018242    
  0.109999999      -156.836792    
  0.119999997       91.1281052    
  0.129999995       151.424606    
  0.140000001      -248.987900    
  0.149999991      -30.5371017    
  0.159999996       357.251373    
  0.170000002      -169.248428    
  0.179999992      -372.269440    
  0.189999998       384.168091    
  0.199999988       303.976135    
  0.209999993      -563.724976    
  0.219999999      -196.860336    
  0.229999989       688.239685    
  0.239999995       102.188980    
  0.250000000      -761.113586    
  0.259999990      -59.4299011    
  0.269999981       790.537720    
  0.280000001       88.8538818    
  0.289999992      -774.448608    
  0.299999982      -188.397644    
  0.310000002       696.702454    
  0.319999993       329.837708    
  0.329999983      -537.863464    
  0.340000004      -457.671326    
  0.349999994       298.765564    
  0.359999985       501.788422    
  0.370000005      -24.7171936    
  0.379999995      -412.489594    
  0.389999986      -194.079559    
  0.399999976       206.426178    
  0.409999996       266.532501    
  0.419999987       18.9036560    
  0.429999977      -177.621765    
  0.439999998      -136.303314    
  0.449999988       17.4613533    
  0.459999979       104.688034    
  0.469999999       75.1180496    
  0.479999989      -9.12483978    
  0.489999980      -43.7870636    
  0.500000000      -43.3432159    
  0.509999990      -18.2233410    
  0.519999981       30.5327816    
  0.529999971       5.41291618    
  0.539999962       5.85673809    
  0.550000012       40.5189285    
  0.560000002      -43.7238846    
  0.569999993      -14.1538982    
  0.579999983       73.0726395    
  0.589999974      -80.6919632    
  0.599999964      -39.3733749    
  0.610000014       157.151886    
  0.620000005      -90.4769440    
  0.629999995      -150.583191    
  0.639999986       249.922516    
  0.649999976       31.5123291    
  0.659999967      -356.260010    
  0.669999957       170.245728    
  0.680000007       373.268646    
  0.689999998      -383.168457    
  0.699999988      -302.976318    
  0.709999979       564.725159    
  0.719999969       197.860352    
  0.729999959      -687.239868    
  0.740000010      -101.188934    
  0.750000000       762.113586    
  0.759999990       60.4299316    
  0.769999981      -789.537598    
  0.779999971      -87.8538818    
  0.789999962       775.448486    
  0.799999952       189.397644    
  0.810000002      -695.702454    
  0.819999993      -328.837708    
  0.829999983       538.863464    
  0.839999974       458.671570    
  0.849999964      -297.766479    
  0.859999955      -500.785706    
  0.870000005       25.7086334    
  0.879999995       413.514282    
  0.889999986       195.014130    
  0.899999976      -205.267456    
  0.909999967      -265.881256    
  0.919999957      -17.2188568    
  0.930000007       177.450058    
  0.939999998       138.968079    
  0.949999988      -18.1961327    
  0.959999979      -103.042587    
  0.969999969      -71.8435287    
  0.979999959       3.48582077    
  0.989999950       54.5540543    
   1.00000000       37.6095390    
   1.00999999       13.0893621    
