   9.99999978E-03   112718.125    
   1.99999996E-02  -97219.0781    
   2.99999993E-02  -165912.438    
   3.99999991E-02   108286.547    
   4.99999970E-02   109912.797    
   5.99999987E-02  -144126.766    
   7.00000003E-02   26300.3242    
   7.99999982E-02   178284.047    
   8.99999961E-02  -186412.875    
   9.99999940E-02  -167559.844    
  0.109999999       323103.562    
  0.119999997       83942.7812    
  0.129999995      -415893.625    
  0.140000001       64735.3438    
  0.149999991       463445.219    
  0.159999996      -242523.625    
  0.170000002      -469132.375    
  0.179999992       411940.062    
  0.189999998       438745.562    
  0.199999988      -552732.625    
  0.209999993      -386664.906    
  0.219999999       659857.562    
  0.229999989       335257.031    
  0.239999995      -732500.000    
  0.250000000      -304753.250    
  0.259999990       769221.812    
  0.269999981       305760.375    
  0.280000001      -768307.438    
  0.289999992      -340148.344    
  0.299999982       727338.562    
  0.310000002       402666.594    
  0.319999993      -643089.062    
  0.329999983      -478263.531    
  0.340000004       513839.031    
  0.349999994       541907.750    
  0.359999985      -342412.188    
  0.370000005      -566262.562    
  0.379999995       141402.281    
  0.389999986       532712.375    
  0.399999976       59572.9688    
  0.409999996      -437682.875    
  0.419999987      -214670.188    
  0.429999977       292133.250    
  0.439999998       280267.156    
  0.449999988      -118908.078    
  0.459999979      -243177.656    
  0.469999999      -48313.3320    
  0.479999989       137145.844    
  0.489999980       169673.656    
  0.500000000      -30328.9141    
  0.509999990      -212853.078    
  0.519999981      -12581.0977    
  0.529999971       169943.047    
  0.539999962      -30059.4414    
  0.550000012      -62587.1797    
  0.560000002       122871.914    
  0.569999993      -71992.5000    
  0.579999983      -196262.031    
  0.589999974       202913.312    
  0.599999964       191047.250    
  0.610000014      -315756.562    
  0.620000005      -92743.2969    
  0.629999995       404511.719    
  0.639999986      -68625.8906    
  0.649999976      -459939.500    
  0.659999967       247730.688    
  0.669999957       471574.062    
  0.680000007      -412738.375    
  0.689999998      -440810.969    
  0.699999988       551284.438    
  0.709999979       386486.906    
  0.719999969      -659323.625    
  0.729999959      -334579.656    
  0.740000010       732855.688    
  0.750000000       304661.500    
  0.759999990      -769217.562    
  0.769999981      -306096.688    
  0.779999971       768212.438    
  0.789999962       340469.188    
  0.799999952      -727962.125    
  0.810000002      -402060.812    
  0.819999993       643323.750    
  0.829999983       476843.219    
  0.839999974      -511764.500    
  0.849999964      -542709.875    
  0.859999955       339965.062    
  0.870000005       571462.375    
  0.879999995      -144911.359    
  0.889999986      -536606.125    
  0.899999976      -48190.7812    
  0.909999967       428881.375    
  0.919999957       207324.625    
  0.930000007      -268646.031    
  0.939999998      -296765.562    
  0.949999988       100930.047    
  0.959999979       288871.688    
  0.969999969       27058.4375    
  0.979999959      -184469.359    
  0.989999950      -91446.4844    
   1.00000000       26300.2148    
   1.00999999       103052.883    
