   9.99999978E-03   419.858398    
   1.99999996E-02  -231.622223    
   2.99999993E-02  -507.903625    
   3.99999991E-02   318.150970    
   4.99999970E-02  -70.9148560    
   5.99999987E-02  -492.547485    
   7.00000003E-02   835.162170    
   7.99999982E-02   203.537048    
   8.99999961E-02  -1277.54150    
   9.99999940E-02   759.553711    
  0.109999999       1136.41602    
  0.119999997      -1938.55811    
  0.129999995      -291.892517    
  0.140000001       2746.94043    
  0.149999991      -1136.54541    
  0.159999996      -2908.53906    
  0.170000002       2768.42603    
  0.179999992       2452.39746    
  0.189999998      -4205.71045    
  0.199999988      -1572.64209    
  0.209999993       5288.59668    
  0.219999999       610.026855    
  0.229999989      -5994.40771    
  0.239999995       144.140625    
  0.250000000       6404.68750    
  0.259999990      -480.279297    
  0.269999981      -6592.14160    
  0.280000001       292.833740    
  0.289999992       6553.36230    
  0.299999982       414.856689    
  0.310000002      -6189.67383    
  0.319999993      -1510.90857    
  0.329999983       5349.98145    
  0.340000004       2717.44751    
  0.349999994      -3941.30029    
  0.359999985      -3624.86768    
  0.370000005       2052.65283    
  0.379999995       3822.14404    
  0.389999986      -56.3264160    
  0.399999976      -3101.43140    
  0.409999996      -1451.73999    
  0.419999987       1630.61792    
  0.429999977       1985.02856    
  0.439999998      -21.9168701    
  0.449999988      -1515.12720    
  0.459999979      -922.202820    
  0.469999999       498.661072    
  0.479999989       836.800415    
  0.489999980       406.721893    
  0.500000000      -201.450836    
  0.509999990      -723.744629    
  0.519999981      -113.972031    
  0.529999971       408.321716    
  0.539999962      -199.850189    
  0.550000012       230.228134    
  0.560000002       568.366455    
  0.569999993      -852.496765    
  0.579999983      -259.571533    
  0.589999974       1233.63757    
  0.599999964      -773.308716    
  0.610000014      -1127.71814    
  0.620000005       1954.64026    
  0.629999995       304.948120    
  0.639999986      -2740.15723    
  0.649999976       1138.31445    
  0.659999967       2907.80566    
  0.669999957      -2769.71680    
  0.680000007      -2453.28369    
  0.689999998       4205.46582    
  0.699999988       1572.93066    
  0.709999979      -5287.96045    
  0.719999969      -609.194580    
  0.729999959       5995.33691    
  0.740000010      -143.168945    
  0.750000000      -6403.69873    
  0.759999990       481.276855    
  0.769999981       6593.13623    
  0.779999971      -291.823242    
  0.789999962      -6552.39062    
  0.799999952      -413.786377    
  0.810000002       6190.50537    
  0.819999993       1512.27014    
  0.829999983      -5349.69238    
  0.839999974      -2715.20117    
  0.849999964       3940.41431    
  0.859999955       3628.15698    
  0.870000005      -2053.38770    
  0.879999995      -3821.91284    
  0.889999986       63.1108398    
  0.899999976       3090.37573    
  0.909999967       1467.82178    
  0.919999957      -1637.31543    
  0.930000007      -1998.78333    
  0.939999998       67.8206787    
  0.949999988       1459.09180    
  0.959999979       941.537476    
  0.969999969      -422.841309    
  0.979999959      -994.113220    
  0.989999950      -288.421448    
   1.00000000       303.032257    
   1.00999999       378.150085    
