   9.99999978E-03   35575.4141    
   1.99999996E-02   331426.250    
   2.99999993E-02   19407.2188    
   3.99999991E-02  -345766.469    
   4.99999970E-02   65837.4922    
   5.99999987E-02   239725.062    
   7.00000003E-02  -255713.656    
   7.99999982E-02  -54143.9688    
   8.99999961E-02   448950.219    
   9.99999940E-02  -172338.328    
  0.109999999      -544392.000    
  0.119999997       418039.469    
  0.129999995       498888.375    
  0.140000001      -666811.250    
  0.149999991      -336895.312    
  0.159999996       892748.250    
  0.170000002       115228.219    
  0.179999992      -1065664.75    
  0.189999998       116573.438    
  0.199999988       1172410.38    
  0.209999993      -327413.469    
  0.219999999      -1226696.25    
  0.229999989       494324.156    
  0.239999995       1255219.50    
  0.250000000      -596122.250    
  0.259999990      -1277285.12    
  0.269999981       617633.625    
  0.280000001       1298243.50    
  0.289999992      -553215.250    
  0.299999982      -1313127.00    
  0.310000002       406548.188    
  0.319999993       1306652.25    
  0.329999983      -191731.312    
  0.340000004      -1251382.38    
  0.349999994      -65714.2812    
  0.359999985       1116787.00    
  0.370000005       330637.812    
  0.379999995      -889395.438    
  0.389999986      -557873.312    
  0.399999976       589116.000    
  0.409999996       691649.125    
  0.419999987      -266794.656    
  0.429999977      -679396.250    
  0.439999998      -17209.4844    
  0.449999988       504784.344    
  0.459999979       218259.875    
  0.469999999      -218297.641    
  0.479999989      -320651.938    
  0.489999980      -66489.9688    
  0.500000000       336305.531    
  0.509999990       222744.531    
  0.519999981      -293893.406    
  0.529999971      -180332.469    
  0.539999962       222462.859    
  0.550000012      -31699.0859    
  0.560000002      -134053.188    
  0.569999993       302504.375    
  0.579999983       15979.7812    
  0.589999974      -506014.469    
  0.599999964       156173.141    
  0.610000014       568773.562    
  0.620000005      -389668.219    
  0.629999995      -492205.250    
  0.639999986       654790.250    
  0.649999976       323260.375    
  0.659999967      -896765.375    
  0.669999957      -110619.062    
  0.680000007       1071872.00    
  0.689999998      -113762.250    
  0.699999988      -1173476.25    
  0.709999979       324986.500    
  0.719999969       1225039.75    
  0.729999959      -494688.094    
  0.740000010      -1254372.75    
  0.750000000       596696.188    
  0.759999990       1277672.00    
  0.769999981      -617211.625    
  0.779999971      -1299181.38    
  0.789999962       553672.125    
  0.799999952       1313266.12    
  0.810000002      -408257.094    
  0.819999993      -1304172.25    
  0.829999983       190744.469    
  0.839999974       1248635.88    
  0.849999964       71955.0625    
  0.859999955      -1121383.75    
  0.870000005      -334657.562    
  0.879999995       903024.438    
  0.889999986       545844.125    
  0.899999976      -595803.062    
  0.909999967      -663281.375    
  0.919999957       242413.062    
  0.930000007       663229.750    
  0.939999998       74275.0156    
  0.949999988      -542948.688    
  0.959999979      -265048.562    
  0.969999969       323969.344    
  0.979999959       286515.281    
  0.989999950      -56813.5938    
   1.00000000      -175378.062    
   1.00999999      -185211.812    
