   9.99999978E-03  0.419138908    
   1.99999996E-02 -0.162206739    
   2.99999993E-02  0.521191835    
   3.99999991E-02 -0.673486590    
   4.99999970E-02  0.642459333    
   5.99999987E-02   1.20481849E-03
   7.00000003E-02  -1.37616348    
   7.99999982E-02   2.83350229    
   8.99999961E-02  -2.65208340    
   9.99999940E-02 -0.776744843    
  0.109999999       6.14747286    
  0.119999997      -7.70789814    
  0.129999995     -0.129891872    
  0.140000001       12.8977966    
  0.149999991      -14.1128283    
  0.159999996      -5.75257206    
  0.170000002       26.0747032    
  0.179999992      -12.2917252    
  0.189999998      -27.6230698    
  0.199999988       32.8326721    
  0.209999993       19.1812363    
  0.219999999      -48.9251709    
  0.229999989      -6.99745750    
  0.239999995       58.7757530    
  0.250000000      -2.07639885    
  0.259999990      -63.8545380    
  0.269999981       3.46809006    
  0.280000001       65.2462234    
  0.289999992       4.39405823    
  0.299999982      -61.3791466    
  0.310000002      -19.4514332    
  0.319999993       48.6549606    
  0.329999983       35.0035210    
  0.340000004      -25.4522095    
  0.349999994      -40.7835617    
  0.359999985      -2.41713619    
  0.370000005       29.4101372    
  0.379999995       21.0498810    
  0.389999986      -5.96074867    
  0.399999976      -18.9884396    
  0.409999996      -11.4104300    
  0.419999987       2.44494152    
  0.429999977       9.36915493    
  0.439999998       7.49384022    
  0.449999988       2.00813603    
  0.459999979      -2.20105743    
  0.469999999      -3.58016515    
  0.479999989      -2.93309140    
  0.489999980      -1.63459980    
  0.500000000     -0.393309474    
  0.509999990      0.180926889    
  0.519999981      0.980795085    
  0.529999971      0.406560689    
  0.539999962       1.64785075    
  0.550000012      0.349356443    
  0.560000002      0.996429145    
  0.569999993       2.37554121    
  0.579999983      -1.83365107    
  0.589999974       3.65204859    
  0.599999964       1.77673650    
  0.610000014      -5.14746857    
  0.620000005       8.70789623    
  0.629999995       1.12988329    
  0.639999986      -11.8977900    
  0.649999976       15.1128340    
  0.659999967       6.75256062    
  0.669999957      -25.0746994    
  0.680000007       13.2917290    
  0.689999998       28.6230659    
  0.699999988      -31.8326721    
  0.709999979      -18.1812401    
  0.719999969       49.9251709    
  0.729999959       7.99746037    
  0.740000010      -57.7757607    
  0.750000000       3.07640839    
  0.759999990       64.8545456    
  0.769999981      -2.46810150    
  0.779999971      -64.2462311    
  0.789999962      -3.39405441    
  0.799999952       62.3791428    
  0.810000002       20.4514294    
  0.819999993      -47.6549644    
  0.829999983      -34.0035210    
  0.839999974       26.4522114    
  0.849999964       41.7835541    
  0.859999955       3.41713524    
  0.870000005      -28.4101334    
  0.879999995      -20.0498810    
  0.889999986       6.96074295    
  0.899999976       19.9884338    
  0.909999967       12.4104309    
  0.919999957      -1.44493890    
  0.930000007      -8.36915779    
  0.939999998      -6.49380779    
  0.949999988      -1.00828838    
  0.959999979       3.20167685    
  0.969999969       4.57779980    
  0.979999959       3.94127703    
  0.989999950       2.60896397    
   1.00000000       1.46555722    
   1.00999999      0.637662411    
