   9.99999978E-03  -169.194183    
   1.99999996E-02  -329.559113    
   2.99999993E-02   132.297180    
   3.99999991E-02   136.974014    
   4.99999970E-02  -248.775726    
   5.99999987E-02   323.471344    
   7.00000003E-02   219.817047    
   7.99999982E-02  -678.251892    
   8.99999961E-02   247.141907    
   9.99999940E-02   696.787964    
  0.109999999      -969.074097    
  0.119999997      -258.907959    
  0.129999995       1520.06592    
  0.140000001      -603.112488    
  0.149999991      -1627.78125    
  0.159999996       1655.14038    
  0.170000002       1273.54321    
  0.179999992      -2585.84863    
  0.189999998      -568.334290    
  0.199999988       3258.55371    
  0.209999993      -247.472900    
  0.219999999      -3659.17993    
  0.229999989       957.427490    
  0.239999995       3873.64404    
  0.250000000      -1402.91748    
  0.259999990      -4000.93506    
  0.269999981       1491.55542    
  0.280000001       4089.57324    
  0.289999992      -1186.99219    
  0.299999982      -4103.20020    
  0.310000002       513.386230    
  0.319999993       3925.14331    
  0.329999983       419.005371    
  0.340000004      -3407.66357    
  0.349999994      -1390.53040    
  0.359999985       2469.41797    
  0.370000005       2087.22266    
  0.379999995      -1195.48682    
  0.389999986      -2219.18213    
  0.399999976      -99.0825806    
  0.409999996       1685.21875    
  0.419999987       969.591553    
  0.429999977      -696.010071    
  0.439999998      -1134.06323    
  0.449999988      -233.358185    
  0.459999979       689.289001    
  0.469999999       589.810303    
  0.479999989      -39.1895599    
  0.489999980      -335.561676    
  0.500000000      -378.257019    
  0.509999990      -23.4871063    
  0.519999981       363.875702    
  0.529999971       9.10598755    
  0.539999962      -33.5893898    
  0.550000012       262.782043    
  0.560000002      -366.217438    
  0.569999993      -266.738281    
  0.579999983       655.908203    
  0.589999974      -244.797150    
  0.599999964      -682.849487    
  0.610000014       982.752197    
  0.620000005       267.124298    
  0.629999995      -1517.17700    
  0.639999986       602.923218    
  0.649999976       1626.61841    
  0.659999967      -1656.09204    
  0.669999957      -1273.89612    
  0.680000007       2586.05371    
  0.689999998       568.919922    
  0.699999988      -3257.74951    
  0.709999979       248.389526    
  0.719999969       3660.14697    
  0.729999959      -956.439941    
  0.740000010      -3872.64844    
  0.750000000       1403.91675    
  0.759999990       4001.93457    
  0.769999981      -1490.55566    
  0.779999971      -4088.57153    
  0.789999962       1187.98730    
  0.799999952       4104.21240    
  0.810000002      -512.419556    
  0.819999993      -3924.05957    
  0.829999983      -418.199707    
  0.839999974       3409.07739    
  0.849999964       1390.73438    
  0.859999955      -2467.06567    
  0.870000005      -2088.17334    
  0.879999995       1198.65039    
  0.889999986       2218.99268    
  0.899999976       98.1931152    
  0.909999967      -1677.00220    
  0.919999957      -981.269531    
  0.930000007       709.948059    
  0.939999998       1133.71814    
  0.949999988       211.014679    
  0.959999979      -640.367065    
  0.969999969      -632.556335    
  0.979999959       27.1828308    
  0.989999950       438.945923    
   1.00000000       238.853836    
   1.00999999       57.8038254    
