   9.99999978E-03  -2368840.75    
   1.99999996E-02  -92147.0000    
   2.99999993E-02   3087583.00    
   3.99999991E-02   97633.0000    
   4.99999970E-02  -2902504.50    
   5.99999987E-02   863684.562    
   7.00000003E-02   1981644.50    
   7.99999982E-02  -2430999.00    
   8.99999961E-02  -614062.000    
   9.99999940E-02   3961763.00    
  0.109999999      -970759.750    
  0.119999997      -4880542.00    
  0.129999995       2669788.75    
  0.140000001       4953048.00    
  0.149999991      -4428910.00    
  0.159999996      -4322184.00    
  0.170000002       6135504.50    
  0.179999992       3325985.00    
  0.189999998      -7614124.00    
  0.199999988      -2275707.50    
  0.209999993       8726542.00    
  0.219999999       1363733.50    
  0.229999989      -9452882.00    
  0.239999995      -711498.250    
  0.250000000       9864808.00    
  0.259999990       431703.000    
  0.269999981      -10033196.0    
  0.280000001      -609403.750    
  0.289999992       9964164.00    
  0.299999982       1242119.00    
  0.310000002      -9592309.00    
  0.319999993      -2229852.00    
  0.329999983       8808059.00    
  0.340000004       3419508.00    
  0.349999994      -7515481.50    
  0.359999985      -4629159.00    
  0.370000005       5720288.00    
  0.379999995       5620926.00    
  0.389999986      -3592145.25    
  0.399999976      -6083777.00    
  0.409999996       1431739.88    
  0.419999987       5708058.00    
  0.429999977       444896.625    
  0.439999998      -4359764.00    
  0.449999988      -1817617.38    
  0.459999979       2256844.00    
  0.469999999       2606596.00    
  0.479999989       2031.12500    
  0.489999980      -2857031.00    
  0.500000000      -1636837.75    
  0.509999990       2699187.00    
  0.519999981       2038495.50    
  0.529999971      -2297530.25    
  0.539999962      -1077334.75    
  0.550000012       1781722.00    
  0.560000002      -822836.500    
  0.569999993      -1172596.12    
  0.579999983       2901876.25    
  0.589999974       359721.875    
  0.599999964      -4444948.50    
  0.610000014       818249.750    
  0.620000005       5094497.00    
  0.629999995      -2420917.25    
  0.639999986      -4912645.00    
  0.649999976       4300429.50    
  0.659999967       4201273.00    
  0.669999957      -6148650.50    
  0.680000007      -3261700.50    
  0.689999998       7672915.00    
  0.699999988       2283866.25    
  0.709999979      -8752255.00    
  0.719999969      -1392415.00    
  0.729999959       9443604.00    
  0.740000010       723634.750    
  0.750000000      -9856873.00    
  0.759999990      -424463.000    
  0.769999981       10038300.0    
  0.779999971       592852.000    
  0.789999962      -9958966.00    
  0.799999952      -1234913.25    
  0.810000002       9565219.00    
  0.819999993       2258184.25    
  0.829999983      -8798108.00    
  0.839999974      -3477799.25    
  0.849999964       7579390.00    
  0.859999955       4641677.00    
  0.870000005      -5841674.00    
  0.879999995      -5492645.00    
  0.889999986       3632549.25    
  0.899999976       5835000.50    
  0.909999967      -1217681.38    
  0.919999957      -5555472.00    
  0.930000007      -928045.250    
  0.939999998       4614114.00    
  0.949999988       2288486.25    
  0.959999979      -3065900.75    
  0.969999969      -2565755.00    
  0.979999959       1118746.38    
  0.989999950       1877323.12    
   1.00000000       846784.500    
   1.00999999      -752838.125    
