   9.99999978E-03   26266.6523    
   1.99999996E-02   39845.9531    
   2.99999993E-02  -25808.7207    
   3.99999991E-02  -36253.3945    
   4.99999970E-02   32960.3086    
   5.99999987E-02   3410.82129    
   7.00000003E-02  -42736.4766    
   7.99999982E-02   41970.8984    
   8.99999961E-02   41104.3203    
   9.99999940E-02  -82184.9609    
  0.109999999      -16637.8730    
  0.119999997       107682.141    
  0.129999995      -29740.6094    
  0.140000001      -116329.320    
  0.149999991       86030.5000    
  0.159999996       108654.633    
  0.170000002      -138993.688    
  0.179999992      -86832.3984    
  0.189999998       181812.969    
  0.199999988       56738.2188    
  0.209999993      -213545.984    
  0.219999999      -27048.9922    
  0.229999989       235178.719    
  0.239999995       5393.19531    
  0.250000000      -248017.125    
  0.259999990       3718.51562    
  0.269999981       253505.281    
  0.280000001       1776.69531    
  0.289999992      -251690.797    
  0.299999982      -21845.3516    
  0.310000002       240340.891    
  0.319999993       53784.5938    
  0.329999983      -216298.234    
  0.340000004      -91491.5156    
  0.349999994       177255.672    
  0.359999985       125443.844    
  0.370000005      -123013.188    
  0.379999995      -144935.281    
  0.389999986       57798.3203    
  0.399999976       142501.938    
  0.409999996       7261.85156    
  0.419999987      -116882.578    
  0.429999977      -55415.6641    
  0.439999998       73093.0625    
  0.449999988       72368.4844    
  0.459999979      -21240.2812    
  0.469999999      -56948.8672    
  0.479999989      -24994.9062    
  0.489999980       24951.0254    
  0.500000000       51920.4453    
  0.509999990      -650.296875    
  0.519999981      -51881.0195    
  0.529999971       689.705078    
  0.539999962       27659.1055    
  0.550000012      -22286.7910    
  0.560000002       9667.19336    
  0.569999993       45375.7500    
  0.579999983      -48233.0391    
  0.589999974      -47508.4219    
  0.599999964       81000.3516    
  0.610000014       19533.4004    
  0.620000005      -104611.078    
  0.629999995       30629.0391    
  0.639999986       115332.742    
  0.649999976      -87401.0000    
  0.659999967      -109322.922    
  0.669999957       139133.672    
  0.680000007       87322.8750    
  0.689999998      -181426.266    
  0.699999988      -56616.2344    
  0.709999979       213461.625    
  0.719999969       26911.8438    
  0.729999959      -235280.812    
  0.740000010      -5433.63281    
  0.750000000       248044.281    
  0.759999990      -3714.54688    
  0.769999981      -253449.781    
  0.779999971      -1771.69531    
  0.789999962       251660.656    
  0.799999952       21947.7500    
  0.810000002      -240484.359    
  0.819999993      -53704.7578    
  0.829999983       216415.203    
  0.839999974       91103.4766    
  0.849999964      -176767.078    
  0.859999955      -125582.766    
  0.870000005       122344.461    
  0.879999995       146307.562    
  0.889999986      -58795.0234    
  0.899999976      -143388.375    
  0.909999967      -4190.77734    
  0.919999957       113989.023    
  0.930000007       54231.0234    
  0.939999998      -66686.9453    
  0.949999988      -78630.5859    
  0.959999979       18603.0078    
  0.969999969       70026.8594    
  0.979999959       14323.3848    
  0.989999950      -33545.2891    
   1.00000000      -26799.4199    
   1.00999999      -11384.7930    
