   9.99999978E-03  -71384.4531    
   1.99999996E-02   269.757812    
   2.99999993E-02   92341.7969    
   3.99999991E-02  -7040.38477    
   4.99999970E-02  -72174.8750    
   5.99999987E-02   51637.6250    
   7.00000003E-02   21735.6582    
   7.99999982E-02  -106066.781    
   8.99999961E-02   44637.5391    
   9.99999940E-02   134207.266    
  0.109999999      -117059.344    
  0.119999997      -116263.992    
  0.129999995       188422.594    
  0.140000001       57264.5391    
  0.149999991      -249134.797    
  0.159999996       23844.2578    
  0.170000002       288753.438    
  0.179999992      -109494.453    
  0.189999998      -303812.938    
  0.199999988       188836.969    
  0.209999993       301264.625    
  0.219999999      -254322.156    
  0.229999989      -292873.062    
  0.239999995       299610.312    
  0.250000000       288140.375    
  0.259999990      -320987.062    
  0.269999981      -292078.875    
  0.280000001       317144.250    
  0.289999992       305632.812    
  0.299999982      -286935.125    
  0.310000002      -325264.062    
  0.319999993       230008.359    
  0.329999983       342546.000    
  0.340000004      -149700.281    
  0.349999994      -344959.750    
  0.359999985       54133.0703    
  0.370000005       319421.969    
  0.379999995       44261.9062    
  0.389999986      -259445.953    
  0.399999976      -128384.492    
  0.409999996       171667.516    
  0.419999987       177490.297    
  0.429999977      -74681.2969    
  0.439999998      -174276.344    
  0.449999988      -9632.80078    
  0.459999979       117990.758    
  0.469999999       65801.4141    
  0.479999989      -33274.0859    
  0.489999980      -89545.3047    
  0.500000000      -37192.9453    
  0.509999990       86669.3828    
  0.519999981       56101.5117    
  0.529999971      -67760.7812    
  0.539999962      -15408.4492    
  0.550000012       40862.7109    
  0.560000002      -58212.7812    
  0.569999993      -6023.37500    
  0.579999983       121600.180    
  0.589999974      -43043.4219    
  0.599999964      -142638.438    
  0.610000014       109533.258    
  0.620000005       115356.102    
  0.629999995      -184696.141    
  0.639999986      -53634.3906    
  0.649999976       250073.000    
  0.659999967      -25085.8750    
  0.669999957      -290377.094    
  0.680000007       108719.523    
  0.689999998       303973.375    
  0.699999988      -188265.875    
  0.709999979      -300809.812    
  0.719999969       254463.125    
  0.729999959       292805.812    
  0.740000010      -299798.281    
  0.750000000      -288228.312    
  0.759999990       320933.219    
  0.769999981       292042.406    
  0.779999971      -316992.625    
  0.789999962      -305762.250    
  0.799999952       287040.281    
  0.810000002       325418.719    
  0.819999993      -230461.609    
  0.829999983      -341981.188    
  0.839999974       149534.828    
  0.849999964       344179.125    
  0.859999955      -52511.1953    
  0.870000005      -320665.781    
  0.879999995      -45199.1875    
  0.889999986       263075.531    
  0.899999976       124659.680    
  0.909999967      -172575.516    
  0.919999957      -169962.219    
  0.930000007       66250.1094    
  0.939999998       172684.156    
  0.949999988       25166.1875    
  0.959999979      -133700.984    
  0.969999969      -72376.5234    
  0.979999959       64588.2305    
  0.989999950       67096.4375    
   1.00000000       12613.9531    
   1.00999999      -30298.0723    
