   9.99999978E-03  -4605307.00    
   1.99999996E-02   9533720.00    
   2.99999993E-02   7841644.00    
   3.99999991E-02  -10488822.0    
   4.99999970E-02  -6399751.00    
   5.99999987E-02   10804406.0    
   7.00000003E-02   782522.750    
   7.99999982E-02  -10639719.0    
   8.99999961E-02   7086924.50    
   9.99999940E-02   9734446.00    
  0.109999999      -14891289.0    
  0.119999997      -7522849.50    
  0.129999995       20982872.0    
  0.140000001       3575567.00    
  0.149999991      -24876444.0    
  0.159999996       1944581.00    
  0.170000002       26994840.0    
  0.179999992      -8205876.00    
  0.189999998      -28026696.0    
  0.199999988       14093910.0    
  0.209999993       28463206.0    
  0.219999999      -18732134.0    
  0.229999989      -28584016.0    
  0.239999995       21726348.0    
  0.250000000       28664434.0    
  0.259999990      -23033098.0    
  0.269999981      -29007056.0    
  0.280000001       22684942.0    
  0.289999992       29724220.0    
  0.299999982      -20635688.0    
  0.310000002      -30568454.0    
  0.319999993       16799458.0    
  0.329999983       31042960.0    
  0.340000004      -11224107.0    
  0.349999994      -30652502.0    
  0.359999985       4321861.00    
  0.370000005       29011052.0    
  0.379999995       2967730.00    
  0.389999986      -25771616.0    
  0.399999976      -9276492.00    
  0.409999996       20613224.0    
  0.419999987       13256500.0    
  0.429999977      -13470268.0    
  0.439999998      -14181096.0    
  0.449999988       4908731.50    
  0.459999979       12329940.0    
  0.469999999       3669955.00    
  0.479999989      -8922838.00    
  0.489999980      -10293004.0    
  0.500000000       5639726.00    
  0.509999990       13154426.0    
  0.519999981      -3943823.50    
  0.529999971      -11458540.0    
  0.539999962       4474188.00    
  0.550000012       5844360.00    
  0.560000002      -6748480.50    
  0.569999993       1911602.25    
  0.579999983       9332678.00    
  0.589999974      -9757045.00    
  0.599999964      -10467858.0    
  0.610000014       16258647.0    
  0.620000005       8902537.00    
  0.629999995      -20988010.0    
  0.639999986      -4492378.00    
  0.649999976       24247582.0    
  0.659999967      -1798067.00    
  0.669999957      -26483698.0    
  0.680000007       8488135.00    
  0.689999998       27914448.0    
  0.699999988      -14343642.0    
  0.709999979      -28599908.0    
  0.719999969       18774112.0    
  0.729999959       28720128.0    
  0.740000010      -21674122.0    
  0.750000000      -28679872.0    
  0.759999990       23019592.0    
  0.769999981       28921266.0    
  0.779999971      -22676974.0    
  0.789999962      -29638464.0    
  0.799999952       20533920.0    
  0.810000002       30623678.0    
  0.819999993      -16668859.0    
  0.829999983      -31305446.0    
  0.839999974       11327382.0    
  0.849999964       30932666.0    
  0.859999955      -4830467.00    
  0.870000005      -28860958.0    
  0.879999995      -2336535.00    
  0.889999986       24855404.0    
  0.899999976       9281114.00    
  0.909999967      -19234354.0    
  0.919999957      -14624467.0    
  0.930000007       12736582.0    
  0.939999998       16851196.0    
  0.949999988      -6215666.00    
  0.959999979      -15023927.0    
  0.969999969       386069.000    
  0.979999959       9478273.00    
  0.989999950       4278376.00    
   1.00000000      -2022828.50    
   1.00999999      -7564532.50    
