   9.99999978E-03   494.548340    
   1.99999996E-02   961.026733    
   2.99999993E-02  -401.304321    
   3.99999991E-02  -551.991760    
   4.99999970E-02   726.362488    
   5.99999987E-02  -633.222290    
   7.00000003E-02  -846.938110    
   7.99999982E-02   1786.39380    
   8.99999961E-02  -3.59692383    
   9.99999940E-02  -2297.92627    
  0.109999999       1778.79932    
  0.119999997       1871.19385    
  0.129999995      -3651.74878    
  0.140000001      -393.982422    
  0.149999991       4887.88330    
  0.159999996      -1868.68311    
  0.170000002      -5229.15039    
  0.179999992       4338.18066    
  0.189999998       4768.07227    
  0.199999988      -6506.70703    
  0.209999993      -3812.88647    
  0.219999999       8165.43115    
  0.229999989       2831.25903    
  0.239999995      -9250.67578    
  0.250000000      -2198.58594    
  0.259999990       9805.40430    
  0.269999981       2161.59253    
  0.280000001      -9842.35254    
  0.289999992      -2790.34253    
  0.299999982       9291.76465    
  0.310000002       3957.27466    
  0.319999993      -8020.53613    
  0.329999983      -5327.37207    
  0.340000004       5947.95410    
  0.349999994       6378.03906    
  0.359999985      -3191.21875    
  0.370000005      -6547.16406    
  0.379999995       202.786133    
  0.389999986       5489.84668    
  0.399999976       2235.29346    
  0.409999996      -3306.26953    
  0.419999987      -3366.45312    
  0.429999977       684.774048    
  0.439999998       2961.72388    
  0.449999988       1255.29712    
  0.459999979      -1491.29211    
  0.469999999      -1675.02295    
  0.479999989      -150.291931    
  0.489999980       819.064880    
  0.500000000       1124.44934    
  0.509999990       91.5687561    
  0.519999981      -1078.66589    
  0.529999971      -45.7859039    
  0.539999962       259.598633    
  0.550000012      -709.756714    
  0.560000002       814.973816    
  0.569999993       998.702820    
  0.579999983      -1747.88562    
  0.589999974      -41.4570923    
  0.599999964       2235.49146    
  0.610000014      -1815.73657    
  0.620000005      -1875.91895    
  0.629999995       3665.64551    
  0.639999986       411.090698    
  0.649999976      -4875.97070    
  0.659999967       1873.98267    
  0.669999957       5229.92871    
  0.680000007      -4339.33154    
  0.689999998      -4769.41602    
  0.699999988       6505.91260    
  0.709999979       3812.74780    
  0.719999969      -8165.06592    
  0.729999959      -2830.57520    
  0.740000010       9251.53418    
  0.750000000       2199.52222    
  0.759999990      -9804.41797    
  0.769999981      -2160.62598    
  0.779999971       9843.41016    
  0.789999962       2791.19824    
  0.799999952      -9290.45020    
  0.810000002      -3956.90845    
  0.819999993       8022.67480    
  0.829999983       5326.57520    
  0.839999974      -5944.61084    
  0.849999964      -6379.18848    
  0.859999955       3192.44165    
  0.870000005       6552.46338    
  0.879999995      -212.701660    
  0.889999986      -5472.73877    
  0.899999976      -2247.18872    
  0.909999967       3301.54443    
  0.919999957       3405.38965    
  0.930000007      -747.208740    
  0.939999998      -2914.66895    
  0.949999988      -1216.78894    
  0.959999979       1341.52637    
  0.969999969       1856.77368    
  0.979999959       135.687134    
  0.989999950      -1111.45715    
   1.00000000      -675.359131    
   1.00999999      -209.208588    
