   9.99999978E-03   333634.875    
   1.99999996E-02  -4448967.50    
   2.99999993E-02  -1294309.25    
   3.99999991E-02   4886572.00    
   4.99999970E-02   540209.625    
   5.99999987E-02  -4324292.50    
   7.00000003E-02   1721781.00    
   7.99999982E-02   3039013.25    
   8.99999961E-02  -4640635.00    
   9.99999940E-02  -1274760.88    
  0.109999999       7186645.00    
  0.119999997      -876660.000    
  0.129999995      -8660963.00    
  0.140000001       3399139.00    
  0.149999991       8943055.00    
  0.159999996      -6175365.00    
  0.170000002      -8368111.00    
  0.179999992       8912365.00    
  0.189999998       7400840.50    
  0.199999988      -11259077.0    
  0.209999993      -6389493.00    
  0.219999999       12992396.0    
  0.229999989       5544472.00    
  0.239999995      -14083726.0    
  0.250000000      -5037920.50    
  0.259999990       14607087.0    
  0.269999981       5031988.00    
  0.280000001      -14608379.0    
  0.289999992      -5593414.00    
  0.299999982       14046384.0    
  0.310000002       6623990.50    
  0.319999993      -12812738.0    
  0.329999983      -7901541.00    
  0.340000004       10802713.0    
  0.349999994       9163476.00    
  0.359999985      -8028405.50    
  0.370000005      -10121902.0    
  0.379999995       4729815.50    
  0.389999986       10424408.0    
  0.399999976      -1379486.50    
  0.409999996      -9681379.00    
  0.419999987      -1470675.50    
  0.429999977       7637943.00    
  0.439999998       3411371.00    
  0.449999988      -4425309.50    
  0.459999979      -4321354.50    
  0.469999999       706923.500    
  0.479999989       4371199.50    
  0.489999980       2454699.25    
  0.500000000      -3917570.25    
  0.509999990      -4015967.50    
  0.519999981       3348700.25    
  0.529999971       3447092.00    
  0.539999962      -2925170.75    
  0.550000012      -1008679.31    
  0.560000002       2655605.25    
  0.569999993      -2372682.00    
  0.579999983      -2268727.50    
  0.589999974       5567983.00    
  0.599999964       1341343.12    
  0.610000014      -7767176.00    
  0.620000005       443417.000    
  0.629999995       8745358.00    
  0.639999986      -3058401.50    
  0.649999976      -8753418.00    
  0.659999967       6098964.50    
  0.669999957       8191889.00    
  0.680000007      -9000133.00    
  0.689999998      -7359431.00    
  0.699999988       11342094.0    
  0.709999979       6433428.00    
  0.719999969      -13002841.0    
  0.729999959      -5586255.50    
  0.740000010       14063394.0    
  0.750000000       5041729.50    
  0.759999990      -14605382.0    
  0.769999981      -5006376.00    
  0.779999971       14611316.0    
  0.789999962       5566383.00    
  0.799999952      -14014449.0    
  0.810000002      -6640240.50    
  0.819999993       12768344.0    
  0.829999983       7987089.50    
  0.839999974      -10841389.0    
  0.849999964      -9249776.00    
  0.859999955       8204767.00    
  0.870000005       10044920.0    
  0.879999995      -4920115.00    
  0.889999986      -10084090.0    
  0.899999976       1294957.00    
  0.909999967       9248178.00    
  0.919999957       2051318.75    
  0.930000007      -7571256.50    
  0.939999998      -4338648.50    
  0.949999988       5195623.50    
  0.959999979       4972256.50    
  0.969999969      -2375619.50    
  0.979999959      -3902735.50    
  0.989999950      -493306.625    
   1.00000000       1764780.00    
   1.00999999       2915695.50    
