   9.99999978E-03  -446656.875    
   1.99999996E-02  -101420.781    
   2.99999993E-02   563728.500    
   3.99999991E-02   90257.9688    
   4.99999970E-02  -516641.188    
   5.99999987E-02   156867.328    
   7.00000003E-02   340958.750    
   7.99999982E-02  -524705.625    
   8.99999961E-02  -77683.9531    
   9.99999940E-02   841910.812    
  0.109999999      -251932.844    
  0.119999997      -982535.875    
  0.129999995       636779.250    
  0.140000001       921745.250    
  0.149999991      -1047503.44    
  0.159999996      -715740.750    
  0.170000002       1429258.62    
  0.179999992       441691.562    
  0.189999998      -1729734.25    
  0.199999988      -157799.875    
  0.209999993       1932354.50    
  0.219999999      -95265.6875    
  0.229999989      -2057311.50    
  0.239999995       279929.125    
  0.250000000       2133019.00    
  0.259999990      -362233.562    
  0.269999981      -2172735.50    
  0.280000001       322714.125    
  0.289999992       2173960.50    
  0.299999982      -162023.875    
  0.310000002      -2123612.75    
  0.319999993      -99265.8125    
  0.329999983       1995724.75    
  0.340000004       422500.562    
  0.349999994      -1755525.00    
  0.359999985      -755717.375    
  0.370000005       1383251.88    
  0.379999995       1038514.62    
  0.389999986      -902886.500    
  0.399999976      -1202234.12    
  0.409999996       388658.125    
  0.419999987       1177513.88    
  0.429999977       61554.4375    
  0.439999998      -926374.250    
  0.449999988      -370092.500    
  0.459999979       487730.469    
  0.469999999       511808.656    
  0.479999989       4687.18750    
  0.489999980      -517083.719    
  0.500000000      -364547.938    
  0.509999990       449320.312    
  0.519999981       443995.312    
  0.529999971      -369872.812    
  0.539999962      -217337.094    
  0.550000012       304433.500    
  0.560000002      -202688.000    
  0.569999993      -226766.141    
  0.579999983       631057.750    
  0.589999974       74774.5469    
  0.599999964      -913152.500    
  0.610000014       202803.656    
  0.620000005       991665.062    
  0.629999995      -599235.375    
  0.639999986      -898574.625    
  0.649999976       1042821.56    
  0.659999967       698078.250    
  0.669999957      -1440863.38    
  0.680000007      -441114.125    
  0.689999998       1736994.38    
  0.699999988       163698.250    
  0.709999979      -1931303.50    
  0.719999969       93223.4375    
  0.729999959       2054433.75    
  0.740000010      -281101.750    
  0.750000000      -2132520.00    
  0.759999990       362372.750    
  0.769999981       2174333.50    
  0.779999971      -322654.250    
  0.789999962      -2175305.50    
  0.799999952       164454.625    
  0.810000002       2121192.00    
  0.819999993       98037.1250    
  0.829999983      -1989837.25    
  0.839999974      -429686.500    
  0.849999964       1756185.12    
  0.859999955       767381.750    
  0.870000005      -1400886.38    
  0.879999995      -1033824.12    
  0.889999986       926051.750    
  0.899999976       1164683.00    
  0.909999967      -379537.000    
  0.919999957      -1128388.00    
  0.930000007      -132799.312    
  0.939999998       929283.562    
  0.949999988       476443.250    
  0.959999979      -601921.562    
  0.969999969      -557629.250    
  0.979999959       207522.375    
  0.989999950       390004.125    
   1.00000000       170694.375    
   1.00999999      -106745.516    
