   9.99999978E-03   495383.688    
   1.99999996E-02  -680186.438    
   2.99999993E-02  -782310.625    
   3.99999991E-02   741614.625    
   4.99999970E-02   563582.250    
   5.99999987E-02  -825436.125    
   7.00000003E-02   62004.3750    
   7.99999982E-02   889480.375    
   8.99999961E-02  -848008.750    
   9.99999940E-02  -821447.938    
  0.109999999       1550488.38    
  0.119999997       513516.062    
  0.129999995      -2040286.12    
  0.140000001       53336.0625    
  0.149999991       2310953.50    
  0.159999996      -784661.375    
  0.170000002      -2411452.75    
  0.179999992       1530153.50    
  0.189999998       2388386.00    
  0.199999988      -2170225.50    
  0.209999993      -2283431.00    
  0.219999999       2655705.50    
  0.229999989       2154543.50    
  0.239999995      -2981205.50    
  0.250000000      -2071700.50    
  0.259999990       3142058.75    
  0.269999981       2087383.75    
  0.280000001      -3123983.50    
  0.289999992      -2214163.50    
  0.299999982       2917171.25    
  0.310000002       2421252.00    
  0.319999993      -2519962.75    
  0.329999983      -2640542.50    
  0.340000004       1932914.25    
  0.349999994       2782704.00    
  0.359999985      -1172579.00    
  0.370000005      -2765542.75    
  0.379999995       308268.875    
  0.389999986       2536999.25    
  0.399999976       515785.562    
  0.409999996      -2078146.12    
  0.419999987      -1111714.25    
  0.429999977       1403752.25    
  0.439999998       1332746.75    
  0.449999988      -581667.000    
  0.459999979      -1163016.25    
  0.469999999      -245402.031    
  0.479999989       747580.562    
  0.489999980       877838.625    
  0.500000000      -332570.844    
  0.509999990      -1134076.50    
  0.519999981       143311.438    
  0.529999971       944816.875    
  0.539999962      -265592.250    
  0.550000012      -395850.312    
  0.560000002       597132.625    
  0.569999993      -320483.375    
  0.579999983      -901830.000    
  0.589999974       1012580.44    
  0.599999964       941581.000    
  0.610000014      -1573894.62    
  0.620000005      -607453.625    
  0.629999995       1986474.50    
  0.639999986      -34749.0625    
  0.649999976      -2263445.50    
  0.659999967       810299.000    
  0.669999957       2403355.00    
  0.680000007      -1552001.75    
  0.689999998      -2401819.00    
  0.699999988       2171858.75    
  0.709999979       2291999.50    
  0.719999969      -2648717.50    
  0.729999959      -2152956.25    
  0.740000010       2977691.00    
  0.750000000       2069576.38    
  0.759999990      -3143776.00    
  0.769999981      -2088645.75    
  0.779999971       3128095.25    
  0.789999962       2212354.50    
  0.799999952      -2918069.25    
  0.810000002      -2414422.25    
  0.819999993       2510898.00    
  0.829999983       2641737.25    
  0.839999974      -1919699.88    
  0.849999964      -2804579.00    
  0.859999955       1180752.25    
  0.870000005       2791271.00    
  0.879999995      -355708.062    
  0.889999986      -2518376.75    
  0.899999976      -461962.062    
  0.909999967       1984203.75    
  0.919999957       1135113.00    
  0.930000007      -1283627.88    
  0.939999998      -1497322.25    
  0.949999988       569313.688    
  0.959999979       1421494.38    
  0.969999969       17096.8438    
  0.979999959      -915310.438    
  0.989999950      -401816.188    
   1.00000000       170065.859    
   1.00999999       597201.062    
