   9.99999978E-03   5390953.00    
   1.99999996E-02  -153897.500    
   2.99999993E-02  -7096024.00    
   3.99999991E-02   97535.5000    
   4.99999970E-02   6777171.00    
   5.99999987E-02  -1995141.88    
   7.00000003E-02  -4773770.00    
   7.99999982E-02   5219284.00    
   8.99999961E-02   1749186.00    
   9.99999940E-02  -8545110.00    
  0.109999999       1712061.75    
  0.119999997       10781012.0    
  0.129999995      -5318632.50    
  0.140000001      -11332575.0    
  0.149999991       8975578.00    
  0.159999996       10369752.0    
  0.170000002      -12545115.0    
  0.179999992      -8546703.00    
  0.189999998       15742023.0    
  0.199999988       6549163.50    
  0.209999993      -18258690.0    
  0.219999999      -4828241.00    
  0.229999989       19956394.0    
  0.239999995       3634857.50    
  0.250000000      -20907580.0    
  0.259999990      -3156715.50    
  0.269999981       21254208.0    
  0.280000001       3531058.00    
  0.289999992      -21029832.0    
  0.299999982      -4750746.00    
  0.310000002       20097962.0    
  0.319999993       6633933.00    
  0.329999983      -18238010.0    
  0.340000004      -8893204.00    
  0.349999994       15314305.0    
  0.359999985       11168284.0    
  0.370000005      -11433738.0    
  0.379999995      -12960019.0    
  0.389999986       6995278.00    
  0.399999976       13608294.0    
  0.409999996      -2579453.00    
  0.419999987      -12483816.0    
  0.429999977      -1258012.00    
  0.439999998       9365758.00    
  0.449999988       4144637.50    
  0.459999979      -4769228.00    
  0.469999999      -5925099.50    
  0.479999989      -48099.7500    
  0.489999980       6621938.50    
  0.500000000       3505872.50    
  0.509999990      -6398484.50    
  0.519999981      -4383425.00    
  0.529999971       5520921.50    
  0.539999962       2404863.50    
  0.550000012      -4265183.50    
  0.560000002       1611823.00    
  0.569999993       2767700.50    
  0.579999983      -6146205.50    
  0.589999974      -924999.500    
  0.599999964       9698658.00    
  0.610000014      -1527040.50    
  0.620000005      -11431417.0    
  0.629999995       4756116.00    
  0.639999986       11369662.0    
  0.649999976      -8586370.00    
  0.659999967      -10112154.0    
  0.669999957       12490317.0    
  0.680000007       8342343.00    
  0.689999998      -15862061.0    
  0.699999988      -6519570.00    
  0.709999979       18350742.0    
  0.719999969       4894325.00    
  0.729999959      -19965336.0    
  0.740000010      -3680975.50    
  0.750000000       20891224.0    
  0.759999990       3138958.50    
  0.769999981      -21244238.0    
  0.779999971      -3485585.50    
  0.789999962       20995026.0    
  0.799999952       4754414.50    
  0.810000002      -20042826.0    
  0.819999993      -6733593.00    
  0.829999983       18265972.0    
  0.839999974       9015556.00    
  0.849999964      -15515555.0    
  0.859999955      -11111524.0    
  0.870000005       11691777.0    
  0.879999995       12570306.0    
  0.889999986      -6958925.00    
  0.899999976      -13046299.0    
  0.909999967       1928832.00    
  0.919999957       12298801.0    
  0.930000007       2411665.00    
  0.939999998      -10189826.0    
  0.949999988      -5071473.00    
  0.959999979       6775337.50    
  0.969999969       5541784.50    
  0.979999959      -2463892.50    
  0.989999950      -4119545.75    
   1.00000000      -1930777.25    
   1.00999999       1861150.62    
