   9.99999978E-03  -1645.57312    
   1.99999996E-02  -80.5751953    
   2.99999993E-02   1949.42456    
   3.99999991E-02  -406.217163    
   4.99999970E-02  -828.152771    
   5.99999987E-02   1916.10352    
   7.00000003E-02  -1115.91516    
   7.99999982E-02  -2637.68799    
   8.99999961E-02   3304.47314    
   9.99999940E-02   1295.96313    
  0.109999999      -5122.93457    
  0.119999997       1837.25562    
  0.129999995       5752.96191    
  0.140000001      -5605.32080    
  0.149999991      -4580.84375    
  0.159999996       9048.33789    
  0.170000002       1838.69653    
  0.179999992      -11601.9492    
  0.189999998       1640.93066    
  0.199999988       13059.4219    
  0.209999993      -5043.17383    
  0.219999999      -13633.8652    
  0.229999989       7792.93750    
  0.239999995       13818.8164    
  0.250000000      -9469.80078    
  0.259999990      -14008.4512    
  0.269999981       9867.95508    
  0.280000001       14406.8555    
  0.289999992      -8882.10938    
  0.299999982      -14907.4102    
  0.310000002       6518.69727    
  0.319999993       15109.8994    
  0.329999983      -2992.29688    
  0.340000004      -14413.1719    
  0.349999994      -1165.07812    
  0.359999985       12268.2852    
  0.370000005       5063.88818    
  0.379999995      -8560.73242    
  0.389999986      -7558.07520    
  0.399999976       3836.70215    
  0.409999996       7724.29834    
  0.419999987       743.295654    
  0.429999977      -5579.32275    
  0.439999998      -3702.85889    
  0.449999988       2279.82910    
  0.459999979       3986.05835    
  0.469999999       587.160400    
  0.479999989      -1939.87695    
  0.489999980      -2019.26990    
  0.500000000      -514.716980    
  0.509999990       2042.55017    
  0.519999981       1250.59570    
  0.529999971      -1306.67078    
  0.539999962       197.880280    
  0.550000012       277.272156    
  0.560000002      -2249.76221    
  0.569999993       1149.13696    
  0.579999983       2855.36279    
  0.589999974      -3127.32568    
  0.599999964      -1250.85889    
  0.610000014       5071.75977    
  0.620000005      -1909.24622    
  0.629999995      -5796.84277    
  0.639999986       5597.93945    
  0.649999976       4595.27979    
  0.659999967      -9029.34473    
  0.669999957      -1824.94385    
  0.680000007       11608.4219    
  0.689999998      -1639.67480    
  0.699999988      -13060.5537    
  0.709999979       5041.64844    
  0.719999969       13632.8535    
  0.729999959      -7793.26074    
  0.740000010      -13818.5547    
  0.750000000       9470.38574    
  0.759999990       14009.3496    
  0.769999981      -9867.20898    
  0.779999971      -14405.5020    
  0.789999962       8882.34766    
  0.799999952       14909.7227    
  0.810000002      -6519.71484    
  0.819999993      -15106.3730    
  0.829999983       2991.16553    
  0.839999974       14413.9141    
  0.849999964       1171.54834    
  0.859999955      -12280.0400    
  0.870000005      -5044.89111    
  0.879999995       8548.29980    
  0.889999986       7550.69043    
  0.899999976      -3790.82520    
  0.909999967      -7796.28906    
  0.919999957      -690.120361    
  0.930000007       5624.42627    
  0.939999998       3527.71118    
  0.949999988      -2062.15308    
  0.959999979      -4017.27856    
  0.969999969      -920.820190    
  0.979999959       2492.75537    
  0.989999950       1810.93262    
   1.00000000      -126.035339    
   1.00999999      -872.528503    
