   9.99999978E-03   28094576.0    
   1.99999996E-02   30079034.0    
   2.99999993E-02  -31149138.0    
   3.99999991E-02  -34923360.0    
   4.99999970E-02   34101008.0    
   5.99999987E-02   24510404.0    
   7.00000003E-02  -37821168.0    
   7.99999982E-02  -2472374.00    
   8.99999961E-02   41627520.0    
   9.99999940E-02  -24631004.0    
  0.109999999      -43322456.0    
  0.119999997       50420800.0    
  0.129999995       40269008.0    
  0.140000001      -71151656.0    
  0.149999991      -31029320.0    
  0.159999996       86255752.0    
  0.170000002       16487588.0    
  0.179999992      -97068288.0    
  0.189999998       376848.000    
  0.199999988       105052696.    
  0.209999993      -15913528.0    
  0.219999999      -110923056.    
  0.229999989       27378288.0    
  0.239999995       114924112.    
  0.250000000      -33599912.0    
  0.259999990      -117363344.    
  0.269999981       34512056.0    
  0.280000001       118533744.    
  0.289999992      -30253024.0    
  0.299999982      -118209224.    
  0.310000002       20751684.0    
  0.319999993       115520960.    
  0.329999983      -6140560.00    
  0.340000004      -109464952.    
  0.349999994      -12403332.0    
  0.359999985       99420080.0    
  0.370000005       32101700.0    
  0.379999995      -85109032.0    
  0.389999986      -48843648.0    
  0.399999976       66296388.0    
  0.409999996       58397808.0    
  0.419999987      -42968168.0    
  0.429999977      -58146712.0    
  0.439999998       16178590.0    
  0.449999988       48479040.0    
  0.459999979       11118880.0    
  0.469999999      -33012872.0    
  0.479999989      -34178816.0    
  0.489999980       17430096.0    
  0.500000000       47863912.0    
  0.509999990      -7410934.00    
  0.519999981      -48778144.0    
  0.529999971       6496892.00    
  0.539999962       36930556.0    
  0.550000012      -14678308.0    
  0.560000002      -15844037.0    
  0.569999993       28287090.0    
  0.579999983      -9072122.00    
  0.589999974      -41373488.0    
  0.599999964       32951822.0    
  0.610000014       48132352.0    
  0.620000005      -53237816.0    
  0.629999995      -45334652.0    
  0.639999986       69804496.0    
  0.649999976       33531832.0    
  0.659999967      -83663016.0    
  0.669999957      -16360664.0    
  0.680000007       95461784.0    
  0.689999998      -1567492.00    
  0.699999988      -104946976.    
  0.709999979       16749028.0    
  0.719999969       111561728.    
  0.729999959      -27532848.0    
  0.740000010      -115353952.    
  0.750000000       33460432.0    
  0.759999990       117202936.    
  0.769999981      -34308608.0    
  0.779999971      -118115064.    
  0.789999962       29850816.0    
  0.799999952       118228688.    
  0.810000002      -20246688.0    
  0.819999993      -116399856.    
  0.829999983       6280792.00    
  0.839999974       110710640.    
  0.849999964       10829152.0    
  0.859999955      -99545984.0    
  0.870000005      -29524986.0    
  0.879999995       82590576.0    
  0.889999986       47489184.0    
  0.899999976      -61229788.0    
  0.909999967      -61210208.0    
  0.919999957       38162440.0    
  0.930000007       66469492.0    
  0.939999998      -16432604.0    
  0.949999988      -60024432.0    
  0.959999979      -1585764.00    
  0.969999969       41678608.0    
  0.979999959       14755874.0    
  0.989999950      -15422846.0    
   1.00000000      -23211482.0    
   1.00999999      -11288038.0    
