   9.99999978E-03  -1208.79688    
   1.99999996E-02  -2806.88647    
   2.99999993E-02   939.961548    
   3.99999991E-02   2034.98389    
   4.99999970E-02  -1954.23938    
   5.99999987E-02   807.992737    
   7.00000003E-02   2942.15112    
   7.99999982E-02  -4087.27197    
   8.99999961E-02  -1869.10522    
   9.99999940E-02   6478.09082    
  0.109999999      -1837.79224    
  0.119999997      -7183.62646    
  0.129999995       6888.07324    
  0.140000001       5694.90430    
  0.149999991      -11532.9570    
  0.159999996      -2020.64038    
  0.170000002       14826.0488    
  0.179999992      -2959.73535    
  0.189999998      -16560.8750    
  0.199999988       8037.15039    
  0.209999993       16988.3828    
  0.219999999      -12333.2812    
  0.229999989      -16730.3262    
  0.239999995       15358.7012    
  0.250000000       16520.7031    
  0.259999990      -16799.2812    
  0.269999981      -16804.1758    
  0.280000001       16516.3789    
  0.289999992       17677.7969    
  0.299999982      -14410.4902    
  0.310000002      -18807.8711    
  0.319999993       10512.9180    
  0.329999983       19467.4062    
  0.340000004      -5136.85449    
  0.349999994      -18730.2969    
  0.359999985      -948.330078    
  0.370000005       15889.5879    
  0.379999995       6405.14844    
  0.389999986      -10862.8809    
  0.399999976      -9646.94922    
  0.409999996       4463.57227    
  0.419999987       9690.04688    
  0.429999977       1512.56592    
  0.439999998      -6841.98145    
  0.449999988      -4875.48242    
  0.459999979       2567.80518    
  0.469999999       4532.68848    
  0.479999989       1274.80725    
  0.489999980      -1728.29700    
  0.500000000      -3277.31445    
  0.509999990      -621.657959    
  0.519999981       3041.25293    
  0.529999971       385.598022    
  0.539999962      -1163.41895    
  0.550000012       1839.68176    
  0.560000002      -1418.20056    
  0.569999993      -3383.07886    
  0.579999983       4060.20898    
  0.589999974       2093.70605    
  0.599999964      -6260.84082    
  0.610000014       1916.64380    
  0.620000005       7143.11914    
  0.629999995      -6967.40820    
  0.639999986      -5751.47412    
  0.649999976       11516.5605    
  0.659999967       2032.11621    
  0.669999957      -14805.8047    
  0.680000007       2976.16504    
  0.689999998       16569.6113    
  0.699999988      -8034.65723    
  0.709999979      -16989.1504    
  0.719999969       12331.6504    
  0.729999959       16729.0234    
  0.740000010      -15359.2354    
  0.750000000      -16520.7441    
  0.759999990       16800.0234    
  0.769999981       16804.4453    
  0.779999971      -16514.5488    
  0.789999962      -17678.4141    
  0.799999952       14413.7637    
  0.810000002       18806.2266    
  0.819999993      -10510.1582    
  0.829999983      -19464.9141    
  0.839999974       5130.11719    
  0.849999964       18746.7266    
  0.859999955       930.082520    
  0.870000005      -15878.1152    
  0.879999995      -6386.74609    
  0.889999986       10806.3145    
  0.899999976       9728.28027    
  0.909999967      -4504.08203    
  0.919999957      -9766.89844    
  0.930000007      -1295.31592    
  0.939999998       6619.37891    
  0.949999988       4848.41895    
  0.959999979      -2124.87549    
  0.969999969      -5142.89404    
  0.979999959      -1158.25085    
  0.989999950       2599.85938    
   1.00000000       1953.75439    
   1.00999999       856.026245    
