   9.99999978E-03   1.18449799E-11
   1.99999996E-02  -1.14599379E-10
   2.99999993E-02   1.83875593E-09
   3.99999991E-02  -2.40061659E-08
   4.99999970E-02   2.60023711E-07
   5.99999987E-02  -2.36495930E-06
   7.00000003E-02   1.82079420E-05
   7.99999982E-02  -1.19242781E-04
   8.99999961E-02   6.65558095E-04
   9.99999940E-02  -3.16294795E-03
  0.109999999       1.27419075E-02
  0.119999997      -4.31228243E-02
  0.129999995      0.120643459    
  0.140000001     -0.270944715    
  0.149999991      0.459992468    
  0.159999996     -0.500359714    
  0.170000002       7.74469823E-02
  0.179999992      0.851836085    
  0.189999998      -1.46590388    
  0.199999988      0.445683360    
  0.209999993       1.88525295    
  0.219999999      -2.32588267    
  0.229999989      -1.07979834    
  0.239999995       3.64066100    
  0.250000000      0.104504347    
  0.259999990      -4.29156113    
  0.269999981       6.64814711E-02
  0.280000001       4.46254683    
  0.289999992      0.926390171    
  0.299999982      -3.79406905    
  0.310000002      -2.54798412    
  0.319999993       1.66315150    
  0.329999983       3.10272121    
  0.340000004       1.19113445    
  0.349999994      -1.12660527    
  0.359999985      -1.90099490    
  0.370000005      -1.32318771    
  0.379999995     -0.362835020    
  0.389999986      0.368101835    
  0.399999976      0.759689808    
  0.409999996      0.923456013    
  0.419999987      0.979320765    
  0.429999977      0.995225668    
  0.439999998      0.999054313    
  0.449999988      0.999839067    
  0.459999979      0.999976397    
  0.469999999      0.999997139    
  0.479999989      0.999999762    
  0.489999980       1.00000000    
  0.500000000       1.00000000    
  0.509999990       1.00000000    
  0.519999981       1.00000000    
  0.529999971       1.00000000    
  0.539999962       1.00000000    
  0.550000012      0.999999881    
  0.560000002       1.00000215    
  0.569999993      0.999981880    
  0.579999983       1.00011921    
  0.589999974      0.999334335    
  0.599999964       1.00316298    
  0.610000014      0.987258196    
  0.620000005       1.04312277    
  0.629999995      0.879356503    
  0.639999986       1.27094460    
  0.649999976      0.540007949    
  0.659999967       1.50035965    
  0.669999957      0.922552407    
  0.680000007      0.148164481    
  0.689999998       2.46590447    
  0.699999988      0.554316044    
  0.709999979     -0.885253131    
  0.719999969       3.32588291    
  0.729999959       2.07979774    
  0.740000010      -2.64066029    
  0.750000000      0.895495892    
  0.759999990       5.29156017    
  0.769999981      0.933517814    
  0.779999971      -3.46254683    
  0.789999962       7.36101866E-02
  0.799999952       4.79406929    
  0.810000002       3.54798436    
  0.819999993     -0.663151741    
  0.829999983      -2.10272121    
  0.839999974     -0.191134334    
  0.849999964       2.12660503    
  0.859999955       2.90099430    
  0.870000005       2.32318759    
  0.879999995       1.36283541    
  0.889999986      0.631898224    
  0.899999976      0.240310118    
  0.909999967       7.65438527E-02
  0.919999957       2.06791218E-02
  0.930000007       4.77426779E-03
  0.939999998       9.45761509E-04
  0.949999988       1.60960568E-04
  0.959999979       2.35098414E-05
  0.969999969       2.93693824E-06
  0.979999959       3.11955034E-07
  0.989999950       2.79251644E-08
   1.00000000       2.08025619E-09
   1.00999999       1.26456373E-10
