   9.99999978E-03   8.81211008E-07
   1.99999996E-02  -2.77748927E-06
   2.99999993E-02   1.82063141E-05
   3.99999991E-02  -1.02887163E-04
   4.99999970E-02   5.11856750E-04
   5.99999987E-02  -2.23585730E-03
   7.00000003E-02   8.53765942E-03
   7.99999982E-02  -2.82921437E-02
   8.99999961E-02   8.04179013E-02
   9.99999940E-02 -0.192335635    
  0.109999999      0.374004304    
  0.119999997     -0.549661398    
  0.129999995      0.485238016    
  0.140000001      0.125234723    
  0.149999991      -1.22455764    
  0.159999996       1.85507941    
  0.170000002     -0.574006915    
  0.179999992      -2.42706752    
  0.189999998       3.68314314    
  0.199999988      0.185308218    
  0.209999993      -5.53751469    
  0.219999999       3.39431357    
  0.229999989       5.54630280    
  0.239999995      -6.41085148    
  0.250000000      -4.93578815    
  0.259999990       7.99509907    
  0.269999981       5.08125401    
  0.280000001      -7.84963322    
  0.289999992      -6.37456846    
  0.299999982       5.58258533    
  0.310000002       7.73457384    
  0.319999993      -1.19725323    
  0.329999983      -6.92007446    
  0.340000004      -3.42224002    
  0.349999994       2.68797040    
  0.359999985       4.54103231    
  0.370000005       2.11194587    
  0.379999995     -0.967691898    
  0.389999986      -2.31748414    
  0.399999976      -1.95748019    
  0.409999996     -0.922580481    
  0.419999987       1.08516216E-03
  0.429999977      0.567424893    
  0.439999998      0.840178072    
  0.449999988      0.948888183    
  0.459999979      0.985718369    
  0.469999999      0.996491671    
  0.479999989      0.999239326    
  0.489999980      0.999854147    
  0.500000000      0.999975324    
  0.509999990      0.999996126    
  0.519999981       1.00000203    
  0.529999971      0.999981999    
  0.539999962       1.00010264    
  0.550000012      0.999488056    
  0.560000002       1.00223589    
  0.569999993      0.991462231    
  0.579999983       1.02829206    
  0.589999974      0.919582248    
  0.599999964       1.19233561    
  0.610000014      0.625995636    
  0.620000005       1.54966104    
  0.629999995      0.514762223    
  0.639999986      0.874765754    
  0.649999976       2.22455645    
  0.659999967     -0.855079412    
  0.669999957       1.57400870    
  0.680000007       3.42706656    
  0.689999998      -2.68314433    
  0.699999988      0.814692974    
  0.709999979       6.53751421    
  0.719999969      -2.39431334    
  0.729999959      -4.54630184    
  0.740000010       7.41085148    
  0.750000000       5.93578720    
  0.759999990      -6.99509859    
  0.769999981      -4.08125305    
  0.779999971       8.84963322    
  0.789999962       7.37456799    
  0.799999952      -4.58258629    
  0.810000002      -6.73457432    
  0.819999993       2.19725323    
  0.829999983       7.92007351    
  0.839999974       4.42223978    
  0.849999964      -1.68797016    
  0.859999955      -3.54103112    
  0.870000005      -1.11194587    
  0.879999995       1.96769094    
  0.889999986       3.31748343    
  0.899999976       2.95748019    
  0.909999967       1.92258072    
  0.919999957      0.998915017    
  0.930000007      0.432575166    
  0.939999998      0.159821659    
  0.949999988       5.11116125E-02
  0.959999979       1.42818131E-02
  0.969999969       3.50829773E-03
  0.979999959       7.60584255E-04
  0.989999950       1.45839324E-04
   1.00000000       2.47565640E-05
   1.00999999       3.66949712E-06
