   9.99999978E-03   0.00000000    
   1.99999996E-02  -8.88178420E-16
   2.99999993E-02   8.79296636E-14
   3.99999991E-02  -4.15312229E-12
   4.99999970E-02   1.24455113E-10
   5.99999987E-02  -2.65403344E-09
   7.00000003E-02   4.28156532E-08
   7.99999982E-02  -5.42145131E-07
   8.99999961E-02   5.51655239E-06
   9.99999940E-02  -4.57944407E-05
  0.109999999       3.12941498E-04
  0.119999997      -1.76746247E-03
  0.129999995       8.24308861E-03
  0.140000001      -3.15381363E-02
  0.149999991       9.75551158E-02
  0.159999996     -0.237072721    
  0.170000002      0.426072240    
  0.179999992     -0.478877515    
  0.189999998       7.21881688E-02
  0.199999988      0.801865339    
  0.209999993      -1.23056257    
  0.219999999       4.08675075E-02
  0.229999989       1.83023226    
  0.239999995      -1.20489192    
  0.250000000      -1.87750459    
  0.259999990       1.88767791    
  0.269999981       2.01167035    
  0.280000001      -1.75351226    
  0.289999992      -2.42612481    
  0.299999982      0.608999372    
  0.310000002       2.39836431    
  0.319999993       1.12693453    
  0.329999983     -0.905493140    
  0.340000004      -1.63517046    
  0.349999994      -1.08410478    
  0.359999985     -0.179154813    
  0.370000005      0.483990282    
  0.379999995      0.818617761    
  0.389999986      0.947710872    
  0.399999976      0.987492263    
  0.409999996      0.997502744    
  0.419999987      0.999583304    
  0.429999977      0.999942064    
  0.439999998      0.999993324    
  0.449999988      0.999999404    
  0.459999979       1.00000000    
  0.469999999       1.00000000    
  0.479999989       1.00000000    
  0.489999980       1.00000000    
  0.500000000       1.00000000    
  0.509999990       1.00000000    
  0.519999981       1.00000000    
  0.529999971       1.00000000    
  0.539999962       1.00000000    
  0.550000012       1.00000000    
  0.560000002       1.00000000    
  0.569999993       1.00000000    
  0.579999983       1.00000048    
  0.589999974      0.999994576    
  0.599999964       1.00004578    
  0.610000014      0.999686956    
  0.620000005       1.00176740    
  0.629999995      0.991757035    
  0.639999986       1.03153813    
  0.649999976      0.902444959    
  0.659999967       1.23707247    
  0.669999957      0.573928118    
  0.680000007       1.47887766    
  0.689999998      0.927811265    
  0.699999988      0.198134720    
  0.709999979       2.23056293    
  0.719999969      0.959132433    
  0.729999959     -0.830232263    
  0.740000010       2.20489192    
  0.750000000       2.87750387    
  0.759999990     -0.887677908    
  0.769999981      -1.01166999    
  0.779999971       2.75351238    
  0.789999962       3.42612481    
  0.799999952      0.391000390    
  0.810000002      -1.39836431    
  0.819999993     -0.126934588    
  0.829999983       1.90549314    
  0.839999974       2.63517022    
  0.849999964       2.08410454    
  0.859999955       1.17915487    
  0.870000005      0.516009927    
  0.879999995      0.181382164    
  0.889999986       5.22889197E-02
  0.899999976       1.25076938E-02
  0.909999967       2.49714311E-03
  0.919999957       4.16739000E-04
  0.930000007       5.80030355E-05
  0.939999998       6.69203928E-06
  0.949999988       6.33341870E-07
  0.959999979       4.83811178E-08
  0.969999969       2.91142754E-09
  0.979999959       1.32938993E-10
  0.989999950       4.33075797E-12
   1.00000000       8.97060204E-14
   1.00999999       8.88178420E-16
