   9.99999978E-03  -293.068726    
   1.99999996E-02  -3344.07617    
   2.99999993E-02  -270.505981    
   3.99999991E-02   2758.53418    
   4.99999970E-02  -1647.49158    
   5.99999987E-02  -416.104919    
   7.00000003E-02   4165.96729    
   7.99999982E-02  -2884.45801    
   8.99999961E-02  -4510.44629    
   9.99999940E-02   6470.26270    
  0.109999999       1577.63696    
  0.119999997      -9365.09277    
  0.129999995       3668.44043    
  0.140000001       10300.1621    
  0.149999991      -9604.07031    
  0.159999996      -8610.39160    
  0.170000002       15060.8223    
  0.179999992       4886.99561    
  0.189999998      -19310.0957    
  0.199999988      -350.164062    
  0.209999993       22080.9902    
  0.219999999      -3903.60352    
  0.229999989      -23653.3223    
  0.239999995       7045.94336    
  0.250000000       24560.1992    
  0.259999990      -8468.06152    
  0.269999981      -25133.0898    
  0.280000001       7895.88574    
  0.289999992       25409.5137    
  0.299999982      -5289.07324    
  0.310000002      -25038.7227    
  0.319999993       944.098633    
  0.329999983       23379.8496    
  0.340000004       4412.57129    
  0.349999994      -19777.4277    
  0.359999985      -9603.30078    
  0.370000005       14051.2188    
  0.379999995       13093.2656    
  0.389999986      -6849.85645    
  0.399999976      -13478.5625    
  0.409999996      -370.676758    
  0.419999987       10427.7988    
  0.429999977       5645.57275    
  0.439999998      -5244.96924    
  0.449999988      -7227.92920    
  0.459999979       215.762451    
  0.469999999       4855.93799    
  0.479999989       2840.05371    
  0.489999980      -590.266602    
  0.500000000      -3553.97412    
  0.509999990      -2201.29980    
  0.519999981       2789.43896    
  0.529999971       1436.76599    
  0.539999962      -1526.93994    
  0.550000012       1903.37720    
  0.560000002      -112.510376    
  0.569999993      -4752.68115    
  0.579999983       2691.01270    
  0.589999974       4673.96875    
  0.599999964      -6216.57520    
  0.610000014      -1434.34619    
  0.620000005       9364.13184    
  0.629999995      -3743.75977    
  0.639999986      -10372.4668    
  0.649999976       9570.66309    
  0.659999967       8612.70703    
  0.669999957      -15041.8164    
  0.680000007      -4867.68896    
  0.689999998       19322.3164    
  0.699999988       355.033203    
  0.709999979      -22080.7266    
  0.719999969       3902.10742    
  0.729999959       23651.7461    
  0.740000010      -7046.79395    
  0.750000000      -24560.5586    
  0.759999990       8468.72656    
  0.769999981       25133.0879    
  0.779999971      -7893.83398    
  0.789999962      -25410.4922    
  0.799999952       5292.60352    
  0.810000002       25037.2070    
  0.819999993      -942.373047    
  0.829999983      -23374.9824    
  0.839999974      -4422.79297    
  0.849999964       19796.7344    
  0.859999955       9586.29297    
  0.870000005      -14048.9082    
  0.879999995      -13057.8535    
  0.889999986       6777.55762    
  0.899999976       13555.8789    
  0.909999967       369.712891    
  0.919999957      -10569.0898    
  0.930000007      -5391.88525    
  0.939999998       5083.44531    
  0.949999988       7034.48242    
  0.959999979       372.952637    
  0.969999969      -5384.55029    
  0.979999959      -3093.93921    
  0.989999950       1821.85803    
   1.00000000       2389.71265    
   1.00999999       1646.66406    
