   9.99999978E-03  -18.0473804    
   1.99999996E-02  -22.2343769    
   2.99999993E-02   12.9430656    
   3.99999991E-02  -7.35107040    
   4.99999970E-02  -6.95710659    
   5.99999987E-02   44.5126076    
   7.00000003E-02  -26.7136612    
   7.99999982E-02  -21.9032097    
   8.99999961E-02   81.7582474    
   9.99999940E-02  -51.0125694    
  0.109999999      -70.3415985    
  0.119999997       146.509567    
  0.129999995      -26.1872902    
  0.140000001      -188.837219    
  0.149999991       176.982910    
  0.159999996       138.766510    
  0.170000002      -319.337219    
  0.179999992      -8.43302917    
  0.189999998       408.166779    
  0.199999988      -156.983109    
  0.209999993      -436.708984    
  0.219999999       310.808716    
  0.229999989       428.493347    
  0.239999995      -422.486115    
  0.250000000      -416.720825    
  0.259999990       477.307434    
  0.269999981       426.128784    
  0.280000001      -467.899506    
  0.289999992      -462.134003    
  0.299999982       388.845520    
  0.310000002       506.530090    
  0.319999993      -240.987656    
  0.329999983      -520.713501    
  0.340000004       44.4364319    
  0.349999994       461.036011    
  0.359999985       150.132431    
  0.370000005      -307.973419    
  0.379999995      -269.750702    
  0.389999986       96.0518188    
  0.399999976       258.745972    
  0.409999996       85.9485931    
  0.419999987      -130.700043    
  0.429999977      -150.380249    
  0.439999998      -17.1175652    
  0.449999988       86.0865021    
  0.459999979       81.2268600    
  0.469999999       11.3062572    
  0.479999989      -43.2918358    
  0.489999980      -38.6347961    
  0.500000000      -20.6670265    
  0.509999990       9.98639774    
  0.519999981       28.1083679    
  0.529999971      -2.54506207    
  0.539999962       15.4226837    
  0.550000012       10.7656574    
  0.560000002      -43.8323822    
  0.569999993       26.0881519    
  0.579999983       21.2284527    
  0.589999974      -81.9754868    
  0.599999964       51.2872009    
  0.610000014       70.9672623    
  0.620000005      -145.681259    
  0.629999995       27.1161270    
  0.639999986       189.810211    
  0.649999976      -175.992371    
  0.659999967      -137.769531    
  0.669999957       320.336365    
  0.680000007       9.43273926    
  0.689999998      -407.166962    
  0.699999988       157.983124    
  0.709999979       437.709106    
  0.719999969      -309.808838    
  0.729999959      -427.493408    
  0.740000010       423.486206    
  0.750000000       417.720825    
  0.759999990      -476.307373    
  0.769999981      -425.128723    
  0.779999971       468.899445    
  0.789999962       463.133972    
  0.799999952      -387.845520    
  0.810000002      -505.530090    
  0.819999993       241.987686    
  0.829999983       521.713501    
  0.839999974      -43.4364319    
  0.849999964      -460.036316    
  0.859999955      -149.131500    
  0.870000005       308.970428    
  0.879999995       270.760101    
  0.889999986      -95.0787659    
  0.899999976      -257.674713    
  0.909999967      -85.1203232    
  0.919999957       132.074234    
  0.930000007       150.654816    
  0.939999998       19.3348732    
  0.949999988      -86.7611771    
  0.959999979      -78.6013336    
  0.969999969      -10.6260834    
  0.979999959       41.4832382    
  0.989999950       46.7064056    
   1.00000000       12.2690296    
   1.00999999      -4.11239338    
