   9.99999978E-03   2.65421090E-08
   1.99999996E-02  -1.16655038E-07
   2.99999993E-02   9.90997478E-07
   3.99999991E-02  -7.22943832E-06
   4.99999970E-02   4.59130970E-05
   5.99999987E-02  -2.54069979E-04
   7.00000003E-02   1.22389360E-03
   7.99999982E-02  -5.11598401E-03
   8.99999961E-02   1.84453540E-02
   9.99999940E-02  -5.67803644E-02
  0.109999999      0.146724775    
  0.119999997     -0.308904797    
  0.129999995      0.498667270    
  0.140000001     -0.521448970    
  0.149999991       6.44209981E-02
  0.159999996      0.932913542    
  0.170000002      -1.69706881    
  0.179999992      0.812494338    
  0.189999998       1.84971380    
  0.199999988      -3.27927899    
  0.209999993      0.134905577    
  0.219999999       4.58414841    
  0.229999989      -2.80186510    
  0.239999995      -4.67041206    
  0.250000000       4.73798418    
  0.259999990       4.61261940    
  0.269999981      -5.31907177    
  0.280000001      -5.19370699    
  0.289999992       4.21468925    
  0.299999982       6.08323479    
  0.310000002      -1.30277801    
  0.319999993      -5.75201988    
  0.329999983      -2.33783531    
  0.340000004       2.79115725    
  0.349999994       3.82837749    
  0.359999985       1.31881452    
  0.370000005      -1.31116843    
  0.379999995      -2.17966080    
  0.389999986      -1.59379029    
  0.399999976     -0.573673844    
  0.409999996      0.233898029    
  0.419999987      0.689527333    
  0.429999977      0.893032312    
  0.439999998      0.968258023    
  0.449999988      0.991819680    
  0.459999979      0.998159468    
  0.469999999      0.999637246    
  0.479999989      0.999937415    
  0.489999980      0.999990582    
  0.500000000      0.999998808    
  0.509999990      0.999999881    
  0.519999981       1.00000000    
  0.529999971      0.999999225    
  0.539999962       1.00000691    
  0.550000012      0.999954224    
  0.560000002       1.00025403    
  0.569999993      0.998776019    
  0.579999983       1.00511599    
  0.589999974      0.981554687    
  0.599999964       1.05678010    
  0.610000014      0.853275180    
  0.620000005       1.30890477    
  0.629999995      0.501332998    
  0.639999986       1.52144861    
  0.649999976      0.935578525    
  0.659999967       6.70875311E-02
  0.669999957       2.69706893    
  0.680000007      0.187504232    
  0.689999998     -0.849713326    
  0.699999988       4.27927971    
  0.709999979      0.865093708    
  0.719999969      -3.58414745    
  0.729999959       3.80186510    
  0.740000010       5.67041111    
  0.750000000      -3.73798394    
  0.759999990      -3.61261868    
  0.769999981       6.31907177    
  0.779999971       6.19370604    
  0.789999962      -3.21468973    
  0.799999952      -5.08323574    
  0.810000002       2.30277824    
  0.819999993       6.75201988    
  0.829999983       3.33783507    
  0.839999974      -1.79115677    
  0.849999964      -2.82837677    
  0.859999955     -0.318814397    
  0.870000005       2.31116748    
  0.879999995       3.17966032    
  0.889999986       2.59379029    
  0.899999976       1.57367408    
  0.909999967      0.766102135    
  0.919999957      0.310472608    
  0.930000007      0.106967479    
  0.939999998       3.17417756E-02
  0.949999988       8.18044040E-03
  0.959999979       1.84056303E-03
  0.969999969       3.62599210E-04
  0.979999959       6.26161200E-05
  0.989999950       9.47358240E-06
   1.00000000       1.25331712E-06
   1.00999999       1.43367785E-07
