   9.99999978E-03  -219.679321    
   1.99999996E-02   1241.24963    
   2.99999993E-02   481.674896    
   3.99999991E-02  -1026.33838    
   4.99999970E-02   598.167297    
   5.99999987E-02   309.730896    
   7.00000003E-02  -1905.70605    
   7.99999982E-02   958.227173    
   8.99999961E-02   2097.25415    
   9.99999940E-02  -2673.28442    
  0.109999999      -756.569824    
  0.119999997       4184.32422    
  0.129999995      -1646.02429    
  0.140000001      -4614.39355    
  0.149999991       4459.19238    
  0.159999996       3669.93140    
  0.170000002      -7075.44141    
  0.179999992      -1726.16504    
  0.189999998       9029.37988    
  0.199999988      -621.413574    
  0.209999993      -10197.3867    
  0.219999999       2837.84277    
  0.229999989       10809.6885    
  0.239999995      -4456.24170    
  0.250000000      -11139.7500    
  0.259999990       5206.32471    
  0.269999981       11403.4648    
  0.280000001      -4942.51807    
  0.289999992      -11626.1797    
  0.299999982       3640.05493    
  0.310000002       11611.4082    
  0.319999993      -1423.16357    
  0.329999983      -10999.7383    
  0.340000004      -1348.98022    
  0.349999994       9408.21191    
  0.359999985       4054.70630    
  0.370000005      -6684.02783    
  0.379999995      -5900.81250    
  0.389999986       3171.52246    
  0.399999976       6156.21045    
  0.409999996       293.801147    
  0.419999987      -4616.35449    
  0.429999977      -2693.09668    
  0.439999998       2002.63770    
  0.449999988       3263.00244    
  0.459999979       335.993958    
  0.469999999      -2006.49756    
  0.479999989      -1401.47705    
  0.489999980      -19.6547241    
  0.500000000       1270.83142    
  0.509999990       1230.01025    
  0.519999981      -788.652344    
  0.529999971      -747.831665    
  0.539999962       542.653442    
  0.550000012      -839.167419    
  0.560000002      -234.145630    
  0.569999993       2108.34375    
  0.579999983      -818.665955    
  0.589999974      -2079.02808    
  0.599999964       2616.70703    
  0.610000014       693.447388    
  0.620000005      -4216.70850    
  0.629999995       1645.70337    
  0.639999986       4630.39160    
  0.649999976      -4441.94727    
  0.659999967      -3658.72998    
  0.669999957       7080.00830    
  0.680000007       1726.50073    
  0.689999998      -9030.69336    
  0.699999988       620.066895    
  0.709999979       10196.6445    
  0.719999969      -2837.93115    
  0.729999959      -10809.2861    
  0.740000010       4456.95068    
  0.750000000       11140.6084    
  0.759999990      -5205.35742    
  0.769999981      -11402.5420    
  0.779999971       4943.64258    
  0.789999962       11626.8828    
  0.799999952      -3638.46069    
  0.810000002      -11611.4961    
  0.819999993       1425.90723    
  0.829999983       10998.3896    
  0.839999974       1352.29199    
  0.849999964      -9407.87598    
  0.859999955      -4057.27148    
  0.870000005       6695.23145    
  0.879999995       5885.56543    
  0.889999986      -3155.52759    
  0.899999976      -6153.88916    
  0.909999967      -326.184570    
  0.919999957       4681.47656    
  0.930000007       2636.51904    
  0.939999998      -2018.86304    
  0.949999988      -3123.44043    
  0.959999979      -536.632080    
  0.969999969       2082.08105    
  0.979999959       1644.47705    
  0.989999950      -464.029022    
   1.00000000      -1002.67377    
   1.00999999      -777.413147    
