   9.99999978E-03   15475.8066    
   1.99999996E-02  -18335.5234    
   2.99999993E-02  -23382.0234    
   3.99999991E-02   19902.0684    
   4.99999970E-02   9578.15625    
   5.99999987E-02  -23211.3457    
   7.00000003E-02   17705.8867    
   7.99999982E-02   22213.6094    
   8.99999961E-02  -44707.5078    
   9.99999940E-02  -8982.33203    
  0.109999999       61572.3125    
  0.119999997      -18565.0195    
  0.129999995      -65355.2773    
  0.140000001       54179.1250    
  0.149999991       56962.6328    
  0.159999996      -88355.1328    
  0.170000002      -38415.5352    
  0.179999992       115109.508    
  0.189999998       13434.5703    
  0.199999988      -133564.703    
  0.209999993       12260.7383    
  0.219999999       145279.250    
  0.229999989      -33110.4062    
  0.239999995      -152171.266    
  0.250000000       45615.5156    
  0.259999990       156207.469    
  0.269999981      -47924.0781    
  0.280000001      -158531.672    
  0.289999992       39249.8828    
  0.299999982       158335.266    
  0.310000002      -20105.7266    
  0.319999993      -153065.250    
  0.329999983      -7249.98438    
  0.340000004       139649.594    
  0.349999994       38194.5156    
  0.359999985      -115544.094    
  0.370000005      -65650.3281    
  0.379999995       80166.5156    
  0.389999986       82187.5469    
  0.399999976      -37035.4961    
  0.409999996      -82905.3438    
  0.419999987      -4737.43555    
  0.429999977       67057.1406    
  0.439999998       33048.6172    
  0.449999988      -38341.2070    
  0.459999979      -39957.9453    
  0.469999999       4823.91406    
  0.479999989       28243.4277    
  0.489999980       22391.7090    
  0.500000000      -10887.7861    
  0.509999990      -33384.3164    
  0.519999981       2434.70801    
  0.529999971       24931.2344    
  0.539999962      -8348.24219    
  0.550000012      -2496.51514    
  0.560000002       20922.9727    
  0.569999993      -23858.8984    
  0.579999983      -25475.6133    
  0.589999974       45914.2305    
  0.599999964       11905.6846    
  0.610000014      -59888.9062    
  0.620000005       18279.0371    
  0.629999995       64148.9023    
  0.639999986      -55074.1562    
  0.649999976      -57095.2148    
  0.659999967       88721.7109    
  0.669999957       38827.8555    
  0.680000007      -114910.531    
  0.689999998      -13455.9922    
  0.699999988       133444.734    
  0.709999979      -12372.6641    
  0.719999969      -145328.688    
  0.729999959       33107.0859    
  0.740000010       152199.000    
  0.750000000      -45587.9844    
  0.759999990      -156196.453    
  0.769999981       47949.5469    
  0.779999971       158506.953    
  0.789999962      -39227.5391    
  0.799999952      -158336.406    
  0.810000002       20051.0391    
  0.819999993       153175.625    
  0.829999983       7127.88672    
  0.839999974      -139627.297    
  0.849999964      -37996.0352    
  0.859999955       115133.531    
  0.870000005       66016.7969    
  0.879999995      -80031.9922    
  0.889999986      -83082.5781    
  0.899999976       38243.8711    
  0.909999967       82619.3359    
  0.919999957       3056.01172    
  0.930000007      -64133.7695    
  0.939999998      -34253.3203    
  0.949999988       35079.1953    
  0.959999979       46112.9414    
  0.969999969      -7112.28613    
  0.979999959      -35323.0547    
  0.989999950      -10837.8809    
   1.00000000       9340.55859    
   1.00999999       17483.4941    
