   9.99999978E-03   1075115.88    
   1.99999996E-02   718141.562    
   2.99999993E-02  -1267863.25    
   3.99999991E-02  -758354.500    
   4.99999970E-02   1294488.00    
   5.99999987E-02   143631.250    
   7.00000003E-02  -1195955.00    
   7.99999982E-02   871567.000    
   8.99999961E-02   954412.312    
   9.99999940E-02  -1903938.12    
  0.109999999      -498081.938    
  0.119999997       2652331.25    
  0.129999995      -228169.250    
  0.140000001      -3015064.50    
  0.149999991       1182976.88    
  0.159999996       3057734.50    
  0.170000002      -2218893.00    
  0.179999992      -2900794.75    
  0.189999998       3160523.75    
  0.199999988       2641985.25    
  0.209999993      -3898087.75    
  0.219999999      -2356839.50    
  0.229999989       4410451.50    
  0.239999995       2127111.25    
  0.250000000      -4714564.00    
  0.259999990      -2037031.25    
  0.269999981       4814664.50    
  0.280000001       2137939.00    
  0.289999992      -4697701.00    
  0.299999982      -2420410.50    
  0.310000002       4346996.00    
  0.319999993       2815412.50    
  0.329999983      -3741624.25    
  0.340000004      -3216456.50    
  0.349999994       2864907.75    
  0.359999985       3507572.00    
  0.370000005      -1750098.50    
  0.379999995      -3582880.00    
  0.389999986       530571.625    
  0.399999976       3351599.00    
  0.409999996       568378.000    
  0.419999987      -2747702.25    
  0.429999977      -1313900.12    
  0.439999998       1773815.88    
  0.449999988       1579430.62    
  0.459999979      -565042.688    
  0.469999999      -1415212.00    
  0.479999989      -594331.875    
  0.489999980       1029067.00    
  0.500000000       1355216.12    
  0.509999990      -685823.812    
  0.519999981      -1464406.50    
  0.529999971       576633.062    
  0.539999962       902782.312    
  0.550000012      -720616.938    
  0.560000002       100265.062    
  0.569999993       950430.812    
  0.579999983      -1194038.50    
  0.589999974      -999659.875    
  0.599999964       2088066.62    
  0.610000014       654255.375    
  0.620000005      -2661824.25    
  0.629999995       121413.750    
  0.639999986       2942396.00    
  0.649999976      -1170976.25    
  0.659999967      -3003856.00    
  0.669999957       2253874.25    
  0.680000007       2896612.50    
  0.689999998      -3185050.00    
  0.699999988      -2659371.75    
  0.709999979       3897170.25    
  0.719999969       2365586.00    
  0.729999959      -4400814.00    
  0.740000010      -2125556.25    
  0.750000000       4712078.50    
  0.759999990       2035516.62    
  0.769999981      -4820330.00    
  0.779999971      -2135614.50    
  0.789999962       4701251.50    
  0.799999952       2412808.00    
  0.810000002      -4337242.00    
  0.819999993      -2814493.00    
  0.829999983       3723743.00    
  0.839999974       3240474.00    
  0.849999964      -2869387.50    
  0.859999955      -3542624.00    
  0.870000005       1804036.62    
  0.879999995       3570977.00    
  0.889999986      -603161.000    
  0.899999976      -3244794.50    
  0.909999967      -577854.250    
  0.919999957       2591528.75    
  0.930000007       1498019.00    
  0.939999998      -1728576.00    
  0.949999988      -1901908.50    
  0.959999979       810564.562    
  0.969999969       1659104.25    
  0.979999959       20461.0000    
  0.989999950      -884639.000    
   1.00000000      -663984.062    
   1.00999999      -60442.0312    
