   9.99999978E-03  -70552424.0    
   1.99999996E-02  -27151360.0    
   2.99999993E-02   87101256.0    
   3.99999991E-02   33999100.0    
   4.99999970E-02  -90413776.0    
   5.99999987E-02  -14581080.0    
   7.00000003E-02   82992664.0    
   7.99999982E-02  -25740690.0    
   8.99999961E-02  -68473480.0    
   9.99999940E-02   75278504.0    
  0.109999999       49324732.0    
  0.119999997      -121227256.    
  0.129999995      -25856216.0    
  0.140000001       154850848.    
  0.149999991      -2694164.00    
  0.159999996      -173992896.    
  0.170000002       35917184.0    
  0.179999992       181937104.    
  0.189999998      -70785008.0    
  0.199999988      -184011296.    
  0.209999993       102345008.    
  0.219999999       184507872.    
  0.229999989      -126016808.    
  0.239999995      -185573968.    
  0.250000000       139460096.    
  0.259999990       187776832.    
  0.269999981      -142436544.    
  0.280000001      -190983136.    
  0.289999992       135177120.    
  0.299999982       194683120.    
  0.310000002      -117292000.    
  0.319999993      -197885568.    
  0.329999983       88544064.0    
  0.340000004       198964240.    
  0.349999994      -50695288.0    
  0.359999985      -195469088.    
  0.370000005       8490080.00    
  0.379999995       183943200.    
  0.389999986       31300524.0    
  0.399999976      -160374128.    
  0.409999996      -62183808.0    
  0.419999987       121986672.    
  0.429999977       80187336.0    
  0.439999998      -69957512.0    
  0.449999988      -84963256.0    
  0.459999979       11283432.0    
  0.469999999       79490480.0    
  0.479999989       42001424.0    
  0.489999980      -68771568.0    
  0.500000000      -76565920.0    
  0.509999990       58164200.0    
  0.519999981       82940832.0    
  0.529999971      -51789180.0    
  0.539999962      -59582912.0    
  0.550000012       51189208.0    
  0.560000002       13701308.0    
  0.569999993      -54506372.0    
  0.579999983       41739340.0    
  0.589999974       56748640.0    
  0.599999964      -93401784.0    
  0.610000014      -51598316.0    
  0.620000005       132575008.    
  0.629999995       34371016.0    
  0.639999986      -157282672.    
  0.649999976      -4653300.00    
  0.659999967       170784112.    
  0.669999957      -33121132.0    
  0.680000007      -177960736.    
  0.689999998       71711712.0    
  0.699999988       182231360.    
  0.709999979      -104385376.    
  0.719999969      -184857808.    
  0.729999959       127261072.    
  0.740000010       186333696.    
  0.750000000      -139431808.    
  0.759999990      -187803488.    
  0.769999981       141488480.    
  0.779999971       190779920.    
  0.789999962      -134022640.    
  0.799999952      -195493952.    
  0.810000002       117085888.    
  0.819999993       199804736.    
  0.829999983      -90511096.0    
  0.839999974      -199990288.    
  0.849999964       54684600.0    
  0.859999955       192738752.    
  0.870000005      -11644920.0    
  0.879999995      -176579904.    
  0.889999986      -33745648.0    
  0.899999976       151838256.    
  0.909999967       73517872.0    
  0.919999957      -119715832.    
  0.930000007      -98306432.0    
  0.939999998       81687872.0    
  0.949999988       100965456.    
  0.959999979      -39768728.0    
  0.969999969      -80370864.0    
  0.979999959      -2777970.00    
  0.989999950       43186772.0    
   1.00000000       41253300.0    
   1.00999999      -2374776.00    
