   9.99999978E-03  -239688.688    
   1.99999996E-02   1912120.12    
   2.99999993E-02   686858.750    
   3.99999991E-02  -2078556.88    
   4.99999970E-02  -289516.938    
   5.99999987E-02   1827366.50    
   7.00000003E-02  -819733.188    
   7.99999982E-02  -1269296.25    
   8.99999961E-02   2191204.25    
   9.99999940E-02   476932.938    
  0.109999999      -3318028.75    
  0.119999997       542040.250    
  0.129999995       3893173.50    
  0.140000001      -1779102.25    
  0.149999991      -3902632.75    
  0.159999996       3140852.00    
  0.170000002       3528797.75    
  0.179999992      -4447310.00    
  0.189999998      -2984271.00    
  0.199999988       5524937.00    
  0.209999993       2419490.50    
  0.219999999      -6297712.00    
  0.229999989      -1938008.00    
  0.239999995       6785483.50    
  0.250000000       1640788.25    
  0.259999990      -7031371.00    
  0.269999981      -1620105.00    
  0.280000001       7047237.00    
  0.289999992       1911018.75    
  0.299999982      -6809864.00    
  0.310000002      -2463276.75    
  0.319999993       6271866.00    
  0.329999983       3162250.00    
  0.340000004      -5374676.50    
  0.349999994      -3866990.00    
  0.359999985       4095530.00    
  0.370000005       4425689.00    
  0.379999995      -2520918.25    
  0.389999986      -4668032.00    
  0.399999976       874367.000    
  0.409999996       4413235.00    
  0.419999987       550789.750    
  0.429999977      -3536468.25    
  0.439999998      -1515884.25    
  0.449999988       2086299.00    
  0.459999979       1937000.88    
  0.469999999      -368279.688    
  0.479999989      -1906539.00    
  0.489999980      -1107500.75    
  0.500000000       1635656.50    
  0.509999990       1831583.50    
  0.519999981      -1352205.50    
  0.529999971      -1548133.00    
  0.539999962       1195024.75    
  0.550000012       395984.281    
  0.560000002      -1142270.75    
  0.569999993       1163004.50    
  0.579999983       1013713.31    
  0.589999974      -2588481.25    
  0.599999964      -567888.438    
  0.610000014       3519373.50    
  0.620000005      -343097.250    
  0.629999995      -3881907.50    
  0.639999986       1660400.25    
  0.649999976       3807614.00    
  0.659999967      -3139030.25    
  0.669999957      -3469322.50    
  0.680000007       4493581.00    
  0.689999998       2985318.25    
  0.699999988      -5551152.00    
  0.709999979      -2441320.25    
  0.719999969       6292445.00    
  0.729999959       1948202.00    
  0.740000010      -6774557.50    
  0.750000000      -1639338.50    
  0.759999990       7033483.00    
  0.769999981       1614207.50    
  0.779999971      -7054164.50    
  0.789999962      -1901090.75    
  0.799999952       6801549.50    
  0.810000002       2460354.75    
  0.819999993      -6248656.50    
  0.829999983      -3188248.75    
  0.839999974       5373174.00    
  0.849999964       3912684.00    
  0.859999955      -4155386.50    
  0.870000005      -4423998.00    
  0.879999995       2615975.25    
  0.889999986       4549427.00    
  0.899999976      -885539.000    
  0.909999967      -4214232.50    
  0.919999957      -752106.875    
  0.930000007       3445515.25    
  0.939999998       1913154.12    
  0.949999988      -2341892.50    
  0.959999979      -2280276.75    
  0.969999969       1053369.75    
  0.979999959       1800068.50    
  0.989999950       223966.594    
   1.00000000      -774380.375    
   1.00999999      -1271669.25    
