   9.99999978E-03  -1179572.25    
   1.99999996E-02  -3958408.25    
   2.99999993E-02   782664.750    
   3.99999991E-02   4349488.00    
   4.99999970E-02  -1365670.50    
   5.99999987E-02  -3274032.50    
   7.00000003E-02   2835369.00    
   7.99999982E-02   1180319.75    
   8.99999961E-02  -4599405.00    
   9.99999940E-02   1345238.88    
  0.109999999       5880594.00    
  0.119999997      -3878965.00    
  0.129999995      -6128626.50    
  0.140000001       6250381.50    
  0.149999991       5276344.00    
  0.159999996      -8416463.00    
  0.170000002      -3688048.00    
  0.179999992       10303790.0    
  0.189999998       1877653.50    
  0.199999988      -11788958.0    
  0.209999993      -241871.000    
  0.219999999       12801531.0    
  0.229999989      -1005329.00    
  0.239999995      -13397673.0    
  0.250000000       1738882.50    
  0.259999990       13709538.0    
  0.269999981      -1851312.00    
  0.280000001      -13823662.0    
  0.289999992       1287555.00    
  0.299999982       13700214.0    
  0.310000002      -97123.5000    
  0.319999993      -13184242.0    
  0.329999983      -1583141.25    
  0.340000004       12089358.0    
  0.349999994       3563439.50    
  0.359999985      -10310791.0    
  0.370000005      -5566102.00    
  0.379999995       7912407.00    
  0.389999986       7164264.50    
  0.399999976      -5128167.00    
  0.409999996      -7830457.00    
  0.419999987       2275519.50    
  0.429999977       7154323.00    
  0.439999998       341039.750    
  0.449999988      -5127002.00    
  0.459999979      -2465730.00    
  0.469999999       2295495.50    
  0.479999989       3888558.25    
  0.489999980       364931.250    
  0.500000000      -4470513.50    
  0.509999990      -1846841.88    
  0.519999981       4205989.00    
  0.529999971       1582313.38    
  0.539999962      -3253125.75    
  0.550000012       270493.188    
  0.560000002       1863564.00    
  0.569999993      -2897671.50    
  0.579999983      -236393.750    
  0.589999974       5231664.00    
  0.599999964      -1581670.12    
  0.610000014      -6460389.00    
  0.620000005       3645477.75    
  0.629999995       6347854.00    
  0.639999986      -5944536.00    
  0.649999976      -5196684.00    
  0.659999967       8282399.00    
  0.669999957       3537053.75    
  0.680000007      -10336940.0    
  0.689999998      -1810173.75    
  0.699999988       11860088.0    
  0.709999979       261802.500    
  0.719999969      -12826414.0    
  0.729999959       967511.500    
  0.740000010       13388653.0    
  0.750000000      -1731452.50    
  0.759999990      -13704076.0    
  0.769999981       1873770.00    
  0.779999971       13816508.0    
  0.789999962      -1305463.00    
  0.799999952      -13670876.0    
  0.810000002       68830.5000    
  0.819999993       13165409.0    
  0.829999983       1657088.50    
  0.839999974      -12154596.0    
  0.849999964      -3595740.25    
  0.859999955       10461546.0    
  0.870000005       5431375.00    
  0.879999995      -7992635.50    
  0.889999986      -6858706.50    
  0.899999976       4908896.50    
  0.909999967       7597051.50    
  0.919999957      -1695610.50    
  0.930000007      -7390665.50    
  0.939999998      -973246.500    
  0.949999988       6070942.00    
  0.959999979       2528027.75    
  0.969999969      -3705973.00    
  0.979999959      -2793386.50    
  0.989999950       731422.375    
   1.00000000       2105529.50    
   1.00999999       2094420.12    
