   9.99999978E-03   3027759.50    
   1.99999996E-02   8914912.00    
   2.99999993E-02  -2270025.75    
   3.99999991E-02  -9937752.00    
   4.99999970E-02   3397603.50    
   5.99999987E-02   7733489.00    
   7.00000003E-02  -6322516.50    
   7.99999982E-02  -3221555.75    
   8.99999961E-02   9997633.00    
   9.99999940E-02  -2306022.00    
  0.109999999      -12929290.0    
  0.119999997       7841611.50    
  0.129999995       13932859.0    
  0.140000001      -12944940.0    
  0.149999991      -12697169.0    
  0.159999996       17556394.0    
  0.170000002       9815084.00    
  0.179999992      -21633252.0    
  0.189999998      -6313761.50    
  0.199999988       24984340.0    
  0.209999993       3091172.50    
  0.219999999      -27405478.0    
  0.229999989      -669891.000    
  0.239999995       28889700.0    
  0.250000000      -695538.000    
  0.259999990      -29633934.0    
  0.269999981       849298.000    
  0.280000001       29814516.0    
  0.289999992       280052.000    
  0.299999982      -29364196.0    
  0.310000002      -2612217.00    
  0.319999993       27975070.0    
  0.329999983       5909827.50    
  0.340000004      -25319126.0    
  0.349999994      -9791592.00    
  0.359999985       21295646.0    
  0.370000005       13650588.0    
  0.379999995      -16132715.0    
  0.389999986      -16566705.0    
  0.399999976       10307702.0    
  0.409999996       17460752.0    
  0.419999987      -4379347.00    
  0.429999977      -15568619.0    
  0.439999998      -1127809.50    
  0.449999988       10987919.0    
  0.459999979       5723453.00    
  0.469999999      -4912436.50    
  0.479999989      -8924341.00    
  0.489999980      -676875.250    
  0.500000000       10336401.0    
  0.509999990       3786568.50    
  0.519999981      -9842099.00    
  0.529999971      -3292282.50    
  0.539999962       7720998.00    
  0.550000012      -526473.000    
  0.560000002      -4538391.00    
  0.569999993       6097551.50    
  0.579999983       832982.750    
  0.589999974      -11282620.0    
  0.599999964       3158097.50    
  0.610000014       14347332.0    
  0.620000005      -7492461.00    
  0.629999995      -14646157.0    
  0.639999986       12229033.0    
  0.649999976       12662662.0    
  0.659999967      -17121482.0    
  0.669999957      -9473932.00    
  0.680000007       21609890.0    
  0.689999998       6084217.00    
  0.699999988      -25141614.0    
  0.709999979      -3085955.00    
  0.719999969       27513074.0    
  0.729999959       758127.000    
  0.740000010      -28902968.0    
  0.750000000       665889.000    
  0.759999990       29604610.0    
  0.769999981      -897898.000    
  0.779999971      -29758372.0    
  0.789999962      -258925.000    
  0.799999952       29292806.0    
  0.810000002       2716846.00    
  0.819999993      -27992022.0    
  0.829999983      -6076680.00    
  0.839999974       25545546.0    
  0.849999964       9770086.00    
  0.859999955      -21633368.0    
  0.870000005      -13213174.0    
  0.879999995       16168057.0    
  0.889999986       15850425.0    
  0.899999976      -9595182.00    
  0.909999967      -17112238.0    
  0.919999957       2960994.00    
  0.930000007       16420649.0    
  0.939999998       2412889.00    
  0.949999988      -13376362.0    
  0.959999979      -5498383.00    
  0.969999969       8107585.50    
  0.979999959       6053222.50    
  0.989999950      -1539881.25    
   1.00000000      -4774094.00    
   1.00999999      -4713766.00    
