   9.99999978E-03  -10920.3281    
   1.99999996E-02   983.453125    
   2.99999993E-02   13955.2900    
   3.99999991E-02  -2822.80933    
   4.99999970E-02  -8501.81348    
   5.99999987E-02   10716.5762    
   7.00000003E-02  -2506.46631    
   7.99999982E-02  -17651.3906    
   8.99999961E-02   15528.8799    
   9.99999940E-02   16404.9180    
  0.109999999      -27977.9980    
  0.119999997      -5132.18945    
  0.129999995       37486.8438    
  0.140000001      -12602.3838    
  0.149999991      -41416.4375    
  0.159999996       31980.4746    
  0.170000002       38519.3477    
  0.179999992      -49829.5859    
  0.189999998      -30379.8633    
  0.199999988       64508.4141    
  0.209999993       20369.2227    
  0.219999999      -75175.9141    
  0.229999989      -11559.4160    
  0.239999995       81949.2188    
  0.250000000       6127.14453    
  0.259999990      -85492.0859    
  0.269999981      -5529.83594    
  0.280000001       86085.3828    
  0.289999992       10271.8574    
  0.299999982      -83245.3984    
  0.310000002      -19623.7871    
  0.319999993       75932.5703    
  0.329999983       31758.6328    
  0.340000004      -63077.1172    
  0.349999994      -43662.8984    
  0.359999985       44647.6875    
  0.370000005       51335.5742    
  0.379999995      -22265.6094    
  0.389999986      -51003.6328    
  0.399999976      -649.027344    
  0.409999996       41375.5078    
  0.419999987       18997.7930    
  0.429999977      -25019.7559    
  0.439999998      -27293.2773    
  0.449999988       7252.87988    
  0.459999979       22949.9668    
  0.469999999       6649.42383    
  0.479999989      -9590.20508    
  0.489999980      -13790.6963    
  0.500000000      -3580.15381    
  0.509999990       14310.0781    
  0.519999981       7532.57568    
  0.529999971      -10357.6523    
  0.539999962      -147.116943    
  0.550000012       4053.36499    
  0.560000002      -12186.2529    
  0.569999993       4114.29932    
  0.579999983       19811.3750    
  0.589999974      -14734.7930    
  0.599999964      -17008.3066    
  0.610000014       27009.2539    
  0.620000005       4631.52539    
  0.629999995      -37393.0195    
  0.639999986       12961.5996    
  0.649999976       41699.6328    
  0.659999967      -31901.5625    
  0.669999957      -38589.4648    
  0.680000007       49721.1562    
  0.689999998       30306.8828    
  0.699999988      -64528.7617    
  0.709999979      -20355.1289    
  0.719999969       75201.9297    
  0.729999959       11578.9590    
  0.740000010      -81935.9062    
  0.750000000      -6126.32617    
  0.759999990       85494.4297    
  0.769999981       5526.17969    
  0.779999971      -86089.7266    
  0.789999962      -10262.4688    
  0.799999952       83225.4219    
  0.810000002       19648.4277    
  0.819999993      -75945.3281    
  0.829999983      -31779.2715    
  0.839999974       63151.9844    
  0.849999964       43554.4102    
  0.859999955      -44575.5977    
  0.870000005      -51256.6602    
  0.879999995       21984.4219    
  0.889999986       51362.8359    
  0.899999976       557.189453    
  0.909999967      -41876.1641    
  0.919999957      -18027.0391    
  0.930000007       24416.3691    
  0.939999998       26501.1855    
  0.949999988      -5092.89648    
  0.959999979      -24555.7930    
  0.969999969      -8119.10205    
  0.979999959       14040.6455    
  0.989999950       10820.7656    
   1.00000000      -15.4790039    
   1.00999999      -5794.04297    
