   9.99999978E-03  -147.670486    
   1.99999996E-02   63.9968681    
   2.99999993E-02   162.925964    
   3.99999991E-02  -101.737846    
   4.99999970E-02   72.6904602    
   5.99999987E-02   160.320953    
   7.00000003E-02  -328.325958    
   7.99999982E-02   21.4402771    
   8.99999961E-02   416.877350    
   9.99999940E-02  -438.614838    
  0.109999999      -224.400757    
  0.119999997       820.297852    
  0.129999995      -266.756409    
  0.140000001      -920.193787    
  0.149999991       929.981262    
  0.159999996       687.341431    
  0.170000002      -1527.39441    
  0.179999992      -173.895081    
  0.189999998       1935.83057    
  0.199999988      -454.840820    
  0.209999993      -2134.79248    
  0.219999999       1039.99426    
  0.229999989       2195.25049    
  0.239999995      -1467.12512    
  0.250000000      -2215.60303    
  0.259999990       1671.09070    
  0.269999981       2268.49487    
  0.280000001      -1618.19897    
  0.289999992      -2366.67676    
  0.299999982       1295.70020    
  0.310000002       2450.95215    
  0.319999993      -723.825378    
  0.329999983      -2403.80176    
  0.340000004      -13.0710449    
  0.349999994       2096.52710    
  0.359999985       743.273926    
  0.370000005      -1471.87585    
  0.379999995      -1228.66833    
  0.389999986       620.979797    
  0.399999976       1274.38574    
  0.409999996       188.772003    
  0.419999987      -859.540894    
  0.429999977      -639.950500    
  0.439999998       211.423004    
  0.449999988       603.867249    
  0.459999979       269.480835    
  0.469999999      -243.817749    
  0.479999989      -316.011292    
  0.489999980      -119.994606    
  0.500000000       76.8133316    
  0.509999990       246.248413    
  0.519999981       51.0925369    
  0.529999971      -118.342575    
  0.539999962       78.4650879    
  0.550000012      -117.551483    
  0.560000002      -189.744629    
  0.569999993       323.553436    
  0.579999983      -10.8330688    
  0.589999974      -403.276733    
  0.599999964       448.096802    
  0.610000014       228.505905    
  0.620000005      -819.806763    
  0.629999995       265.807312    
  0.639999986       919.213013    
  0.649999976      -930.435669    
  0.659999967      -687.227905    
  0.669999957       1527.92285    
  0.680000007       174.669067    
  0.689999998      -1934.92969    
  0.699999988       455.801636    
  0.709999979       2135.77832    
  0.719999969      -1038.99976    
  0.729999959      -2194.25195    
  0.740000010       1468.12500    
  0.750000000       2216.60303    
  0.759999990      -1670.09082    
  0.769999981      -2267.49487    
  0.779999971       1619.19873    
  0.789999962       2367.67627    
  0.799999952      -1294.69824    
  0.810000002      -2449.95728    
  0.819999993       724.840088    
  0.829999983       2404.76221    
  0.839999974       14.1694336    
  0.849999964      -2095.75293    
  0.859999955      -741.801392    
  0.870000005       1471.98999    
  0.879999995       1231.12231    
  0.889999986      -621.960815    
  0.899999976      -1271.43652    
  0.909999967      -188.280975    
  0.919999957       857.435303    
  0.930000007       649.432373    
  0.939999998      -223.023315    
  0.949999988      -593.259705    
  0.959999979      -262.708374    
  0.969999969       214.393677    
  0.979999959       362.872162    
  0.989999950       96.7219543    
   1.00000000      -119.396561    
   1.00999999      -131.158905    
