   9.99999978E-03   0.00000000    
   1.99999996E-02   0.00000000    
   2.99999993E-02   0.00000000    
   3.99999991E-02   0.00000000    
   4.99999970E-02   0.00000000    
   5.99999987E-02   0.00000000    
   7.00000003E-02   0.00000000    
   7.99999982E-02   0.00000000    
   8.99999961E-02   0.00000000    
   9.99999940E-02   0.00000000    
  0.109999999       0.00000000    
  0.119999997       0.00000000    
  0.129999995       0.00000000    
  0.140000001      -1.49011612E-08
  0.149999991       7.59959221E-07
  0.159999996      -1.76429749E-05
  0.170000002       2.45809555E-04
  0.179999992      -2.27829814E-03
  0.189999998       1.46833956E-02
  0.199999988      -6.65239096E-02
  0.209999993      0.207420230    
  0.219999999     -0.411393940    
  0.229999989      0.385422111    
  0.239999995      0.224381924    
  0.250000000     -0.831380844    
  0.259999990       8.71812701E-02
  0.269999981       1.02273464    
  0.280000001      0.104172468    
  0.289999992     -0.951590300    
  0.299999982     -0.790550113    
  0.310000002       6.26593828E-03
  0.319999993      0.625080109    
  0.329999983      0.899024248    
  0.340000004      0.980231524    
  0.349999994      0.997193217    
  0.359999985      0.999717355    
  0.370000005      0.999980807    
  0.379999995      0.999999225    
  0.389999986       1.00000000    
  0.399999976       1.00000000    
  0.409999996       1.00000000    
  0.419999987       1.00000000    
  0.429999977       1.00000000    
  0.439999998       1.00000000    
  0.449999988       1.00000000    
  0.459999979       1.00000000    
  0.469999999       1.00000000    
  0.479999989       1.00000000    
  0.489999980       1.00000000    
  0.500000000       1.00000000    
  0.509999990       1.00000000    
  0.519999981       1.00000000    
  0.529999971       1.00000000    
  0.539999962       1.00000000    
  0.550000012       1.00000000    
  0.560000002       1.00000000    
  0.569999993       1.00000000    
  0.579999983       1.00000000    
  0.589999974       1.00000000    
  0.599999964       1.00000000    
  0.610000014       1.00000000    
  0.620000005       1.00000000    
  0.629999995       1.00000000    
  0.639999986       1.00000000    
  0.649999976      0.999999225    
  0.659999967       1.00001764    
  0.669999957      0.999754190    
  0.680000007       1.00227833    
  0.689999998      0.985316634    
  0.699999988       1.06652379    
  0.709999979      0.792579770    
  0.719999969       1.41139388    
  0.729999959      0.614577889    
  0.740000010      0.775618076    
  0.750000000       1.83138084    
  0.759999990      0.912818730    
  0.769999981      -2.27345824E-02
  0.779999971      0.895827532    
  0.789999962       1.95159030    
  0.799999952       1.79055011    
  0.810000002      0.993734062    
  0.819999993      0.374919891    
  0.829999983      0.100975752    
  0.839999974       1.97684467E-02
  0.849999964       2.80675292E-03
  0.859999955       2.82645226E-04
  0.870000005       1.91926956E-05
  0.879999995       7.89761543E-07
  0.889999986       1.49011612E-08
  0.899999976       0.00000000    
  0.909999967       0.00000000    
  0.919999957       0.00000000    
  0.930000007       0.00000000    
  0.939999998       0.00000000    
  0.949999988       0.00000000    
  0.959999979       0.00000000    
  0.969999969       0.00000000    
  0.979999959       0.00000000    
  0.989999950       0.00000000    
   1.00000000       0.00000000    
   1.00999999       0.00000000    
