   9.99999978E-03   2.98754168    
   1.99999996E-02   9.09569168    
   2.99999993E-02  0.489835978    
   3.99999991E-02   4.58369017    
   4.99999970E-02   7.43890429    
   5.99999987E-02  -11.5731049    
   7.00000003E-02   10.0668049    
   7.99999982E-02   7.83167791    
   8.99999961E-02  -27.4001198    
   9.99999940E-02   22.7374229    
  0.109999999       17.5378380    
  0.119999997      -55.3874588    
  0.129999995       29.2858219    
  0.140000001       55.6549072    
  0.149999991      -89.5748215    
  0.159999996      -10.3083420    
  0.170000002       130.123352    
  0.179999992      -65.3140869    
  0.189999998      -134.190567    
  0.199999988       144.544434    
  0.209999993       108.185410    
  0.219999999      -208.007233    
  0.229999989      -71.8356247    
  0.239999995       249.515778    
  0.250000000       45.6159515    
  0.259999990      -270.795563    
  0.269999981      -43.3260422    
  0.280000001       273.085480    
  0.289999992       69.1855545    
  0.299999982      -252.165817    
  0.310000002      -115.994125    
  0.319999993       200.198486    
  0.329999983       163.839417    
  0.340000004      -114.895576    
  0.349999994      -183.772064    
  0.359999985       11.6653595    
  0.370000005       152.097000    
  0.379999995       72.8306122    
  0.389999986      -72.3993683    
  0.399999976      -98.7675247    
  0.409999996      -14.0972824    
  0.419999987       58.8371506    
  0.429999977       53.6125946    
  0.439999998       3.53660774    
  0.449999988      -31.8301697    
  0.459999979      -29.3380966    
  0.469999999      -8.10370827    
  0.479999989       11.3803463    
  0.489999980       14.0185652    
  0.500000000       9.26404381    
  0.509999990       2.85231090    
  0.519999981      -6.82739782    
  0.529999971     -0.415660501    
  0.539999962      -5.17017794    
  0.550000012      -7.80840826    
  0.560000002       11.6756382    
  0.569999993      -9.55872250    
  0.579999983      -7.06663847    
  0.589999974       28.3000965    
  0.599999964      -21.7758675    
  0.610000014      -16.5512619    
  0.620000005       56.3831100    
  0.629999995      -28.2871361    
  0.639999986      -54.6552200    
  0.649999976       90.5747299    
  0.659999967       11.3082962    
  0.669999957      -129.123383    
  0.680000007       66.3140945    
  0.689999998       135.190582    
  0.699999988      -143.544479    
  0.709999979      -107.185440    
  0.719999969       209.007294    
  0.729999959       72.8356247    
  0.740000010      -248.515839    
  0.750000000      -44.6159210    
  0.759999990       271.795563    
  0.769999981       44.3259964    
  0.779999971      -272.085480    
  0.789999962      -68.1855469    
  0.799999952       253.165787    
  0.810000002       116.994133    
  0.819999993      -199.198517    
  0.829999983      -162.839432    
  0.839999974       115.895622    
  0.849999964       184.772064    
  0.859999955      -10.6653519    
  0.870000005      -151.097031    
  0.879999995      -71.8305283    
  0.889999986       73.3990021    
  0.899999976       99.7687912    
  0.909999967       15.0929642    
  0.919999957      -57.8236694    
  0.930000007      -52.6510201    
  0.939999998      -2.43662071    
  0.949999988       32.5951767    
  0.959999979       30.8300037    
  0.969999969       8.20625401    
  0.979999959      -9.01083374    
  0.989999950      -14.6050558    
   1.00000000      -7.33822441    
   1.00999999     -0.584021807    
