   9.99999978E-03   53651.3906    
   1.99999996E-02  -134770.203    
   2.99999993E-02  -96553.0938    
   3.99999991E-02   142667.172    
   4.99999970E-02   40969.4219    
   5.99999987E-02  -133106.328    
   7.00000003E-02   85051.1797    
   7.99999982E-02   101897.094    
   8.99999961E-02  -220496.625    
   9.99999940E-02  -34437.9062    
  0.109999999       311991.125    
  0.119999997      -78887.7188    
  0.129999995      -339330.844    
  0.140000001       227363.469    
  0.149999991       311181.656    
  0.159999996      -381690.812    
  0.170000002      -245487.078    
  0.179999992       512890.344    
  0.189999998       158313.969    
  0.199999988      -608836.000    
  0.209999993      -66099.4062    
  0.219999999       673426.000    
  0.229999989      -11825.6875    
  0.239999995      -714904.875    
  0.250000000       58554.8125    
  0.259999990       738327.438    
  0.269999981      -65022.6250    
  0.280000001      -744804.500    
  0.289999992       28989.2188    
  0.299999982       731745.750    
  0.310000002       46618.0312    
  0.319999993      -692448.438    
  0.329999983      -150819.531    
  0.340000004       617327.500    
  0.349999994       263134.312    
  0.359999985      -497766.125    
  0.370000005      -358281.375    
  0.379999995       334158.594    
  0.389999986       412743.906    
  0.399999976      -145715.375    
  0.409999996      -408409.438    
  0.419999987      -28621.6641    
  0.429999977       335784.719    
  0.439999998       145984.234    
  0.449999988      -201346.969    
  0.459999979      -183771.328    
  0.469999999       36278.3398    
  0.479999989       154595.344    
  0.489999980       106076.336    
  0.500000000      -99793.9531    
  0.509999990      -171783.812    
  0.519999981       64483.0977    
  0.529999971       136472.969    
  0.539999962      -69397.2344    
  0.550000012      -20878.1973    
  0.560000002       97438.7109    
  0.569999993      -122611.000    
  0.579999983      -105035.273    
  0.589999974       242296.000    
  0.599999964       52495.4688    
  0.610000014      -311911.156    
  0.620000005       67877.1406    
  0.629999995       330570.594    
  0.639999986      -227887.391    
  0.649999976      -306475.406    
  0.659999967       385969.062    
  0.669999957       246478.078    
  0.680000007      -514414.844    
  0.689999998      -160227.750    
  0.699999988       607918.062    
  0.709999979       66306.7812    
  0.719999969      -672802.438    
  0.729999959       12391.5938    
  0.740000010       715082.625    
  0.750000000      -58700.7500    
  0.759999990      -738366.375    
  0.769999981       64703.9688    
  0.779999971       744836.250    
  0.789999962      -28800.8750    
  0.799999952      -732244.000    
  0.810000002      -45928.3906    
  0.819999993       692285.625    
  0.829999983       149919.188    
  0.839999974      -615410.500    
  0.849999964      -264664.875    
  0.859999955       496769.562    
  0.870000005       362553.188    
  0.879999995      -338867.219    
  0.889999986      -413270.250    
  0.899999976       154476.312    
  0.909999967       397398.125    
  0.919999957       28543.2812    
  0.930000007      -317727.250    
  0.939999998      -167781.594    
  0.949999988       198208.703    
  0.959999979       221333.047    
  0.969999969      -71945.9375    
  0.979999959      -174684.469    
  0.989999950      -32806.3711    
   1.00000000       59875.9922    
   1.00999999       101496.734    
