   9.99999978E-03   5.44782352    
   1.99999996E-02   6.48820162    
   2.99999993E-02 -0.287050724    
   3.99999991E-02   5.76689100    
   4.99999970E-02  0.637776613    
   5.99999987E-02  -6.48701048    
   7.00000003E-02   12.3494349    
   7.99999982E-02  -6.42515802    
   8.99999961E-02  -11.9661713    
   9.99999940E-02   27.2212143    
  0.109999999      -14.0539455    
  0.119999997      -27.5752716    
  0.129999995       50.9549179    
  0.140000001      -7.29586029    
  0.149999991      -68.5064392    
  0.159999996       64.5049744    
  0.170000002       49.3448486    
  0.179999992      -117.896957    
  0.189999998      0.436737061    
  0.199999988       149.762238    
  0.209999993      -61.2347031    
  0.219999999      -159.434891    
  0.229999989       114.238564    
  0.239999995       157.996735    
  0.250000000      -148.022095    
  0.259999990      -158.352051    
  0.269999981       157.135742    
  0.280000001       167.465668    
  0.289999992      -138.553192    
  0.299999982      -182.311279    
  0.310000002       91.3621902    
  0.319999993       189.562332    
  0.329999983      -21.4346161    
  0.340000004      -170.760101    
  0.349999994      -52.4264145    
  0.359999985       114.815361    
  0.370000005       99.6552277    
  0.379999995      -33.3561516    
  0.389999986      -94.5668106    
  0.399999976      -36.3157387    
  0.409999996       42.2134323    
  0.419999987       55.7380905    
  0.429999977       14.4529152    
  0.439999998      -24.7071972    
  0.449999988      -30.3150616    
  0.459999979      -11.3954039    
  0.469999999       7.16956806    
  0.479999989       14.7103491    
  0.489999980       9.12780476    
  0.500000000       3.20196128    
  0.509999990      -2.72890067    
  0.519999981      -6.16674614    
  0.529999971     -0.235880733    
  0.539999962      -6.16172791    
  0.550000012     -0.579192758    
  0.560000002       6.96159649    
  0.569999993      -11.6033554    
  0.579999983       7.31628656    
  0.589999974       12.9241295    
  0.599999964      -26.2359447    
  0.610000014       15.0492287    
  0.620000005       28.5738354    
  0.629999995      -49.9552956    
  0.639999986       8.29579544    
  0.649999976       69.5063934    
  0.659999967      -63.5049973    
  0.669999957      -48.3448448    
  0.680000007       118.896973    
  0.689999998      0.563255310    
  0.699999988      -148.762283    
  0.709999979       62.2347107    
  0.719999969       160.434937    
  0.729999959      -113.238602    
  0.740000010      -156.996750    
  0.750000000       149.022125    
  0.759999990       159.352020    
  0.769999981      -156.135773    
  0.779999971      -166.465652    
  0.789999962       139.553177    
  0.799999952       183.311264    
  0.810000002      -90.3621902    
  0.819999993      -188.562363    
  0.829999983       22.4346313    
  0.839999974       171.760132    
  0.849999964       53.4264030    
  0.859999955      -113.815369    
  0.870000005      -98.6552429    
  0.879999995       34.3561630    
  0.889999986       95.5666962    
  0.899999976       37.3161240    
  0.909999967      -41.2148132    
  0.919999957      -54.7333450    
  0.930000007      -13.4676685    
  0.939999998       25.7492008    
  0.949999988       31.2061768    
  0.959999979       12.6493301    
  0.969999969      -6.69496918    
  0.979999959      -12.7689333    
  0.989999950      -9.52264786    
   1.00000000     -0.679033518    
   1.00999999       3.05035377    
