   9.99999978E-03   67.9126282    
   1.99999996E-02   21.3098278    
   2.99999993E-02  -57.1949654    
   3.99999991E-02   29.1854668    
   4.99999970E-02  -12.5118771    
   5.99999987E-02  -92.9502258    
   7.00000003E-02   111.083771    
   7.99999982E-02   25.6101646    
   8.99999961E-02  -181.973053    
   9.99999940E-02   166.956818    
  0.109999999       132.231110    
  0.119999997      -348.218018    
  0.129999995       96.8624878    
  0.140000001       417.287262    
  0.149999991      -410.911743    
  0.159999996      -304.590210    
  0.170000002       701.460449    
  0.179999992       44.7646484    
  0.189999998      -890.410828    
  0.199999988       278.074890    
  0.209999993       967.930542    
  0.219999999      -578.067383    
  0.229999989      -974.979614    
  0.239999995       796.543335    
  0.250000000       968.731689    
  0.259999990      -902.363281    
  0.269999981      -991.528076    
  0.280000001       879.567017    
  0.289999992       1051.75488    
  0.299999982      -719.768188    
  0.310000002      -1116.68030    
  0.319999993       429.318115    
  0.329999983       1119.17285    
  0.340000004      -49.3102112    
  0.349999994      -984.493469    
  0.359999985      -327.776703    
  0.370000005       678.222717    
  0.379999995       572.014465    
  0.389999986      -256.407898    
  0.399999976      -576.451782    
  0.409999996      -131.899246    
  0.419999987       349.041168    
  0.429999977       314.353119    
  0.439999998      -35.9411621    
  0.449999988      -240.166718    
  0.459999979      -159.499695    
  0.469999999       47.7467003    
  0.479999989       131.972565    
  0.489999980       75.5296478    
  0.500000000       9.93032074    
  0.509999990      -76.8668976    
  0.519999981      -56.9583855    
  0.529999971       29.8388233    
  0.539999962      -35.7604218    
  0.550000012       20.6824493    
  0.560000002       104.908157    
  0.569999993      -102.338066    
  0.579999983      -21.6709213    
  0.589999974       182.554321    
  0.599999964      -167.739868    
  0.610000014      -133.051636    
  0.620000005       347.888672    
  0.629999995      -96.6640472    
  0.639999986      -416.707703    
  0.649999976       411.714722    
  0.659999967       305.506256    
  0.669999957      -700.493408    
  0.680000007      -43.7764282    
  0.689999998       891.407104    
  0.699999988      -277.076233    
  0.709999979      -966.931091    
  0.719999969       579.067566    
  0.729999959       975.979797    
  0.740000010      -795.543579    
  0.750000000      -967.731689    
  0.759999990       903.363159    
  0.769999981       992.527954    
  0.779999971      -878.566772    
  0.789999962      -1050.75488    
  0.799999952       720.768250    
  0.810000002       1117.68018    
  0.819999993      -428.317749    
  0.829999983      -1118.17407    
  0.839999974       50.3142700    
  0.849999964       985.481812    
  0.859999955       328.809326    
  0.870000005      -677.306763    
  0.879999995      -570.817261    
  0.889999986       256.987457    
  0.899999976       578.253174    
  0.909999967       131.569916    
  0.919999957      -346.220367    
  0.930000007      -315.136108    
  0.939999998       37.3596954    
  0.949999988       244.105804    
  0.959999979       152.753998    
  0.969999969      -35.7886238    
  0.979999959      -138.143051    
  0.989999950      -82.1046219    
   1.00000000       19.4257679    
   1.00999999       41.2182846    
