   9.99999978E-03   5160433.00    
   1.99999996E-02   6231246.00    
   2.99999993E-02  -5574229.50    
   3.99999991E-02  -6985569.00    
   4.99999970E-02   6234501.50    
   5.99999987E-02   4362022.50    
   7.00000003E-02  -7251364.50    
   7.99999982E-02   646629.750    
   8.99999961E-02   8221378.00    
   9.99999940E-02  -6458391.00    
  0.109999999      -8388098.00    
  0.119999997       11706378.0    
  0.129999995       7070968.00    
  0.140000001      -15741186.0    
  0.149999991      -4114017.00    
  0.159999996       18591424.0    
  0.170000002       26102.0000    
  0.179999992      -20564502.0    
  0.189999998       4301098.50    
  0.199999988       21894940.0    
  0.209999993      -8056500.50    
  0.219999999      -22695752.0    
  0.229999989       10782404.0    
  0.239999995       23113428.0    
  0.250000000      -12322682.0    
  0.259999990      -23395150.0    
  0.269999981       12632456.0    
  0.280000001       23737480.0    
  0.289999992      -11675690.0    
  0.299999982      -24085488.0    
  0.310000002       9439137.00    
  0.319999993       24119930.0    
  0.329999983      -5981423.50    
  0.340000004      -23445074.0    
  0.349999994       1514788.00    
  0.359999985       21780444.0    
  0.370000005       3453980.00    
  0.379999995      -19005988.0    
  0.389999986      -8039112.00    
  0.399999976       15104383.0    
  0.409999996       11147612.0    
  0.419999987      -10148181.0    
  0.429999977      -11927724.0    
  0.439999998       4415398.00    
  0.449999988       10245106.0    
  0.459999979       1444147.75    
  0.469999999      -6872115.00    
  0.479999989      -6394566.00    
  0.489999980       3246986.25    
  0.500000000       9300880.00    
  0.509999990      -895096.500    
  0.519999981      -9425779.00    
  0.529999971       770183.000    
  0.539999962       6824083.00    
  0.550000012      -2817476.50    
  0.560000002      -2339930.75    
  0.569999993       5976365.50    
  0.579999983      -2824674.75    
  0.589999974      -8654265.00    
  0.599999964       7688744.50    
  0.610000014       9468322.00    
  0.620000005      -11827298.0    
  0.629999995      -7871026.50    
  0.639999986       15273224.0    
  0.649999976       4305736.50    
  0.659999967      -18154478.0    
  0.669999957       173752.000    
  0.680000007       20436256.0    
  0.689999998      -4520781.00    
  0.699999988      -21983734.0    
  0.709999979       8110739.00    
  0.719999969       22803040.0    
  0.729999959      -10729397.0    
  0.740000010      -23147054.0    
  0.750000000       12294255.0    
  0.759999990       23366410.0    
  0.769999981      -12658546.0    
  0.779999971      -23676184.0    
  0.789999962       11670206.0    
  0.799999952       24040340.0    
  0.810000002      -9339656.00    
  0.819999993      -24185670.0    
  0.829999983       5885752.00    
  0.839999974       23664056.0    
  0.849999964      -1640211.00    
  0.859999955      -21977132.0    
  0.870000005      -3015264.50    
  0.879999995       18814506.0    
  0.889999986       7570531.00    
  0.899999976      -14305071.0    
  0.909999967      -11269026.0    
  0.919999957       9067777.00    
  0.930000007       13158106.0    
  0.939999998      -3982395.00    
  0.949999988      -12423030.0    
  0.959999979      -169066.000    
  0.969999969       8894238.00    
  0.979999959       2977544.00    
  0.989999950      -3408476.50    
   1.00000000      -4496837.00    
   1.00999999      -2299448.50    
