   9.99999978E-03   55.5427284    
   1.99999996E-02  -4.55553627    
   2.99999993E-02  -47.9187279    
   3.99999991E-02   32.5494156    
   4.99999970E-02  -34.4629326    
   5.99999987E-02  -55.2548065    
   7.00000003E-02   116.318726    
   7.99999982E-02  -34.3149948    
   8.99999961E-02  -123.381912    
   9.99999940E-02   200.049545    
  0.109999999       8.98898315    
  0.119999997      -292.918945    
  0.129999995       230.185303    
  0.140000001       240.372314    
  0.149999991      -477.474457    
  0.159999996      -25.8785706    
  0.170000002       637.372070    
  0.179999992      -282.232056    
  0.189999998      -670.614746    
  0.199999988       596.952271    
  0.209999993       604.894775    
  0.219999999      -855.190918    
  0.229999989      -503.599274    
  0.239999995       1030.33057    
  0.250000000       431.549591    
  0.259999990      -1118.39795    
  0.269999981      -432.588989    
  0.280000001       1117.35852    
  0.289999992       518.577148    
  0.299999982      -1015.35272    
  0.310000002      -663.760864    
  0.319999993       796.325073    
  0.329999983       804.267029    
  0.340000004      -463.298431    
  0.349999994      -851.685913    
  0.359999985       67.9317322    
  0.370000005       731.147827    
  0.379999995       279.632080    
  0.389999986      -438.381775    
  0.399999976      -448.263367    
  0.409999996       74.3718719    
  0.419999987       376.821075    
  0.429999977       185.491455    
  0.439999998      -138.625595    
  0.449999988      -225.246277    
  0.459999979      -78.9438171    
  0.469999999       96.9772186    
  0.479999989       117.978256    
  0.489999980       41.0000000    
  0.500000000      -20.1403160    
  0.509999990      -79.2825470    
  0.519999981      -29.8029194    
  0.529999971       29.3393173    
  0.539999962      -31.8009453    
  0.550000012       45.1772308    
  0.560000002       66.1781845    
  0.569999993      -109.742661    
  0.579999983       36.5597954    
  0.589999974       123.180206    
  0.599999964      -200.936661    
  0.610000014      -9.60694122    
  0.620000005       292.842102    
  0.629999995      -229.793228    
  0.639999986      -239.674606    
  0.649999976       478.339172    
  0.659999967       26.8232117    
  0.669999957      -636.392944    
  0.680000007       283.224945    
  0.689999998       671.612549    
  0.699999988      -595.953125    
  0.709999979      -603.895020    
  0.719999969       856.191162    
  0.729999959       504.599304    
  0.740000010      -1029.33081    
  0.750000000      -430.549591    
  0.759999990       1119.39783    
  0.769999981       433.588959    
  0.779999971      -1116.35828    
  0.789999962      -517.577148    
  0.799999952       1016.35272    
  0.810000002       664.760803    
  0.819999993      -795.324890    
  0.829999983      -803.267700    
  0.839999974       464.300903    
  0.849999964       852.678772    
  0.859999955      -66.9111328    
  0.870000005      -730.203125    
  0.879999995      -278.496643    
  0.889999986       439.079407    
  0.899999976       449.871155    
  0.909999967      -74.4485931    
  0.919999957      -374.202881    
  0.930000007      -186.378601    
  0.939999998       140.827087    
  0.949999988       227.490982    
  0.959999979       74.3678284    
  0.969999969      -86.0537109    
  0.979999959      -126.692520    
  0.989999950      -40.2515717    
   1.00000000       40.7196732    
   1.00999999       44.9240494    
