   9.99999978E-03  -71185.5781    
   1.99999996E-02  -83960.7422    
   2.99999993E-02   75481.6875    
   3.99999991E-02   79342.2109    
   4.99999970E-02  -85362.1797    
   5.99999987E-02  -8841.53906    
   7.00000003E-02   96149.8203    
   7.99999982E-02  -92644.0625    
   8.99999961E-02  -87036.9062    
   9.99999940E-02   184384.125    
  0.109999999       37374.9531    
  0.119999997      -242504.969    
  0.129999995       55218.3828    
  0.140000001       263108.938    
  0.149999991      -171459.297    
  0.159999996      -251344.781    
  0.170000002       284769.375    
  0.179999992       213768.125    
  0.189999998      -378125.938    
  0.199999988      -160044.984    
  0.209999993       447893.250    
  0.219999999       105064.922    
  0.229999989      -496392.375    
  0.239999995      -64304.5156    
  0.250000000       525862.000    
  0.259999990       47793.0938    
  0.269999981      -537523.812    
  0.280000001      -59349.7656    
  0.289999992       530884.500    
  0.299999982       98577.2500    
  0.310000002      -502566.625    
  0.319999993      -159937.438    
  0.329999983       447693.062    
  0.340000004       230523.969    
  0.349999994      -362383.469    
  0.359999985      -291414.344    
  0.370000005       246654.438    
  0.379999995       323522.438    
  0.389999986      -109998.906    
  0.399999976      -314033.656    
  0.409999996      -23611.2734    
  0.419999987       259562.109    
  0.429999977       120664.352    
  0.439999998      -166548.484    
  0.449999988      -155117.250    
  0.459999979       52552.9023    
  0.469999999       127010.031    
  0.479999989       53608.3984    
  0.489999980      -66863.2891    
  0.500000000      -119224.453    
  0.509999990       19356.8555    
  0.519999981       123016.312    
  0.529999971      -15564.9453    
  0.539999962      -67926.0938    
  0.550000012       52545.5273    
  0.560000002      -20856.1562    
  0.569999993      -95313.2266    
  0.579999983       112356.977    
  0.589999974       100925.688    
  0.599999964      -186287.203    
  0.610000014      -47389.3906    
  0.620000005       235784.234    
  0.629999995      -54638.4844    
  0.639999986      -258672.766    
  0.649999976       174847.547    
  0.659999967       251717.734    
  0.669999957      -286354.750    
  0.680000007      -215380.125    
  0.689999998       377520.219    
  0.699999988       160357.859    
  0.709999979      -447274.375    
  0.719999969      -104656.594    
  0.729999959       496520.906    
  0.740000010       64155.8438    
  0.750000000      -526012.500    
  0.759999990      -47868.2344    
  0.769999981       537375.625    
  0.779999971       59532.1250    
  0.789999962      -530967.125    
  0.799999952      -98646.1250    
  0.810000002       503008.344    
  0.819999993       159331.984    
  0.829999983      -447381.906    
  0.839999974      -229922.984    
  0.849999964       360764.312    
  0.859999955       292996.125    
  0.870000005      -246285.156    
  0.879999995      -326910.688    
  0.889999986       114434.078    
  0.899999976       313455.156    
  0.909999967       16890.2266    
  0.919999957      -249545.766    
  0.930000007      -122567.422    
  0.939999998       152661.656    
  0.949999988       174830.078    
  0.959999979      -53387.4805    
  0.969999969      -156707.656    
  0.979999959      -20789.7227    
  0.989999950       78279.3594    
   1.00000000       59309.6953    
   1.00999999       19698.7773    
