   9.99999978E-03  -45270.6992    
   1.99999996E-02  -120627.562    
   2.99999993E-02   34655.9492    
   3.99999991E-02   119553.180    
   4.99999970E-02  -63316.2422    
   5.99999987E-02  -54219.5391    
   7.00000003E-02   117100.453    
   7.99999982E-02  -46847.3828    
   8.99999961E-02  -156293.953    
   9.99999940E-02   153281.156    
  0.109999999       144097.219    
  0.119999997      -246965.828    
  0.129999995      -71185.0938    
  0.140000001       319778.375    
  0.149999991      -42845.8672    
  0.159999996      -365401.938    
  0.170000002       168491.156    
  0.179999992       379491.938    
  0.189999998      -284672.656    
  0.199999988      -366549.781    
  0.209999993       381615.781    
  0.219999999       341136.312    
  0.229999989      -454050.000    
  0.239999995      -319868.125    
  0.250000000       497837.594    
  0.259999990       313639.531    
  0.269999981      -510738.094    
  0.280000001      -326451.812    
  0.289999992       491402.750    
  0.299999982       356940.031    
  0.310000002      -437937.938    
  0.319999993      -397502.375    
  0.329999983       350077.719    
  0.340000004       433043.094    
  0.349999994      -231898.891    
  0.359999985      -443673.812    
  0.370000005       92920.2500    
  0.379999995       412685.781    
  0.389999986       49390.1250    
  0.399999976      -335630.562    
  0.409999996      -167010.219    
  0.419999987       223493.203    
  0.429999977       227192.000    
  0.439999998      -97603.0859    
  0.449999988      -209892.594    
  0.459999979      -17978.9180    
  0.469999999       126746.156    
  0.479999989       102076.727    
  0.489999980      -23655.0781    
  0.500000000      -140779.484    
  0.509999990      -41203.3359    
  0.519999981       131746.766    
  0.529999971       32170.6562    
  0.539999962      -84953.7109    
  0.550000012       40778.0430    
  0.560000002       16108.5312    
  0.569999993      -128616.508    
  0.579999983       63297.2500    
  0.589999974       175586.734    
  0.599999964      -149208.438    
  0.610000014      -152907.250    
  0.620000005       237596.500    
  0.629999995       68975.7656    
  0.639999986      -316044.281    
  0.649999976       47249.9219    
  0.659999967       367018.312    
  0.669999957      -169580.281    
  0.680000007      -381348.875    
  0.689999998       283585.719    
  0.699999988       366556.500    
  0.709999979      -381020.750    
  0.719999969      -340605.406    
  0.729999959       454317.812    
  0.740000010       319789.188    
  0.750000000      -498006.469    
  0.759999990      -313715.250    
  0.769999981       510525.531    
  0.779999971       326617.812    
  0.789999962      -491422.562    
  0.799999952      -357140.000    
  0.810000002       438513.812    
  0.819999993       396929.562    
  0.829999983      -350068.156    
  0.839999974      -431959.562    
  0.849999964       230034.531    
  0.859999955       444758.500    
  0.870000005      -91308.4531    
  0.879999995      -417090.500    
  0.889999986      -45657.3906    
  0.899999976       337841.125    
  0.909999967       157640.469    
  0.919999957      -214681.344    
  0.930000007      -223119.281    
  0.939999998       78312.2812    
  0.949999988       226342.359    
  0.959999979       29496.9570    
  0.969999969      -164857.094    
  0.979999959      -79536.4766    
  0.989999950       58254.5039    
   1.00000000       73954.8438    
   1.00999999       52322.5938    
