   9.99999978E-03   4906.37744    
   1.99999996E-02   3466.84668    
   2.99999993E-02  -5407.70459    
   3.99999991E-02  -2025.88843    
   4.99999970E-02   4692.22656    
   5.99999987E-02  -3911.11841    
   7.00000003E-02  -2498.83325    
   7.99999982E-02   9936.07910    
   8.99999961E-02  -2272.96289    
   9.99999940E-02  -12097.9453    
  0.109999999       9762.08301    
  0.119999997       9297.12695    
  0.129999995      -17951.0039    
  0.140000001      -2504.20752    
  0.149999991       23979.6758    
  0.159999996      -6792.84766    
  0.170000002      -26379.6484    
  0.179999992       16994.1113    
  0.189999998       25660.3906    
  0.199999988      -26360.5625    
  0.209999993      -23170.5078    
  0.219999999       33685.5391    
  0.229999989       20344.9062    
  0.239999995      -38588.8242    
  0.250000000      -18523.8320    
  0.259999990       41044.1133    
  0.269999981       18632.4062    
  0.280000001      -40934.3242    
  0.289999992      -20868.6934    
  0.299999982       38062.9883    
  0.310000002       24727.8086    
  0.319999993      -32136.3633    
  0.329999983      -28938.9082    
  0.340000004       23083.5293    
  0.349999994       31729.7676    
  0.359999985      -11603.1641    
  0.370000005      -31233.0488    
  0.379999995      -459.141602    
  0.389999986       26111.3926    
  0.399999976       10498.1494    
  0.409999996      -16620.1816    
  0.419999987      -16057.1719    
  0.429999977       5390.31152    
  0.439999998       15695.4023    
  0.449999988       3503.52393    
  0.459999979      -9822.42871    
  0.469999999      -7177.59180    
  0.479999989       1300.53760    
  0.489999980       6081.61572    
  0.500000000       5308.01758    
  0.509999990      -3469.09131    
  0.519999981      -6341.66455    
  0.529999971       2435.44287    
  0.539999962       1661.84534    
  0.550000012      -3119.22656    
  0.560000002       5358.89990    
  0.569999993       2714.05493    
  0.579999983      -10611.8955    
  0.589999974       1579.98975    
  0.599999964       11885.0781    
  0.610000014      -9562.41309    
  0.620000005      -8999.39844    
  0.629999995       18118.9414    
  0.639999986       2505.69141    
  0.649999976      -24064.8477    
  0.659999967       6709.06348    
  0.669999957       26338.9531    
  0.680000007      -16993.9883    
  0.689999998      -25640.2344    
  0.699999988       26382.2305    
  0.709999979       23184.7500    
  0.719999969      -33679.3789    
  0.729999959      -20344.3730    
  0.740000010       38587.7109    
  0.750000000       18521.2695    
  0.759999990      -41043.8789    
  0.769999981      -18634.9570    
  0.779999971       40937.3008    
  0.789999962       20866.7617    
  0.799999952      -38061.9102    
  0.810000002      -24721.8047    
  0.819999993       32124.0605    
  0.829999983       28960.5469    
  0.839999974      -23101.6992    
  0.849999964      -31729.6523    
  0.859999955       11645.8652    
  0.870000005       31149.2598    
  0.879999995       546.303711    
  0.889999986      -26109.9062    
  0.899999976      -10664.0781    
  0.909999967       16917.9141    
  0.919999957       15859.4980    
  0.930000007      -5603.18164    
  0.939999998      -15000.4277    
  0.949999988      -4179.34180    
  0.959999979       9609.20312    
  0.969999969       8625.37109    
  0.979999959      -2871.53418    
  0.989999950      -6445.65576    
   1.00000000      -2333.75635    
   1.00999999       594.270142    
