   9.99999978E-03   13458.9658    
   1.99999996E-02   52864.7969    
   2.99999993E-02  -6783.88477    
   3.99999991E-02  -50945.6523    
   4.99999970E-02   23044.2539    
   5.99999987E-02   22335.0156    
   7.00000003E-02  -52376.4961    
   7.99999982E-02   21010.6992    
   8.99999961E-02   72143.2812    
   9.99999940E-02  -67749.4141    
  0.109999999      -64104.6484    
  0.119999997       110957.828    
  0.129999995       26262.2578    
  0.140000001      -145272.094    
  0.149999991       29784.5117    
  0.159999996       164910.688    
  0.170000002      -90121.9297    
  0.179999992      -167034.062    
  0.189999998       145920.312    
  0.199999988       155577.953    
  0.209999993      -192599.188    
  0.219999999      -139230.156    
  0.229999989       227068.172    
  0.239999995       126192.156    
  0.250000000      -247598.453    
  0.259999990      -121662.086    
  0.269999981       253990.734    
  0.280000001       128075.711    
  0.289999992      -245785.281    
  0.299999982      -144853.281    
  0.310000002       221433.406    
  0.319999993       167944.375    
  0.329999983      -179979.203    
  0.340000004      -189880.000    
  0.349999994       123021.828    
  0.359999985       200511.062    
  0.370000005      -55418.4062    
  0.379999995      -190138.156    
  0.389999986      -14060.9844    
  0.399999976       155136.062    
  0.409999996       72107.9844    
  0.419999987      -101213.203    
  0.429999977      -102909.578    
  0.439999998       41147.0234    
  0.449999988       95951.8203    
  0.459999979       11089.0566    
  0.469999999      -56010.2109    
  0.479999989      -45469.8789    
  0.489999980       5722.18750    
  0.500000000       58320.7773    
  0.509999990       25300.0703    
  0.519999981      -52216.0195    
  0.529999971      -19195.3262    
  0.539999962       33403.2305    
  0.550000012      -17788.8125    
  0.560000002      -7248.44141    
  0.569999993       59850.8086    
  0.579999983      -25011.9961    
  0.589999974      -79816.7656    
  0.599999964       64239.8984    
  0.610000014       65936.2578    
  0.620000005      -107384.984    
  0.629999995      -24356.9141    
  0.639999986       144840.250    
  0.649999976      -31237.0859    
  0.659999967      -165956.594    
  0.669999957       89972.2188    
  0.680000007       167462.859    
  0.689999998      -145441.484    
  0.699999988      -155338.203    
  0.709999979       192579.609    
  0.719999969       139097.453    
  0.729999959      -227194.438    
  0.740000010      -126264.906    
  0.750000000       247614.516    
  0.759999990       121658.969    
  0.769999981      -253935.500    
  0.779999971      -128049.305    
  0.789999962       245730.797    
  0.799999952       144984.000    
  0.810000002      -221571.234    
  0.819999993      -167929.656    
  0.829999983       180213.141    
  0.839999974       189399.047    
  0.849999964      -122595.516    
  0.859999955      -200360.656    
  0.870000005       54371.8828    
  0.879999995       191592.438    
  0.889999986       13628.9609    
  0.899999976      -157039.438    
  0.909999967      -68535.1250    
  0.919999957       99383.5703    
  0.930000007       99400.0156    
  0.939999998      -33471.5430    
  0.949999988      -99953.0781    
  0.959999979      -18561.3516    
  0.969999969       71096.7656    
  0.979999959       40216.4219    
  0.989999950      -23264.5879    
   1.00000000      -32339.5430    
   1.00999999      -24651.3105    
