   9.99999978E-03  -93584.1016    
   1.99999996E-02   335468.312    
   2.99999993E-02   188705.406    
   3.99999991E-02  -357374.031    
   4.99999970E-02  -80535.3828    
   5.99999987E-02   320112.844    
   7.00000003E-02  -182246.406    
   7.99999982E-02  -230309.938    
   8.99999961E-02   478498.812    
   9.99999940E-02   75997.2344    
  0.109999999      -691986.438    
  0.119999997       157219.375    
  0.129999995       770101.062    
  0.140000001      -457865.312    
  0.149999991      -726785.188    
  0.159999996       779717.375    
  0.170000002       604831.500    
  0.179999992      -1066001.00    
  0.189999998      -442945.312    
  0.199999988       1283407.12    
  0.209999993       272363.156    
  0.219999999      -1432130.62    
  0.229999989      -126154.781    
  0.239999995       1527831.12    
  0.250000000       37003.8750    
  0.259999990      -1580724.12    
  0.269999981      -26248.5000    
  0.280000001       1590955.75    
  0.289999992       99627.3750    
  0.299999982      -1553067.88    
  0.310000002      -248396.625    
  0.319999993       1456222.12    
  0.329999983       447777.312    
  0.340000004      -1282886.62    
  0.349999994      -657756.625    
  0.359999985       1017699.00    
  0.370000005       832183.438    
  0.379999995      -667267.625    
  0.389999986      -927501.188    
  0.399999976       276735.375    
  0.409999996       905626.750    
  0.419999987       75966.6875    
  0.429999977      -741792.562    
  0.439999998      -313254.625    
  0.449999988       445917.000    
  0.459999979       399030.375    
  0.469999999      -83569.6875    
  0.479999989      -358603.844    
  0.489999980      -230729.344    
  0.500000000       263996.906    
  0.509999990       380294.250    
  0.519999981      -193124.156    
  0.529999971      -309421.531    
  0.539999962       185304.516    
  0.550000012       57429.9297    
  0.560000002      -217604.062    
  0.569999993       264996.125    
  0.579999983       218109.500    
  0.589999974      -541062.812    
  0.599999964      -112523.859    
  0.610000014       705233.875    
  0.620000005      -124423.531    
  0.629999995      -753319.875    
  0.639999986       450923.844    
  0.649999976       711149.250    
  0.659999967      -788295.500    
  0.669999957      -602778.375    
  0.680000007       1072657.75    
  0.689999998       447574.812    
  0.699999988      -1283163.50    
  0.709999979      -274642.500    
  0.719999969       1429958.38    
  0.729999959       125165.031    
  0.740000010      -1527218.75    
  0.750000000      -36315.0000    
  0.759999990       1581149.00    
  0.769999981       27001.7500    
  0.779999971      -1591902.25    
  0.789999962      -99439.7500    
  0.799999952       1553748.50    
  0.810000002       246102.531    
  0.819999993      -1453922.62    
  0.829999983      -447457.531    
  0.839999974       1278333.25    
  0.849999964       664459.938    
  0.859999955      -1019730.62    
  0.870000005      -840759.625    
  0.879999995       682899.000    
  0.889999986       920551.000    
  0.899999976      -293521.688    
  0.909999967      -872835.375    
  0.919999957      -89214.7188    
  0.930000007       705264.250    
  0.939999998       375819.625    
  0.949999988      -458117.812    
  0.959999979      -481778.062    
  0.969999969       186078.375    
  0.979999959       381711.000    
  0.989999950       58659.7422    
   1.00000000      -143278.500    
   1.00999999      -237950.188    
