   9.99999978E-03  -5920.06152    
   1.99999996E-02   57925.5078    
   2.99999993E-02   19168.7285    
   3.99999991E-02  -58402.6875    
   4.99999970E-02   4724.08594    
   5.99999987E-02   41190.2031    
   7.00000003E-02  -52045.4180    
   7.99999982E-02  -10119.2461    
   8.99999961E-02   94333.3125    
   9.99999940E-02  -33687.4297    
  0.109999999      -108781.461    
  0.119999997       88366.1016    
  0.129999995       90319.7344    
  0.140000001      -146152.656    
  0.149999991      -47761.1836    
  0.159999996       194887.297    
  0.170000002      -7135.74219    
  0.179999992      -226044.625    
  0.189999998       65267.3125    
  0.199999988       240207.828    
  0.209999993      -118897.156    
  0.219999999      -244147.000    
  0.229999989       160712.594    
  0.239999995       244858.812    
  0.250000000      -185634.891    
  0.259999990      -247059.375    
  0.269999981       191556.281    
  0.280000001       253019.719    
  0.289999992      -177553.031    
  0.299999982      -261657.953    
  0.310000002       143234.000    
  0.319999993       268297.531    
  0.329999983      -90523.1094    
  0.340000004      -265630.250    
  0.349999994       25424.0625    
  0.359999985       245121.125    
  0.370000005       42243.8984    
  0.379999995      -200477.516    
  0.389999986      -100379.539    
  0.399999976       133593.812    
  0.409999996       136195.297    
  0.419999987      -57458.8125    
  0.429999977      -138499.625    
  0.439999998      -8568.32812    
  0.449999988       103466.312    
  0.459999979       49079.5625    
  0.469999999      -41870.4766    
  0.479999989      -60902.9766    
  0.489999980      -20225.4766    
  0.500000000       53426.3047    
  0.509999990       52934.2695    
  0.519999981      -41092.1719    
  0.529999971      -40600.1406    
  0.539999962       33051.6016    
  0.550000012      -7625.89453    
  0.560000002      -26658.3477    
  0.569999993       64291.6953    
  0.579999983       9904.89844    
  0.589999974      -102129.734    
  0.599999964       27801.6406    
  0.610000014       108842.477    
  0.620000005      -84811.6875    
  0.629999995      -87413.2188    
  0.639999986       146560.297    
  0.649999976       46462.1250    
  0.659999967      -196258.922    
  0.669999957       6617.35938    
  0.680000007       226316.281    
  0.689999998      -64741.2188    
  0.699999988      -239843.469    
  0.709999979       118970.695    
  0.719999969       244040.969    
  0.729999959      -160853.844    
  0.740000010      -244967.141    
  0.750000000       185633.547    
  0.759999990       247046.469    
  0.769999981      -191508.438    
  0.779999971      -252965.875    
  0.789999962       177472.469    
  0.799999952       261809.500    
  0.810000002      -143342.812    
  0.819999993      -268375.750    
  0.829999983       90880.9688    
  0.839999974       265101.219    
  0.849999964      -25155.5938    
  0.859999955      -244602.500    
  0.870000005      -43616.3906    
  0.879999995       201778.172    
  0.889999986       100786.930    
  0.899999976      -136498.422    
  0.909999967      -132640.875    
  0.919999957       57399.7852    
  0.930000007       132613.797    
  0.939999998       16366.7305    
  0.949999988      -103680.625    
  0.959999979      -61323.8125    
  0.969999969       56402.3203    
  0.979999959       63806.7578    
  0.989999950      -5125.59570    
   1.00000000      -31992.8633    
   1.00999999      -36100.9375    
