   9.99999978E-03  -29426.6719    
   1.99999996E-02   51653.3125    
   2.99999993E-02   48250.7773    
   3.99999991E-02  -54791.5273    
   4.99999970E-02  -20174.1367    
   5.99999987E-02   55382.5781    
   7.00000003E-02  -39218.0547    
   7.99999982E-02  -46713.9297    
   8.99999961E-02   100225.359    
   9.99999940E-02   17091.2656    
  0.109999999      -139294.844    
  0.119999997       38590.8047    
  0.129999995       148949.422    
  0.140000001      -111632.422    
  0.149999991      -133021.172    
  0.159999996       184730.938    
  0.170000002       98097.2422    
  0.179999992      -244145.391    
  0.189999998      -51295.7969    
  0.199999988       286248.938    
  0.209999993       2191.54688    
  0.219999999      -314049.438    
  0.229999989       38461.1406    
  0.239999995       331445.688    
  0.250000000      -62655.3438    
  0.259999990      -341357.188    
  0.269999981       66536.5078    
  0.280000001       345297.062    
  0.289999992      -48883.6094    
  0.299999982      -341854.719    
  0.310000002       10745.1250    
  0.319999993       326736.812    
  0.329999983       42958.8281    
  0.340000004      -294617.031    
  0.349999994      -102263.781    
  0.359999985       240916.172    
  0.370000005       153643.562    
  0.379999995      -164821.656    
  0.389999986      -183897.375    
  0.399999976       74450.1016    
  0.409999996       183958.453    
  0.419999987       11214.9219    
  0.429999977      -150722.250    
  0.439999998      -69059.8125    
  0.449999988       89054.3438    
  0.459999979       85413.7578    
  0.469999999      -14374.8418    
  0.479999989      -66314.2266    
  0.489999980      -48807.7969    
  0.500000000       35136.3672    
  0.509999990       76563.8906    
  0.519999981      -17708.5703    
  0.529999971      -59136.0859    
  0.539999962       24808.0391    
  0.550000012       7301.59277    
  0.560000002      -44637.7461    
  0.569999993       55150.8828    
  0.579999983       51510.2578    
  0.589999974      -106603.922    
  0.599999964      -24941.4141    
  0.610000014       136995.812    
  0.620000005      -35747.7656    
  0.629999995      -145256.219    
  0.639999986       113091.461    
  0.649999976       132166.938    
  0.659999967      -186297.734    
  0.669999957      -99026.4375    
  0.680000007       244155.922    
  0.689999998       51798.7188    
  0.699999988      -285771.438    
  0.709999979      -2000.41406    
  0.719999969       313997.094    
  0.729999959      -38601.8125    
  0.740000010      -331589.000    
  0.750000000       62630.1406    
  0.759999990       341331.969    
  0.769999981      -66505.3516    
  0.779999971      -345211.094    
  0.789999962       48778.6250    
  0.799999952       342013.312    
  0.810000002      -10796.5000    
  0.819999993      -326931.688    
  0.829999983      -42488.2812    
  0.839999974       294110.375    
  0.849999964       102270.336    
  0.859999955      -239987.297    
  0.870000005      -155211.562    
  0.879999995       165677.344    
  0.889999986       185356.078    
  0.899999976      -78141.4688    
  0.909999967      -181115.422    
  0.919999957      -8913.88672    
  0.930000007       142872.062    
  0.939999998       75440.3359    
  0.949999988      -84257.9844    
  0.959999979      -101344.547    
  0.969999969       25119.6777    
  0.979999959       79188.7344    
  0.989999950       18824.3105    
   1.00000000      -24249.0273    
   1.00999999      -42619.1367    
