   9.99999978E-03  -7778.69727    
   1.99999996E-02   5649.09473    
   2.99999993E-02   10883.8701    
   3.99999991E-02  -6636.58398    
   4.99999970E-02  -4371.22852    
   5.99999987E-02   9885.75684    
   7.00000003E-02  -7694.50635    
   7.99999982E-02  -10866.4043    
   8.99999961E-02   19445.4375    
   9.99999940E-02   4799.82568    
  0.109999999      -26974.9336    
  0.119999997       8812.08203    
  0.129999995       28802.1504    
  0.140000001      -25926.6816    
  0.149999991      -24495.0410    
  0.159999996       41758.9102    
  0.170000002       14618.6992    
  0.179999992      -53843.6836    
  0.189999998      -1437.68555    
  0.199999988       61925.0273    
  0.209999993      -11771.2305    
  0.219999999      -66636.7812    
  0.229999989       22385.3105    
  0.239999995       69142.1328    
  0.250000000      -28843.0430    
  0.259999990      -70738.6094    
  0.269999981       30170.8594    
  0.280000001       72064.1719    
  0.289999992      -25913.9785    
  0.299999982      -72679.1719    
  0.310000002       16350.9395    
  0.319999993       71219.7266    
  0.329999983      -2500.42188    
  0.340000004      -65816.5000    
  0.349999994      -13457.9551    
  0.359999985       55003.2773    
  0.370000005       27964.4121    
  0.379999995      -38481.3711    
  0.389999986      -36898.6367    
  0.399999976       17938.6172    
  0.409999996       37451.9375    
  0.419999987       2244.33301    
  0.429999977      -29561.9062    
  0.439999998      -15924.2695    
  0.449999988       15914.1221    
  0.459999979       18720.6992    
  0.469999999      -1002.94727    
  0.479999989      -11888.7861    
  0.489999980      -10197.2734    
  0.500000000       2484.90479    
  0.509999990       14062.9600    
  0.519999981       1496.43018    
  0.529999971      -10081.6230    
  0.539999962       2600.54614    
  0.550000012       909.029297    
  0.560000002      -9976.79688    
  0.569999993       9746.85254    
  0.579999983       12553.4160    
  0.589999974      -19284.9805    
  0.599999964      -5647.33398    
  0.610000014       26158.9102    
  0.620000005      -9048.71094    
  0.629999995      -28562.0332    
  0.639999986       26275.2324    
  0.649999976       24692.5000    
  0.659999967      -41753.2969    
  0.669999957      -14714.4346    
  0.680000007       53746.8242    
  0.689999998       1388.23438    
  0.699999988      -61927.7734    
  0.709999979       11792.1816    
  0.719999969       66661.4688    
  0.729999959      -22369.6582    
  0.740000010      -69133.0000    
  0.750000000       28841.9512    
  0.759999990       70740.1094    
  0.769999981      -30175.3281    
  0.779999971      -72065.9141    
  0.789999962       25919.9141    
  0.799999952       72663.6250    
  0.810000002      -16327.2637    
  0.819999993      -71239.1406    
  0.829999983       2497.48242    
  0.839999974       65867.8750    
  0.849999964       13361.0508    
  0.859999955      -54905.5586    
  0.870000005      -27958.7930    
  0.879999995       38285.9141    
  0.889999986       37247.1719    
  0.899999976      -18176.7422    
  0.909999967      -37688.5547    
  0.919999957      -1426.30176    
  0.930000007       28714.3965    
  0.939999998       15765.8086    
  0.949999988      -14227.1094    
  0.959999979      -20771.0410    
  0.969999969       911.902832    
  0.979999959       15352.9785    
  0.989999950       6161.23438    
   1.00000000      -3285.14526    
   1.00999999      -6917.43066    
