   9.99999978E-03   5.69942760    
   1.99999996E-02   5.01680136    
   2.99999993E-02 -0.186174035    
   3.99999991E-02   5.42030811    
   4.99999970E-02  -1.57250524    
   5.99999987E-02  -3.42081976    
   7.00000003E-02   10.6922579    
   7.99999982E-02  -10.0495291    
   8.99999961E-02  -3.80522680    
   9.99999940E-02   22.5942459    
  0.109999999      -22.3130989    
  0.119999997      -10.4423676    
  0.129999995       46.2185135    
  0.140000001      -29.3879929    
  0.149999991      -42.1500168    
  0.159999996       76.0376892    
  0.170000002       3.98082733    
  0.179999992      -105.418404    
  0.189999998       53.8950577    
  0.199999988       108.414871    
  0.209999993      -111.494423    
  0.219999999      -92.6240082    
  0.229999989       155.749115    
  0.239999995       73.4181976    
  0.250000000      -182.565063    
  0.259999990      -64.7536850    
  0.269999981       191.828415    
  0.280000001       74.0170059    
  0.289999992      -181.966248    
  0.299999982      -99.6352539    
  0.310000002       148.737854    
  0.319999993       129.867401    
  0.329999983      -90.0418854    
  0.340000004      -144.561691    
  0.349999994       14.7517471    
  0.359999985       124.150948    
  0.370000005       52.0940933    
  0.379999995      -66.0935898    
  0.389999986      -78.8556595    
  0.399999976      -3.24899673    
  0.409999996       53.4113121    
  0.419999987       41.5425262    
  0.429999977      -3.37094498    
  0.439999998      -29.7529163    
  0.449999988      -23.5538216    
  0.459999979      -2.70795727    
  0.469999999       11.1959629    
  0.479999989       13.3976231    
  0.489999980       5.94505930    
  0.500000000      0.666641474    
  0.509999990      -4.19621944    
  0.519999981      -5.20263386    
  0.529999971     -0.339770794    
  0.539999962      -5.61819410    
  0.550000012       1.83436525    
  0.560000002       4.03603745    
  0.569999993      -9.86787224    
  0.579999983       10.9779720    
  0.589999974       4.77887011    
  0.599999964      -21.6030655    
  0.610000014       23.3103867    
  0.620000005       11.4415646    
  0.629999995      -45.2186966    
  0.639999986       30.3879662    
  0.649999976       43.1499825    
  0.659999967      -75.0376968    
  0.669999957      -2.98081589    
  0.680000007       106.418411    
  0.689999998      -52.8950729    
  0.699999988      -107.414902    
  0.709999979       112.494446    
  0.719999969       93.6240387    
  0.729999959      -154.749161    
  0.740000010      -72.4181900    
  0.750000000       183.565079    
  0.759999990       65.7536392    
  0.769999981      -190.828430    
  0.779999971      -73.0169830    
  0.789999962       182.966232    
  0.799999952       100.635239    
  0.810000002      -147.737854    
  0.819999993      -128.867416    
  0.829999983       91.0419159    
  0.839999974       145.561707    
  0.849999964      -13.7517586    
  0.859999955      -123.150955    
  0.870000005      -51.0941048    
  0.879999995       67.0935898    
  0.889999986       79.8555984    
  0.899999976       4.24920845    
  0.909999967      -52.4120674    
  0.919999957      -40.5398026    
  0.930000007       4.36209297    
  0.939999998       30.7792435    
  0.949999988       24.4822617    
  0.959999979       3.88358164    
  0.969999969      -10.5807362    
  0.979999959      -11.6594868    
  0.989999950      -6.14295101    
   1.00000000       1.85930061    
   1.00999999       4.01038551    
