   9.99999978E-03  -12072.7969    
   1.99999996E-02  -12115.8408    
   2.99999993E-02   12900.1260    
   3.99999991E-02   9489.84570    
   4.99999970E-02  -13493.2285    
   5.99999987E-02   5099.69287    
   7.00000003E-02   12430.0166    
   7.99999982E-02  -22767.5469    
   8.99999961E-02  -5345.66309    
   9.99999940E-02   34683.7656    
  0.109999999      -10398.7109    
  0.119999997      -36985.4297    
  0.129999995       32198.9316    
  0.140000001       30102.5742    
  0.149999991      -53780.4258    
  0.159999996      -15886.9746    
  0.170000002       70122.1875    
  0.179999992      -3120.72656    
  0.189999998      -80070.8438    
  0.199999988       23257.4727    
  0.209999993       85044.0312    
  0.219999999      -40661.0078    
  0.229999989      -87021.0312    
  0.239999995       52820.5352    
  0.250000000       88013.8281    
  0.259999990      -58474.9258    
  0.269999981      -89602.4062    
  0.280000001       56877.7734    
  0.289999992       92081.1641    
  0.299999982      -47765.7734    
  0.310000002      -94132.8906    
  0.319999993       31604.6309    
  0.329999983       93338.2344    
  0.340000004      -9945.44531    
  0.349999994      -86874.0547    
  0.359999985      -13766.4297    
  0.370000005       72458.6172    
  0.379999995       34437.1094    
  0.389999986      -49642.0273    
  0.399999976      -46961.7070    
  0.409999996       21628.6992    
  0.419999987       48074.3086    
  0.429999977       4292.52344    
  0.439999998      -37396.2031    
  0.449999988      -19923.4961    
  0.459999979       18077.7305    
  0.469999999       21679.7188    
  0.479999989       3039.24414    
  0.489999980      -13761.9160    
  0.500000000      -17311.6250    
  0.509999990       5455.68164    
  0.519999981       18691.9141    
  0.529999971      -4075.38477    
  0.539999962      -7625.09082    
  0.550000012       9176.05273    
  0.560000002      -9464.42188    
  0.569999993      -13066.3906    
  0.579999983       24934.8398    
  0.589999974       7462.11914    
  0.599999964      -34226.6094    
  0.610000014       9555.19336    
  0.620000005       36000.8047    
  0.629999995      -32589.6250    
  0.639999986      -29909.3047    
  0.649999976       54169.8516    
  0.659999967       16148.3516    
  0.669999957      -70076.7344    
  0.680000007       3030.94336    
  0.689999998       79959.4453    
  0.699999988      -23323.9668    
  0.709999979      -85058.2188    
  0.719999969       40680.6016    
  0.729999959       87045.4219    
  0.740000010      -52797.7500    
  0.750000000      -88006.6406    
  0.759999990       58479.7734    
  0.769999981       89603.1875    
  0.779999971      -56889.1953    
  0.789999962      -92063.8203    
  0.799999952       47739.6016    
  0.810000002       94150.1406    
  0.819999993      -31589.7227    
  0.829999983      -93405.3438    
  0.839999974       10058.5859    
  0.849999964       86784.1562    
  0.859999955       13722.9121    
  0.870000005      -72197.2578    
  0.879999995      -34824.5312    
  0.889999986       49835.2969    
  0.899999976       47354.3750    
  0.909999967      -22613.3281    
  0.919999957      -47228.7773    
  0.930000007      -3835.35547    
  0.939999998       35281.7422    
  0.949999988       22090.7832    
  0.959999979      -17439.3516    
  0.969999969      -26044.4414    
  0.979999959       1279.92676    
  0.989999950       15626.6611    
   1.00000000       8488.87988    
   1.00999999       1120.40088    
