   9.99999978E-03  -19.2291965    
   1.99999996E-02  -13.9329185    
   2.99999993E-02   13.9766369    
   3.99999991E-02  -9.79863548    
   4.99999970E-02   4.18637753    
   5.99999987E-02   34.7753029    
   7.00000003E-02  -34.7628365    
   7.99999982E-02   2.57860565    
   8.99999961E-02   63.1644287    
   9.99999940E-02  -71.7966766    
  0.109999999      -19.9720001    
  0.119999997       129.681702    
  0.129999995      -87.2834778    
  0.140000001      -114.703049    
  0.149999991       209.253174    
  0.159999996       14.3779755    
  0.170000002      -288.300934    
  0.179999992       138.523087    
  0.189999998       299.523499    
  0.199999988      -296.050018    
  0.209999993      -256.744141    
  0.219999999       423.809387    
  0.229999989       195.258545    
  0.239999995      -509.129822    
  0.250000000      -151.316299    
  0.259999990       552.488342    
  0.269999981       149.407394    
  0.280000001      -554.397217    
  0.289999992      -196.583466    
  0.299999982       507.804871    
  0.310000002       279.253967    
  0.319999993      -401.299561    
  0.329999983      -361.993652    
  0.340000004       233.579895    
  0.349999994       394.580170    
  0.359999985      -32.2435455    
  0.370000005      -334.923706    
  0.379999995      -140.044693    
  0.389999986       183.900330    
  0.399999976       211.349350    
  0.409999996      -5.68617249    
  0.419999987      -155.189728    
  0.429999977      -103.644890    
  0.439999998       31.7517242    
  0.449999988       91.8322678    
  0.459999979       54.7347717    
  0.469999999      -14.1360836    
  0.479999989      -47.0345917    
  0.489999980      -29.1071129    
  0.500000000      -8.92385769    
  0.509999990       17.8655682    
  0.519999981       22.5928230    
  0.529999971      -4.19661045    
  0.539999962       15.9866295    
  0.550000012      -1.94082642    
  0.560000002      -34.8393059    
  0.569999993       34.0314713    
  0.579999983      -3.06602859    
  0.589999974      -63.1464539    
  0.599999964       72.2501068    
  0.610000014       20.7051735    
  0.620000005      -128.798248    
  0.629999995       88.2372360    
  0.639999986       115.686188    
  0.649999976      -208.258835    
  0.659999967      -13.3796997    
  0.669999957       289.300476    
  0.680000007      -137.523285    
  0.689999998      -298.523621    
  0.699999988       297.050079    
  0.709999979       257.744202    
  0.719999969      -422.809509    
  0.729999959      -194.258560    
  0.740000010       510.129913    
  0.750000000       152.316269    
  0.759999990      -551.488281    
  0.769999981      -148.407364    
  0.779999971       555.397156    
  0.789999962       197.583450    
  0.799999952      -506.804871    
  0.810000002      -278.253967    
  0.819999993       402.299591    
  0.829999983       362.993652    
  0.839999974      -232.579926    
  0.849999964      -393.580322    
  0.859999955       33.2440796    
  0.870000005       335.921997    
  0.879999995       141.050323    
  0.889999986      -182.917114    
  0.899999976      -210.303055    
  0.909999967       6.56954193    
  0.919999957       156.456421    
  0.930000007       104.098312    
  0.939999998      -29.7696114    
  0.949999988      -92.3196259    
  0.959999979      -52.0034180    
  0.969999969       14.0720234    
  0.979999959       46.7890091    
  0.989999950       35.2951126    
   1.00000000       1.14383841    
   1.00999999      -9.20565224    
