   9.99999978E-03   659.457825    
   1.99999996E-02   304.730408    
   2.99999993E-02  -697.493286    
   3.99999991E-02   14.6271057    
   4.99999970E-02   363.752411    
   5.99999987E-02  -851.412109    
   7.00000003E-02   298.446106    
   7.99999982E-02   1251.13464    
   8.99999961E-02  -1272.63354    
   9.99999940E-02  -650.808105    
  0.109999999       2245.33032    
  0.119999997      -762.928223    
  0.129999995      -2598.16333    
  0.140000001       2522.95581    
  0.149999991       1988.04590    
  0.159999996      -4172.49902    
  0.170000002      -591.986572    
  0.179999992       5352.84229    
  0.189999998      -1163.91309    
  0.199999988      -5931.81396    
  0.209999993       2898.68066    
  0.219999999       6085.99414    
  0.229999989      -4281.33301    
  0.239999995      -6065.31543    
  0.250000000       5129.65234    
  0.259999990       6105.48145    
  0.269999981      -5344.80225    
  0.280000001      -6320.61133    
  0.289999992       4874.31689    
  0.299999982       6658.38770    
  0.310000002      -3709.12305    
  0.319999993      -6896.10352    
  0.329999983       1933.87012    
  0.340000004       6702.42090    
  0.349999994       185.184326    
  0.359999985      -5760.01123    
  0.370000005      -2177.28613    
  0.379999995       3978.47168    
  0.389999986       3450.05908    
  0.399999976      -1675.24817    
  0.409999996      -3515.75342    
  0.419999987      -486.802979    
  0.429999977       2377.73828    
  0.439999998       1775.17651    
  0.449999988      -720.362671    
  0.459999979      -1762.89136    
  0.469999999      -512.448486    
  0.479999989       707.941650    
  0.489999980       860.939514    
  0.500000000       434.140533    
  0.509999990      -626.075684    
  0.519999981      -690.840027    
  0.529999971       369.375793    
  0.539999962      -57.4224701    
  0.550000012      -210.419647    
  0.560000002       1009.96924    
  0.569999993      -240.474060    
  0.579999983      -1283.00122    
  0.589999974       1212.53809    
  0.599999964       609.974548    
  0.610000014      -2254.56616    
  0.620000005       774.385437    
  0.629999995       2614.89062    
  0.639999986      -2510.41797    
  0.649999976      -1982.00439    
  0.659999967       4173.75537    
  0.669999957       591.028687    
  0.680000007      -5354.16797    
  0.689999998       1163.07056    
  0.699999988       5931.62256    
  0.709999979      -2898.35278    
  0.719999969      -6085.33398    
  0.729999959       4282.17871    
  0.740000010       6066.25000    
  0.750000000      -5128.67969    
  0.759999990      -6104.48730    
  0.769999981       5345.78857    
  0.779999971       6321.63623    
  0.789999962      -4873.38281    
  0.799999952      -6657.23340    
  0.810000002       3709.78369    
  0.819999993       6897.77344    
  0.829999983      -1934.06299    
  0.839999974      -6699.57715    
  0.849999964      -186.509033    
  0.859999955       5762.96875    
  0.870000005       2178.54102    
  0.879999995      -3982.51489    
  0.889999986      -3437.52002    
  0.899999976       1660.52148    
  0.909999967       3527.21021    
  0.919999957       498.038818    
  0.930000007      -2418.57129    
  0.939999998      -1713.08057    
  0.949999988       688.495361    
  0.959999979       1706.91858    
  0.969999969       671.006042    
  0.979999959      -859.273315    
  0.989999950      -903.734741    
   1.00000000      -104.023468    
   1.00999999       239.965515    
