   9.99999978E-03  -4043.59155    
   1.99999996E-02   8334.08887    
   2.99999993E-02   6696.38574    
   3.99999991E-02  -8415.84863    
   4.99999970E-02  -420.672119    
   5.99999987E-02   7386.37793    
   7.00000003E-02  -10418.1865    
   7.99999982E-02  -3508.34326    
   8.99999961E-02   19014.0547    
   9.99999940E-02  -5233.87256    
  0.109999999      -21120.7383    
  0.119999997       18182.9062    
  0.129999995       16362.5586    
  0.140000001      -31575.4609    
  0.149999991      -6232.55664    
  0.159999996       41474.4727    
  0.170000002      -7370.30078    
  0.179999992      -46481.5234    
  0.189999998       22078.3398    
  0.199999988       47582.5781    
  0.209999993      -35291.4609    
  0.219999999      -46498.3438    
  0.229999989       45262.3047    
  0.239999995       45009.6328    
  0.250000000      -51267.6914    
  0.259999990      -44688.9570    
  0.269999981       52930.9180    
  0.280000001       46351.2812    
  0.289999992      -49920.6445    
  0.299999982      -49675.3828    
  0.310000002       42094.4922    
  0.319999993       53298.8281    
  0.329999983      -29589.0918    
  0.340000004      -55055.8516    
  0.349999994       13453.5137    
  0.359999985       52590.0195    
  0.370000005       3800.48242    
  0.379999995      -44065.7031    
  0.389999986      -18536.8438    
  0.399999976       29381.4688    
  0.409999996       27234.5664    
  0.419999987      -11488.0225    
  0.429999977      -27694.8574    
  0.439999998      -4019.82812    
  0.449999988       19922.9062    
  0.459999979       12015.3086    
  0.469999999      -6898.65723    
  0.479999989      -11567.5312    
  0.489999980      -5613.63672    
  0.500000000       6767.01416    
  0.509999990       11514.8008    
  0.519999981      -3425.62207    
  0.529999971      -8173.40869    
  0.539999962       4207.23340    
  0.550000012      -1746.65942    
  0.560000002      -6415.52148    
  0.569999993       12498.4404    
  0.579999983       4590.82959    
  0.589999974      -19351.9043    
  0.599999964       4323.13477    
  0.610000014       20529.9688    
  0.620000005      -18192.6348    
  0.629999995      -16045.7246    
  0.639999986       31872.5977    
  0.649999976       6343.73535    
  0.659999967      -41522.4609    
  0.669999957       7267.08105    
  0.680000007       46403.6055    
  0.689999998      -22105.7930    
  0.699999988      -47572.5000    
  0.709999979       35315.3008    
  0.719999969       46519.9766    
  0.729999959      -45250.6484    
  0.740000010      -45003.9844    
  0.750000000       51265.4141    
  0.759999990       44689.8672    
  0.769999981      -52935.5664    
  0.779999971      -46351.0820    
  0.789999962       49923.7578    
  0.799999952       49664.2930    
  0.810000002      -42073.5820    
  0.819999993      -53320.9805    
  0.829999983       29599.0391    
  0.839999974       55085.2461    
  0.849999964      -13531.4629    
  0.859999955      -52484.8086    
  0.870000005      -3848.45996    
  0.879999995       43956.5195    
  0.889999986       18833.9648    
  0.899999976      -29696.3047    
  0.909999967      -27244.2812    
  0.919999957       12080.7979    
  0.930000007       26784.1152    
  0.939999998       4359.67627    
  0.949999988      -18840.4180    
  0.959999979      -14093.5596    
  0.969999969       7869.50732    
  0.979999959       13736.8574    
  0.989999950       1405.02393    
   1.00000000      -5287.98438    
   1.00999999      -6606.33252    
