   9.99999978E-03  -2.65378213    
   1.99999996E-02   9.45756245    
   2.99999993E-02   3.33626032    
   3.99999991E-02  0.381356239    
   4.99999970E-02   15.2472296    
   5.99999987E-02  -10.6644564    
   7.00000003E-02  -2.14151335    
   7.99999982E-02   26.2839508    
   8.99999961E-02  -29.7026863    
   9.99999940E-02  -5.54597092    
  0.109999999       54.5259056    
  0.119999997      -49.4384995    
  0.129999995      -34.3983994    
  0.140000001       104.022385    
  0.149999991      -35.4332657    
  0.159999996      -119.472588    
  0.170000002       127.375465    
  0.179999992       83.3968811    
  0.189999998      -207.451706    
  0.199999988      -11.7941895    
  0.209999993       258.061432    
  0.219999999      -67.3670578    
  0.229999989      -282.005066    
  0.239999995       129.675339    
  0.250000000       292.872009    
  0.259999990      -159.812531    
  0.269999981      -302.675720    
  0.280000001       150.008911    
  0.289999992       313.205505    
  0.299999982      -98.4749985    
  0.310000002      -313.112946    
  0.319999993       12.3155670    
  0.329999983       282.171143    
  0.340000004       86.5135956    
  0.349999994      -204.334991    
  0.359999985      -160.356415    
  0.370000005       86.4915390    
  0.379999995       170.531097    
  0.389999986       31.0746078    
  0.399999976      -107.343391    
  0.409999996      -92.3116302    
  0.419999987       11.6756382    
  0.429999977       71.6908264    
  0.439999998       47.6596069    
  0.449999988      -8.56974220    
  0.459999979      -36.6017532    
  0.469999999      -28.5631905    
  0.479999989      -2.35796165    
  0.489999980       12.9961834    
  0.500000000       13.9737244    
  0.509999990       11.3916740    
  0.519999981      -4.08412075    
  0.529999971      -1.50206900    
  0.539999962     -0.524516821    
  0.550000012      -15.8786640    
  0.560000002       10.3265390    
  0.569999993       2.28798676    
  0.579999983      -25.7439823    
  0.589999974       30.4853249    
  0.599999964       6.45407486    
  0.610000014      -53.5610352    
  0.620000005       50.4262161    
  0.629999995       35.3943863    
  0.639999986      -103.023529    
  0.649999976       36.4329681    
  0.659999967       120.472496    
  0.669999957      -126.375526    
  0.680000007      -82.3969116    
  0.689999998       208.451752    
  0.699999988       12.7941818    
  0.709999979      -257.061493    
  0.719999969       68.3670807    
  0.729999959       283.005127    
  0.740000010      -128.675415    
  0.750000000      -291.872040    
  0.759999990       160.812576    
  0.769999981       303.675690    
  0.779999971      -149.008942    
  0.789999962      -312.205475    
  0.799999952       99.4749756    
  0.810000002       314.112946    
  0.819999993      -11.3155823    
  0.829999983      -281.171204    
  0.839999974      -85.5135727    
  0.849999964       205.335022    
  0.859999955       161.356430    
  0.870000005      -85.4916229    
  0.879999995      -169.530762    
  0.889999986      -30.0757866    
  0.899999976       108.347321    
  0.909999967       93.2993240    
  0.919999957      -10.6404572    
  0.930000007      -70.7826538    
  0.939999998      -46.4422455    
  0.949999988       9.10966873    
  0.959999979       38.4552498    
  0.969999969       28.2252731    
  0.979999959       4.98941135    
  0.989999950      -13.1393394    
   1.00000000      -13.8079195    
   1.00999999      -6.01823711    
