   9.99999978E-03   1033889.19    
   1.99999996E-02   127360.000    
   2.99999993E-02  -1329237.00    
   3.99999991E-02  -118135.031    
   4.99999970E-02   1231640.75    
   5.99999987E-02  -369524.188    
   7.00000003E-02  -820981.062    
   7.99999982E-02   1130371.62    
   8.99999961E-02   214237.312    
   9.99999940E-02  -1830328.25    
  0.109999999       508676.875    
  0.119999997       2196707.00    
  0.129999995      -1313820.25    
  0.140000001      -2145897.25    
  0.149999991       2162849.25    
  0.159999996       1773592.38    
  0.170000002      -2973720.00    
  0.179999992      -1245715.50    
  0.189999998       3646597.00    
  0.199999988       698577.375    
  0.209999993      -4127034.50    
  0.219999999      -217209.375    
  0.229999989       4431485.50    
  0.239999995      -133072.500    
  0.250000000      -4609249.50    
  0.259999990       288185.000    
  0.269999981       4691615.50    
  0.280000001      -204010.125    
  0.289999992      -4676181.00    
  0.299999982      -117929.625    
  0.310000002       4533743.50    
  0.319999993       629060.125    
  0.329999983      -4211666.00    
  0.340000004      -1251107.12    
  0.349999994       3649732.25    
  0.359999985       1888190.75    
  0.370000005      -2827792.50    
  0.379999995      -2422585.50    
  0.389999986       1813385.38    
  0.399999976       2708669.75    
  0.409999996      -758331.000    
  0.419999987      -2598166.00    
  0.429999977      -160185.625    
  0.439999998       2016692.25    
  0.449999988       811319.750    
  0.459999979      -1055751.25    
  0.469999999      -1151514.50    
  0.479999989      -961.531250    
  0.489999980       1221967.12    
  0.500000000       770638.812    
  0.509999990      -1116342.12    
  0.519999981      -951434.375    
  0.529999971       935546.188    
  0.539999962       484218.125    
  0.550000012      -738710.562    
  0.560000002       411843.688    
  0.569999993       507604.000    
  0.579999983      -1359463.62    
  0.589999974      -154096.250    
  0.599999964       2022790.75    
  0.610000014      -415199.625    
  0.620000005      -2255029.50    
  0.629999995       1211979.25    
  0.639999986       2107232.50    
  0.649999976      -2128674.50    
  0.659999967      -1723560.62    
  0.669999957       2992507.00    
  0.680000007       1230970.25    
  0.689999998      -3670062.00    
  0.699999988      -709077.750    
  0.709999979       4131114.00    
  0.719999969       226697.000    
  0.729999959      -4424442.50    
  0.740000010       132182.500    
  0.750000000       4606512.50    
  0.759999990      -290081.375    
  0.769999981      -4695880.00    
  0.779999971       207718.000    
  0.789999962       4677450.50    
  0.799999952       112514.875    
  0.810000002      -4523722.00    
  0.819999993      -633404.625    
  0.829999983       4200631.50    
  0.839999974       1274148.88    
  0.849999964      -3664669.75    
  0.859999955      -1906979.75    
  0.870000005       2877907.50    
  0.879999995       2388503.75    
  0.889999986      -1851985.50    
  0.899999976      -2606794.25    
  0.909999967       700015.500    
  0.919999957       2504684.50    
  0.930000007       352638.062    
  0.939999998      -2076839.75    
  0.949999988      -1040417.00    
  0.959999979       1369126.50    
  0.969999969       1193830.75    
  0.979999959      -491967.625    
  0.989999950      -855883.688    
   1.00000000      -376946.438    
   1.00999999       292266.875    
