   9.99999978E-03  -8763.73633    
   1.99999996E-02  -18359.0703    
   2.99999993E-02   7498.70410    
   3.99999991E-02   16088.1846    
   4.99999970E-02  -12395.6904    
   5.99999987E-02  -1381.11865    
   7.00000003E-02   19396.8262    
   7.99999982E-02  -18323.6270    
   8.99999961E-02  -19708.4922    
   9.99999940E-02   35947.0273    
  0.109999999       7518.58789    
  0.119999997      -47634.8398    
  0.129999995       15426.9316    
  0.140000001       51597.4141    
  0.149999991      -42283.0391    
  0.159999996      -46862.6250    
  0.170000002       66930.6250    
  0.179999992       34427.5312    
  0.189999998      -86665.3906    
  0.199999988      -18021.2461    
  0.209999993       101023.648    
  0.219999999       2355.25781    
  0.229999989      -110391.422    
  0.239999995       9061.82031    
  0.250000000       115837.695    
  0.259999990      -14070.8672    
  0.269999981      -118440.578    
  0.280000001       11456.8828    
  0.289999992       118242.047    
  0.299999982      -1212.25781    
  0.310000002      -113975.492    
  0.319999993      -15263.1504    
  0.329999983       103725.750    
  0.340000004       35107.6250    
  0.349999994      -85918.8125    
  0.359999985      -53599.5977    
  0.370000005       60407.7344    
  0.379999995       64962.2695    
  0.389999986      -29292.3242    
  0.399999976      -64779.3906    
  0.409999996      -2130.30469    
  0.419999987       52408.3516    
  0.429999977       25660.1523    
  0.439999998      -31342.1992    
  0.449999988      -33791.9805    
  0.459999979       7676.92676    
  0.469999999       25439.3398    
  0.479999989       11899.6523    
  0.489999980      -8674.19922    
  0.500000000      -22116.0234    
  0.509999990      -3545.20312    
  0.519999981       21074.6797    
  0.529999971       2503.86621    
  0.539999962      -10937.9502    
  0.550000012       9635.88574    
  0.560000002      -3903.81104    
  0.569999993      -21666.2070    
  0.579999983       19802.7129    
  0.589999974       22252.4805    
  0.599999964      -34749.8789    
  0.610000014      -8001.66016    
  0.620000005       46537.0078    
  0.629999995      -16112.0977    
  0.639999986      -51599.1719    
  0.649999976       42655.4375    
  0.659999967       47210.0000    
  0.669999957      -66797.3828    
  0.680000007      -34478.1016    
  0.689999998       86548.1719    
  0.699999988       17930.4473    
  0.709999979      -101059.359    
  0.719999969      -2345.30859    
  0.729999959       110415.008    
  0.740000010      -9034.73438    
  0.750000000      -115826.023    
  0.759999990       14077.3164    
  0.769999981       118445.430    
  0.779999971      -11472.4453    
  0.789999962      -118221.016    
  0.799999952       1186.10938    
  0.810000002       113982.469    
  0.819999993       15299.1484    
  0.829999983      -103817.422    
  0.839999974      -34988.7891    
  0.849999964       85868.0781    
  0.859999955       53468.2656    
  0.870000005      -60060.3984    
  0.879999995      -65332.6719    
  0.889999986       29290.5703    
  0.899999976       65466.5312    
  0.909999967       1032.46094    
  0.919999957      -51923.2695    
  0.930000007      -24462.9844    
  0.939999998       28800.2070    
  0.949999988       35271.0547    
  0.959999979      -5405.54492    
  0.969999969      -30724.2617    
  0.979999959      -9137.84863    
  0.989999950       13824.4229    
   1.00000000       12115.4453    
   1.00999999       6260.81982    
