   9.99999978E-03  -1807092.50    
   1.99999996E-02   1000442.25    
   2.99999993E-02   2563264.50    
   3.99999991E-02  -1096831.50    
   4.99999970E-02  -2214593.50    
   5.99999987E-02   1654813.00    
   7.00000003E-02   949920.250    
   7.99999982E-02  -2472084.25    
   8.99999961E-02   785579.000    
   9.99999940E-02   3126479.50    
  0.109999999      -2555555.00    
  0.119999997      -3212701.50    
  0.129999995       4115806.50    
  0.140000001       2571369.25    
  0.149999991      -5410907.50    
  0.159999996      -1356620.38    
  0.170000002       6451347.00    
  0.179999992      -93250.0000    
  0.189999998      -7225593.00    
  0.199999988       1460875.00    
  0.209999993       7720736.50    
  0.219999999      -2562347.50    
  0.229999989      -7983587.50    
  0.239999995       3314832.25    
  0.250000000       8121735.00    
  0.259999990      -3657457.75    
  0.269999981      -8234908.00    
  0.280000001       3535693.25    
  0.289999992       8345480.50    
  0.299999982      -2939039.25    
  0.310000002      -8379152.50    
  0.319999993       1913585.50    
  0.329999983       8194598.00    
  0.340000004      -540259.750    
  0.349999994      -7644473.00    
  0.359999985      -1056225.25    
  0.370000005       6647263.00    
  0.379999995       2651675.50    
  0.389999986      -5229738.00    
  0.399999976      -3898695.50    
  0.409999996       3510588.25    
  0.419999987       4416698.00    
  0.429999977      -1654851.88    
  0.439999998      -3982295.50    
  0.449999988      -144977.625    
  0.459999979       2708263.50    
  0.469999999       1660700.00    
  0.479999989      -1075320.00    
  0.489999980      -2648704.50    
  0.500000000      -242014.188    
  0.509999990       2930589.50    
  0.519999981       683596.000    
  0.529999971      -2489008.50    
  0.539999962      -82316.6875    
  0.550000012       1491063.50    
  0.560000002      -1244950.88    
  0.569999993      -197394.125    
  0.579999983       2655857.00    
  0.589999974      -1181471.50    
  0.599999964      -3508916.50    
  0.610000014       2562657.00    
  0.620000005       3468712.50    
  0.629999995      -3940481.25    
  0.639999986      -2609543.50    
  0.649999976       5271925.50    
  0.659999967       1276440.38    
  0.669999957      -6427404.00    
  0.680000007       161426.750    
  0.689999998       7265105.00    
  0.699999988      -1469812.25    
  0.709999979      -7749609.00    
  0.719999969       2540771.50    
  0.729999959       7983137.00    
  0.740000010      -3301097.25    
  0.750000000      -8115791.00    
  0.759999990       3663229.50    
  0.769999981       8234978.50    
  0.779999971      -3550055.50    
  0.789999962      -8336651.00    
  0.799999952       2939206.75    
  0.810000002       8359829.50    
  0.819999993      -1882352.50    
  0.829999983      -8202317.50    
  0.839999974       500808.250    
  0.849999964       7712113.00    
  0.859999955       1031699.50    
  0.870000005      -6727797.00    
  0.879999995      -2512792.00    
  0.889999986       5191616.00    
  0.899999976       3723475.00    
  0.909999967      -3254485.50    
  0.919999957      -4423741.50    
  0.930000007       1272437.50    
  0.939999998       4378189.50    
  0.949999988       328739.750    
  0.959999979      -3460796.75    
  0.969999969      -1250844.50    
  0.979999959       1798845.38    
  0.989999950       1469551.50    
   1.00000000       167758.844    
   1.00999999      -1246551.00    
