   9.99999978E-03   954.616333    
   1.99999996E-02  -3349.71680    
   2.99999993E-02  -1796.15857    
   3.99999991E-02   3102.78052    
   4.99999970E-02  -853.831787    
   5.99999987E-02  -1869.46973    
   7.00000003E-02   4783.05566    
   7.99999982E-02  -715.354492    
   8.99999961E-02  -6849.12646    
   9.99999940E-02   4948.24219    
  0.109999999       5536.47559    
  0.119999997      -9887.79395    
  0.129999995      -1247.87305    
  0.140000001       13618.2900    
  0.149999991      -4876.43164    
  0.159999996      -14776.6152    
  0.170000002       11686.4756    
  0.179999992       13479.7246    
  0.189999998      -18000.8066    
  0.199999988      -10697.9355    
  0.209999993       22969.3496    
  0.219999999       7529.97461    
  0.229999989      -26390.7090    
  0.239999995      -5007.43750    
  0.250000000       28438.7012    
  0.259999990       3955.26074    
  0.269999981      -29224.0762    
  0.280000001      -4739.76465    
  0.289999992       28705.7539    
  0.299999982       7322.98535    
  0.310000002      -26597.0156    
  0.319999993      -11160.5439    
  0.329999983       22512.7305    
  0.340000004       15201.8906    
  0.349999994      -16273.4600    
  0.359999985      -18060.4629    
  0.370000005       8377.07715    
  0.379999995       18318.5352    
  0.389999986      -206.899414    
  0.399999976      -15098.3574    
  0.409999996      -6347.26709    
  0.419999987       8923.73633    
  0.429999977       9563.76465    
  0.439999998      -2026.59375    
  0.449999988      -8593.11230    
  0.459999979      -2805.20435    
  0.469999999       4199.86523    
  0.479999989       4201.60498    
  0.489999980       1008.24036    
  0.500000000      -3151.21582    
  0.509999990      -3787.15308    
  0.519999981       1879.92249    
  0.529999971       2515.86084    
  0.539999962      -1643.59277    
  0.550000012       1549.76978    
  0.560000002       1551.50427    
  0.569999993      -5453.56201    
  0.579999983       334.350098    
  0.589999974       6900.86572    
  0.599999964      -4689.49658    
  0.610000014      -5329.52295    
  0.620000005       9941.48535    
  0.629999995       1190.38965    
  0.639999986      -13701.0723    
  0.649999976       4824.36963    
  0.659999967       14765.8271    
  0.669999957      -11671.7168    
  0.680000007      -13458.7227    
  0.689999998       18016.6367    
  0.699999988       10705.7939    
  0.709999979      -22967.4961    
  0.719999969      -7531.01074    
  0.729999959       26388.9707    
  0.740000010       5006.28223    
  0.750000000      -28439.4395    
  0.759999990      -3954.68555    
  0.769999981       29223.7285    
  0.779999971       4742.06055    
  0.789999962      -28707.1016    
  0.799999952      -7319.32129    
  0.810000002       26595.9512    
  0.819999993       11160.6738    
  0.829999983      -22504.8770    
  0.839999974      -15215.7227    
  0.849999964       16294.4629    
  0.859999955       18047.7031    
  0.870000005      -8387.87109    
  0.879999995      -18264.4688    
  0.889999986       124.124512    
  0.899999976       15157.8398    
  0.909999967       6400.95508    
  0.919999957      -9128.69043    
  0.930000007      -9305.01953    
  0.939999998       1976.85352    
  0.949999988       8212.10547    
  0.959999979       3477.71094    
  0.969999969      -4517.82715    
  0.979999959      -4895.54102    
  0.989999950       450.945068    
   1.00000000       2433.51123    
   1.00999999       2317.35938    
