   9.99999978E-03   3708.66162    
   1.99999996E-02  -1216.85596    
   2.99999993E-02  -4791.58789    
   3.99999991E-02   1917.57031    
   4.99999970E-02   1925.70337    
   5.99999987E-02  -4305.01562    
   7.00000003E-02   3126.68115    
   7.99999982E-02   5382.57910    
   8.99999961E-02  -8179.81299    
   9.99999940E-02  -2525.78564    
  0.109999999       11756.3711    
  0.119999997      -4099.23730    
  0.129999995      -12803.6777    
  0.140000001       12188.7578    
  0.149999991       10582.9883    
  0.159999996      -19517.3652    
  0.170000002      -5332.33105    
  0.179999992       25046.2402    
  0.189999998      -1495.88672    
  0.199999988      -28532.6641    
  0.209999993       8209.75586    
  0.219999999       30287.1699    
  0.229999989      -13610.1611    
  0.239999995      -31078.3848    
  0.250000000       16926.5918    
  0.259999990       31683.0430    
  0.269999981      -17652.0254    
  0.280000001      -32407.3203    
  0.289999992       15597.3418    
  0.299999982       33065.2266    
  0.310000002      -10829.4688    
  0.319999993      -32912.5430    
  0.329999983       3838.01758    
  0.340000004       30868.4355    
  0.349999994       4322.51172    
  0.359999985      -26033.1484    
  0.370000005      -11889.5791    
  0.379999995       18248.2812    
  0.389999986       16654.2734    
  0.399999976      -8438.23730    
  0.409999996      -16980.1016    
  0.419999987      -1217.55615    
  0.429999977       12909.6855    
  0.439999998       7687.57764    
  0.449999988      -6269.44141    
  0.459999979      -8715.10449    
  0.469999999      -302.577148    
  0.479999989       4899.94043    
  0.489999980       4584.41504    
  0.500000000       20.4782715    
  0.509999990      -5609.07178    
  0.519999981      -1806.25037    
  0.529999971       3823.29956    
  0.539999962      -740.634033    
  0.550000012      -425.106323    
  0.560000002       4777.40479    
  0.569999993      -3635.12500    
  0.579999983      -6080.78223    
  0.589999974       7876.23779    
  0.599999964       2654.12451    
  0.610000014      -11473.1201    
  0.620000005       4289.43262    
  0.629999995       12831.2979    
  0.639999986      -12261.2207    
  0.649999976      -10667.2090    
  0.659999967       19470.6543    
  0.669999957       5327.08496    
  0.680000007      -25028.5820    
  0.689999998       1517.34766    
  0.699999988       28547.7793    
  0.709999979      -8202.80566    
  0.719999969      -30285.8652    
  0.729999959       13608.7695    
  0.740000010       31076.8457    
  0.750000000      -16928.2324    
  0.759999990      -31682.6621    
  0.769999981       17650.7324    
  0.779999971       32410.0918    
  0.789999962      -15599.2930    
  0.799999952      -33062.0156    
  0.810000002       10830.7109    
  0.819999993       32907.5625    
  0.829999983      -3822.91797    
  0.839999974      -30887.9043    
  0.849999964      -4304.85449    
  0.859999955       26040.3965    
  0.870000005       11842.8613    
  0.879999995      -18162.0625    
  0.889999986      -16726.7285    
  0.899999976       8412.62109    
  0.909999967       17170.2949    
  0.919999957       936.301270    
  0.930000007      -12781.3477    
  0.939999998      -7382.00195    
  0.949999988       5571.23535    
  0.959999979       9225.54590    
  0.969999969       774.968018    
  0.979999959      -6398.53320    
  0.989999950      -3407.47852    
   1.00000000       949.807495    
   1.00999999       2585.96362    
