   9.99999978E-03   0.00000000    
   1.99999996E-02   0.00000000    
   2.99999993E-02   0.00000000    
   3.99999991E-02   0.00000000    
   4.99999970E-02   0.00000000    
   5.99999987E-02   0.00000000    
   7.00000003E-02   0.00000000    
   7.99999982E-02   0.00000000    
   8.99999961E-02   0.00000000    
   9.99999940E-02   0.00000000    
  0.109999999       0.00000000    
  0.119999997       0.00000000    
  0.129999995       0.00000000    
  0.140000001       0.00000000    
  0.149999991       0.00000000    
  0.159999996       0.00000000    
  0.170000002       0.00000000    
  0.179999992       0.00000000    
  0.189999998       0.00000000    
  0.199999988      -6.10351562E-05
  0.209999993       1.64794922E-03
  0.219999999      -1.84326172E-02
  0.229999989      0.108032227    
  0.239999995     -0.337585449    
  0.250000000      0.453674316    
  0.259999990      0.141357422    
  0.269999981     -0.697509766    
  0.280000001     -0.385192871    
  0.289999992      0.406066895    
  0.299999982      0.851684570    
  0.310000002      0.978149414    
  0.319999993      0.998229980    
  0.329999983      0.999938965    
  0.340000004       1.00000000    
  0.349999994       1.00000000    
  0.359999985       1.00000000    
  0.370000005       1.00000000    
  0.379999995       1.00000000    
  0.389999986       1.00000000    
  0.399999976       1.00000000    
  0.409999996       1.00000000    
  0.419999987       1.00000000    
  0.429999977       1.00000000    
  0.439999998       1.00000000    
  0.449999988       1.00000000    
  0.459999979       1.00000000    
  0.469999999       1.00000000    
  0.479999989       1.00000000    
  0.489999980       1.00000000    
  0.500000000       1.00000000    
  0.509999990       1.00000000    
  0.519999981       1.00000000    
  0.529999971       1.00000000    
  0.539999962       1.00000000    
  0.550000012       1.00000000    
  0.560000002       1.00000000    
  0.569999993       1.00000000    
  0.579999983       1.00000000    
  0.589999974       1.00000000    
  0.599999964       1.00000000    
  0.610000014       1.00000000    
  0.620000005       1.00000000    
  0.629999995       1.00000000    
  0.639999986       1.00000000    
  0.649999976       1.00000000    
  0.659999967       1.00000000    
  0.669999957       1.00000000    
  0.680000007       1.00000000    
  0.689999998       1.00000000    
  0.699999988       1.00006104    
  0.709999979      0.998352051    
  0.719999969       1.01843262    
  0.729999959      0.891967773    
  0.740000010       1.33758545    
  0.750000000      0.546325684    
  0.759999990      0.858642578    
  0.769999981       1.69750977    
  0.779999971       1.38519287    
  0.789999962      0.593933105    
  0.799999952      0.148315430    
  0.810000002       2.18505859E-02
  0.819999993       1.77001953E-03
  0.829999983       6.10351562E-05
  0.839999974       0.00000000    
  0.849999964       0.00000000    
  0.859999955       0.00000000    
  0.870000005       0.00000000    
  0.879999995       0.00000000    
  0.889999986       0.00000000    
  0.899999976       0.00000000    
  0.909999967       0.00000000    
  0.919999957       0.00000000    
  0.930000007       0.00000000    
  0.939999998       0.00000000    
  0.949999988       0.00000000    
  0.959999979       0.00000000    
  0.969999969       0.00000000    
  0.979999959       0.00000000    
  0.989999950       0.00000000    
   1.00000000       0.00000000    
   1.00999999       0.00000000    
