   9.99999978E-03   155000.781    
   1.99999996E-02  -809500.875    
   2.99999993E-02  -362256.906    
   3.99999991E-02   870713.812    
   4.99999970E-02   154139.938    
   5.99999987E-02  -767055.375    
   7.00000003E-02   387663.000    
   7.99999982E-02   535579.188    
   8.99999961E-02  -1027941.88    
   9.99999940E-02  -184153.188    
  0.109999999       1521237.00    
  0.119999997      -301158.500    
  0.129999995      -1737461.25    
  0.140000001       910140.875    
  0.149999991       1689758.00    
  0.159999996      -1574641.75    
  0.170000002      -1470163.38    
  0.179999992       2190515.50    
  0.189999998       1171284.50    
  0.199999988      -2677890.50    
  0.209999993      -859375.062    
  0.219999999       3018333.00    
  0.229999989       591134.625    
  0.239999995      -3235302.00    
  0.250000000      -425251.875    
  0.259999990       3350492.50    
  0.269999981       408483.562    
  0.280000001      -3365108.25    
  0.289999992      -556015.625    
  0.299999982       3267483.25    
  0.310000002       845232.750    
  0.319999993      -3036594.25    
  0.329999983      -1221293.25    
  0.340000004       2640403.00    
  0.349999994       1608661.88    
  0.359999985      -2055766.25    
  0.370000005      -1924087.25    
  0.379999995       1310056.00    
  0.389999986       2083061.38    
  0.399999976      -505695.250    
  0.409999996      -2002861.88    
  0.419999987      -204558.250    
  0.429999977       1625761.88    
  0.439999998       683480.000    
  0.449999988      -971304.938    
  0.459999979      -875071.750    
  0.469999999       180472.875    
  0.479999989       828427.875    
  0.489999980       503862.188    
  0.500000000      -667477.750    
  0.509999990      -835765.438    
  0.519999981       525766.250    
  0.529999971       694053.875    
  0.539999962      -477285.750    
  0.550000012      -152720.156    
  0.560000002       495234.938    
  0.569999993      -560311.000    
  0.579999983      -464075.562    
  0.589999974       1190706.75    
  0.599999964       248429.750    
  0.610000014      -1581898.38    
  0.620000005       216414.625    
  0.629999995       1713574.62    
  0.639999986      -875184.812    
  0.649999976      -1648168.50    
  0.659999967       1585922.88    
  0.669999957       1454327.12    
  0.680000007      -2210188.75    
  0.689999998      -1178421.00    
  0.699999988       2683402.75    
  0.709999979       867755.125    
  0.719999969      -3013575.50    
  0.729999959      -591676.688    
  0.740000010       3231542.75    
  0.750000000       423730.250    
  0.759999990      -3351841.75    
  0.769999981      -408532.250    
  0.779999971       3368612.50    
  0.789999962       553536.312    
  0.799999952      -3266660.25    
  0.810000002      -840827.312    
  0.819999993       3027719.75    
  0.829999983       1226459.38    
  0.839999974      -2633391.75    
  0.849999964      -1628308.00    
  0.859999955       2071691.75    
  0.870000005       1935450.25    
  0.879999995      -1351591.25    
  0.889999986      -2048082.50    
  0.899999976       529586.125    
  0.909999967       1918110.25    
  0.919999957       265212.219    
  0.930000007      -1561492.88    
  0.939999998      -846247.625    
  0.949999988       1042805.44    
  0.959999979       1047719.44    
  0.969999969      -452294.375    
  0.979999959      -829845.438    
  0.989999950      -110434.297    
   1.00000000       335682.125    
   1.00999999       552030.750    
