   9.99999978E-03   2.33196113E-02
   1.99999996E-02  -2.15541869E-02
   2.99999993E-02   7.05850571E-02
   3.99999991E-02 -0.164281324    
   4.99999970E-02  0.331838846    
   5.99999987E-02 -0.546645939    
   7.00000003E-02  0.664934337    
   7.99999982E-02 -0.387533098    
   8.99999961E-02 -0.570421338    
   9.99999940E-02   1.98371315    
  0.109999999      -2.61805487    
  0.119999997      0.738389850    
  0.129999995       3.62843847    
  0.140000001      -6.46019554    
  0.149999991       2.17456818    
  0.159999996       7.95466518    
  0.170000002      -11.5164165    
  0.179999992      -1.50505352    
  0.189999998       17.7351074    
  0.199999988      -9.90959644    
  0.209999993      -17.9344330    
  0.219999999       21.1088009    
  0.229999989       14.2269106    
  0.239999995      -29.0295677    
  0.250000000      -10.7115746    
  0.259999990       33.0745392    
  0.269999981       10.6039877    
  0.280000001      -33.1821251    
  0.289999992      -14.8641262    
  0.299999982       28.3923473    
  0.310000002       21.5104523    
  0.319999993      -17.5327797    
  0.329999983      -25.5576172    
  0.340000004       2.08708096    
  0.349999994       21.3272419    
  0.359999985       11.3158798    
  0.370000005      -8.15520287    
  0.379999995      -13.9352999    
  0.389999986      -5.30053568    
  0.399999976       4.78809929    
  0.409999996       7.67814684    
  0.419999987       4.32170105    
  0.429999977     -0.280067921    
  0.439999998      -2.83420253    
  0.449999988      -3.01708937    
  0.459999979      -1.96461511    
  0.469999999     -0.753066421    
  0.479999989      0.125562161    
  0.489999980      0.621074557    
  0.500000000      0.858234406    
  0.509999990      0.942632854    
  0.519999981       1.01072776    
  0.529999971      0.926328719    
  0.539999962       1.16348767    
  0.550000012      0.667977154    
  0.560000002       1.54660702    
  0.569999993      0.335057825    
  0.579999983       1.38753176    
  0.589999974       1.57042146    
  0.599999964     -0.983712375    
  0.610000014       3.61805320    
  0.620000005      0.261608541    
  0.629999995      -2.62843394    
  0.639999986       7.46019459    
  0.649999976      -1.17457414    
  0.659999967      -6.95466089    
  0.669999957       12.5164194    
  0.680000007       2.50504732    
  0.689999998      -16.7351074    
  0.699999988       10.9095955    
  0.709999979       18.9344349    
  0.719999969      -20.1087990    
  0.729999959      -13.2269106    
  0.740000010       30.0295677    
  0.750000000       11.7115717    
  0.759999990      -32.0745468    
  0.769999981      -9.60398769    
  0.779999971       34.1821289    
  0.789999962       15.8641253    
  0.799999952      -27.3923492    
  0.810000002      -20.5104504    
  0.819999993       18.5327797    
  0.829999983       26.5576134    
  0.839999974      -1.08708382    
  0.849999964      -20.3272400    
  0.859999955      -10.3158779    
  0.870000005       9.15519905    
  0.879999995       14.9352970    
  0.889999986       6.30053616    
  0.899999976      -3.78809643    
  0.909999967      -6.67814636    
  0.919999957      -3.32170177    
  0.930000007       1.28006601    
  0.939999998       3.83420038    
  0.949999988       4.01708889    
  0.959999979       2.96462369    
  0.969999969       1.75302839    
  0.979999959      0.874621272    
  0.989999950      0.378132343    
   1.00000000      0.144852132    
   1.00999999       4.65403944E-02
