   9.99999978E-03  -2157183.25    
   1.99999996E-02  -2849791.00    
   2.99999993E-02   2277286.00    
   3.99999991E-02   3128693.75    
   4.99999970E-02  -2605890.50    
   5.99999987E-02  -1832186.00    
   7.00000003E-02   3161495.50    
   7.99999982E-02  -527680.375    
   8.99999961E-02  -3670505.00    
   9.99999940E-02   3187920.25    
  0.109999999       3700220.50    
  0.119999997      -5533572.50    
  0.129999995      -2918209.25    
  0.140000001       7308096.50    
  0.149999991       1312650.50    
  0.159999996      -8546678.00    
  0.170000002       791792.000    
  0.179999992       9372683.00    
  0.189999998      -2932634.50    
  0.199999988      -9868470.00    
  0.209999993       4749316.00    
  0.219999999       10096278.0    
  0.229999989      -6071696.50    
  0.239999995      -10169192.0    
  0.250000000       6842227.00    
  0.259999990       10244186.0    
  0.269999981      -7019182.00    
  0.280000001      -10427294.0    
  0.289999992       6566288.00    
  0.299999982       10687637.0    
  0.310000002      -5484021.00    
  0.319999993      -10859953.0    
  0.329999983       3813134.75    
  0.340000004       10725152.0    
  0.349999994      -1643691.50    
  0.359999985      -10103372.0    
  0.370000005      -814017.250    
  0.379999995       8904968.00    
  0.389999986       3156226.00    
  0.399999976      -7127185.50    
  0.409999996      -4839848.00    
  0.419999987       4835251.00    
  0.429999977       5399078.00    
  0.439999998      -2185730.00    
  0.449999988      -4708001.00    
  0.459999979      -509726.625    
  0.469999999       3116012.50    
  0.479999989       2772341.00    
  0.489999980      -1348856.25    
  0.500000000      -4082809.00    
  0.509999990       201962.000    
  0.519999981       4112406.50    
  0.529999971      -172367.125    
  0.539999962      -2906315.25    
  0.550000012       1214874.75    
  0.560000002       871210.938    
  0.569999993      -2754537.75    
  0.579999983       1443746.25    
  0.589999974       3966022.25    
  0.599999964      -3618820.50    
  0.610000014      -4182579.25    
  0.620000005       5492419.00    
  0.629999995       3205186.00    
  0.639999986      -7078252.50    
  0.649999976      -1329681.25    
  0.659999967       8389757.00    
  0.669999957      -900248.250    
  0.680000007      -9359450.00    
  0.689999998       3009710.25    
  0.699999988       9920086.00    
  0.709999979      -4750300.00    
  0.719999969      -10128324.0    
  0.729999959       6042058.50    
  0.740000010       10169864.0    
  0.750000000      -6833096.50    
  0.759999990      -10236711.0    
  0.769999981       7036365.00    
  0.779999971       10413668.0    
  0.789999962      -6574993.00    
  0.799999952      -10664452.0    
  0.810000002       5450701.00    
  0.819999993       10863030.0    
  0.829999983      -3758814.50    
  0.839999974      -10800582.0    
  0.849999964       1657241.75    
  0.859999955       10211346.0    
  0.870000005       656442.500    
  0.879999995      -8888384.00    
  0.889999986      -2926552.00    
  0.899999976       6840233.50    
  0.909999967       4798796.50    
  0.919999957      -4352786.50    
  0.930000007      -5829907.00    
  0.939999998       1890248.00    
  0.949999988       5624070.50    
  0.959999979       102761.250    
  0.969999969      -4076996.00    
  0.979999959      -1381330.75    
  0.989999950       1571226.62    
   1.00000000       1977886.12    
   1.00999999       1060652.75    
