   9.99999978E-03   5894715.00    
   1.99999996E-02   2967846.75    
   2.99999993E-02  -7158882.00    
   3.99999991E-02  -3370763.25    
   4.99999970E-02   7300340.50    
   5.99999987E-02   892593.375    
   7.00000003E-02  -6577376.50    
   7.99999982E-02   3588545.00    
   8.99999961E-02   5190284.50    
   9.99999940E-02  -8535829.00    
  0.109999999      -3119468.75    
  0.119999997       12538686.0    
  0.129999995       209764.500    
  0.140000001      -14906128.0    
  0.149999991       3549996.00    
  0.159999996       15749925.0    
  0.170000002      -7816001.00    
  0.179999992      -15618488.0    
  0.189999998       11968056.0    
  0.199999988       15049342.0    
  0.209999993      -15414339.0    
  0.219999999      -14382012.0    
  0.229999989       17840620.0    
  0.239999995       13850852.0    
  0.250000000      -19209686.0    
  0.259999990      -13697162.0    
  0.269999981       19582264.0    
  0.280000001       14102068.0    
  0.289999992      -18959380.0    
  0.299999982      -15032694.0    
  0.310000002       17251792.0    
  0.319999993       16217926.0    
  0.329999983      -14356226.0    
  0.340000004      -17281284.0    
  0.349999994       10298933.0    
  0.359999985       17855296.0    
  0.370000005      -5401662.00    
  0.379999995      -17567272.0    
  0.389999986       353200.000    
  0.399999976       16001977.0    
  0.409999996       3943574.50    
  0.419999987      -12814176.0    
  0.429999977      -6720405.50    
  0.439999998       8015095.50    
  0.449999988       7678384.00    
  0.459999979      -2251793.75    
  0.469999999      -7105381.50    
  0.479999989      -3184859.25    
  0.489999980       5733445.50    
  0.500000000       6760978.00    
  0.509999990      -4426160.00    
  0.519999981      -7363276.50    
  0.529999971       3823849.50    
  0.539999962       4851390.00    
  0.550000012      -4066923.50    
  0.560000002      -146398.000    
  0.569999993       4707207.50    
  0.579999983      -5223030.50    
  0.589999974      -4886215.50    
  0.599999964       9849168.00    
  0.610000014       3755478.50    
  0.620000005      -13002206.0    
  0.629999995      -944154.000    
  0.639999986       14705284.0    
  0.649999976      -3215916.00    
  0.659999967      -15381326.0    
  0.669999957       7876693.00    
  0.680000007       15430438.0    
  0.689999998      -12146583.0    
  0.699999988      -15072771.0    
  0.709999979       15497268.0    
  0.719999969       14473345.0    
  0.729999959      -17821512.0    
  0.740000010      -13895116.0    
  0.750000000       19186240.0    
  0.759999990       13672824.0    
  0.769999981      -19588102.0    
  0.779999971      -14045402.0    
  0.789999962       18935026.0    
  0.799999952       15013878.0    
  0.810000002      -17170824.0    
  0.819999993      -16310793.0    
  0.829999983       14328685.0    
  0.839999974       17460938.0    
  0.849999964      -10483785.0    
  0.859999955      -17913356.0    
  0.870000005       5771319.50    
  0.879999995       17232982.0    
  0.889999986      -554774.000    
  0.899999976      -15268238.0    
  0.909999967      -4407443.00    
  0.919999957       12178093.0    
  0.930000007       8033822.00    
  0.939999998      -8319041.50    
  0.949999988      -9312764.00    
  0.959999979       4122023.00    
  0.969999969       7851592.00    
  0.979999959      -48560.0000    
  0.989999950      -4252824.50    
   1.00000000      -3425951.50    
   1.00999999       30718.1250    
