   9.99999978E-03   2174800.50    
   1.99999996E-02  -4041981.50    
   2.99999993E-02  -3628194.25    
   3.99999991E-02   4427942.50    
   4.99999970E-02   2842925.50    
   5.99999987E-02  -4619685.50    
   7.00000003E-02  -119045.500    
   7.99999982E-02   4629617.00    
   8.99999961E-02  -3562191.50    
   9.99999940E-02  -4231581.00    
  0.109999999       7087120.00    
  0.119999997       3085242.00    
  0.129999995      -9729913.00    
  0.140000001      -1001865.50    
  0.149999991       11336681.0    
  0.159999996      -1847573.50    
  0.170000002      -12140044.0    
  0.179999992       4970127.00    
  0.189999998       12443701.0    
  0.199999988      -7811493.50    
  0.209999993      -12452361.0    
  0.219999999       10008905.0    
  0.229999989       12313502.0    
  0.239999995      -11438128.0    
  0.250000000      -12210624.0    
  0.259999990       12089610.0    
  0.269999981       12335854.0    
  0.280000001      -11952028.0    
  0.289999992      -12757105.0    
  0.299999982       10992033.0    
  0.310000002       13338771.0    
  0.319999993      -9181355.00    
  0.329999983      -13805404.0    
  0.340000004       6536459.00    
  0.349999994       13871256.0    
  0.359999985      -3207061.00    
  0.370000005      -13311457.0    
  0.379999995      -406762.000    
  0.389999986       11951734.0    
  0.399999976       3646960.50    
  0.409999996      -9658582.00    
  0.419999987      -5800506.00    
  0.429999977       6417431.50    
  0.439999998       6427184.00    
  0.449999988      -2492128.00    
  0.459999979      -5604413.00    
  0.469999999      -1466215.00    
  0.479999989       3934255.50    
  0.489999980       4526892.00    
  0.500000000      -2299903.50    
  0.509999990      -5832535.00    
  0.519999981       1482935.38    
  0.529999971       5015560.00    
  0.539999962      -1811227.88    
  0.550000012      -2403873.25    
  0.560000002       2996606.00    
  0.569999993      -1141598.75    
  0.579999983      -4253894.00    
  0.589999974       4665465.50    
  0.599999964       4675133.00    
  0.610000014      -7542694.50    
  0.620000005      -3684716.50    
  0.629999995       9620813.00    
  0.639999986       1316292.50    
  0.649999976      -11042760.0    
  0.659999967       1862637.50    
  0.669999957       11966664.0    
  0.680000007      -5112303.00    
  0.689999998      -12444988.0    
  0.699999988       7893879.00    
  0.709999979       12519662.0    
  0.719999969      -9997920.00    
  0.729999959      -12352814.0    
  0.740000010       11406398.0    
  0.750000000       12208924.0    
  0.759999990      -12093356.0    
  0.769999981      -12310550.0    
  0.779999971       11968126.0    
  0.789999962       12722824.0    
  0.799999952      -10962793.0    
  0.810000002      -13335938.0    
  0.819999993       9111512.00    
  0.829999983       13889522.0    
  0.839999974      -6532172.50    
  0.849999964      -14011315.0    
  0.859999955       3381093.00    
  0.870000005       13326140.0    
  0.879999995       112137.500    
  0.889999986      -11637858.0    
  0.899999976      -3538110.00    
  0.909999967       9059088.00    
  0.919999957       6256177.00    
  0.930000007      -5973765.00    
  0.939999998      -7530368.50    
  0.949999988       2867897.25    
  0.959999979       6865067.00    
  0.969999969      -156871.500    
  0.979999959      -4373313.50    
  0.989999950      -1910185.50    
   1.00000000       912529.500    
   1.00999999       3273481.75    
