   9.99999978E-03   31044480.0    
   1.99999996E-02   12763126.0    
   2.99999993E-02  -38219156.0    
   3.99999991E-02  -15516946.0    
   4.99999970E-02   39406492.0    
   5.99999987E-02   5704983.00    
   7.00000003E-02  -35815192.0    
   7.99999982E-02   13728887.0    
   8.99999961E-02   28989852.0    
   9.99999940E-02  -36821784.0    
  0.109999999      -19773264.0    
  0.119999997       57374988.0    
  0.129999995       8043492.00    
  0.140000001      -71527072.0    
  0.149999991       6541816.00    
  0.159999996       78757472.0    
  0.170000002      -23451304.0    
  0.179999992      -80998096.0    
  0.189999998       40829472.0    
  0.199999988       80812392.0    
  0.209999993      -56131752.0    
  0.219999999      -80060512.0    
  0.229999989       67318408.0    
  0.239999995       79699960.0    
  0.250000000      -73578200.0    
  0.259999990      -80213184.0    
  0.269999981       75022432.0    
  0.280000001       81828320.0    
  0.289999992      -71799248.0    
  0.299999982      -84356576.0    
  0.310000002       63611348.0    
  0.319999993       87082080.0    
  0.329999983      -50144180.0    
  0.340000004      -88932400.0    
  0.349999994       31986020.0    
  0.359999985       88625008.0    
  0.370000005      -11194280.0    
  0.379999995      -84558912.0    
  0.389999986      -8993806.00    
  0.399999976       74840440.0    
  0.409999996       25182398.0    
  0.419999987      -58021192.0    
  0.429999977      -35029688.0    
  0.439999998       34446912.0    
  0.449999988       38043600.0    
  0.459999979      -7294844.00    
  0.469999999      -35611296.0    
  0.479999989      -17688538.0    
  0.489999980       30349808.0    
  0.500000000       33990312.0    
  0.509999990      -25144590.0    
  0.519999981      -36944312.0    
  0.529999971       22190740.0    
  0.539999962       25831080.0    
  0.550000012      -22207160.0    
  0.560000002      -4284326.00    
  0.569999993       24031684.0    
  0.579999983      -21305950.0    
  0.589999974      -24903628.0    
  0.599999964       44573484.0    
  0.610000014       21583018.0    
  0.620000005      -61623856.0    
  0.629999995      -11961140.0    
  0.639999986       71870192.0    
  0.649999976      -3698348.00    
  0.659999967      -77050528.0    
  0.669999957       22751600.0    
  0.680000007       79398520.0    
  0.689999998      -41501464.0    
  0.699999988      -80337368.0    
  0.709999979       56936980.0    
  0.719999969       80414432.0    
  0.729999959      -67652224.0    
  0.740000010      -80063080.0    
  0.750000000       73511248.0    
  0.759999990       80140184.0    
  0.769999981      -74739752.0    
  0.779999971      -81584400.0    
  0.789999962       71382896.0    
  0.799999952       84543920.0    
  0.810000002      -63356168.0    
  0.819999993      -87893992.0    
  0.829999983       50667296.0    
  0.839999974       89652032.0    
  0.849999964      -33567152.0    
  0.859999955      -87933184.0    
  0.870000005       12884046.0    
  0.879999995       81702936.0    
  0.889999986       9333496.00    
  0.899999976      -70919808.0    
  0.909999967      -29426584.0    
  0.919999957       56214688.0    
  0.930000007       42782416.0    
  0.939999998      -38533620.0    
  0.949999988      -45621648.0    
  0.959999979       19077524.0    
  0.969999969       37031504.0    
  0.979999959       489110.000    
  0.989999950      -20035552.0    
   1.00000000      -17961716.0    
   1.00999999       963511.000    
