   9.99999978E-03   0.00000000    
   1.99999996E-02   0.00000000    
   2.99999993E-02   0.00000000    
   3.99999991E-02   0.00000000    
   4.99999970E-02   0.00000000    
   5.99999987E-02   0.00000000    
   7.00000003E-02   0.00000000    
   7.99999982E-02   0.00000000    
   8.99999961E-02   0.00000000    
   9.99999940E-02   0.00000000    
  0.109999999       0.00000000    
  0.119999997      -9.31322575E-10
  0.129999995       5.49480319E-08
  0.140000001      -1.49570405E-06
  0.149999991       2.48420984E-05
  0.159999996      -2.80356966E-04
  0.170000002       2.26317067E-03
  0.179999992      -1.33711509E-02
  0.189999998       5.79499044E-02
  0.199999988     -0.180431366    
  0.209999993      0.378934324    
  0.219999999     -0.439104497    
  0.229999989      -1.96411312E-02
  0.239999995      0.784472406    
  0.250000000     -0.570848107    
  0.259999990     -0.830239475    
  0.269999981      0.774961531    
  0.280000001       1.03435278    
  0.289999992     -0.320967734    
  0.299999982      -1.12508118    
  0.310000002     -0.705617785    
  0.319999993      0.112421006    
  0.329999983      0.671786666    
  0.340000004      0.910167992    
  0.349999994      0.981488943    
  0.359999985      0.997123301    
  0.370000005      0.999666870    
  0.379999995      0.999972045    
  0.389999986      0.999998450    
  0.399999976      0.999999940    
  0.409999996       1.00000000    
  0.419999987       1.00000000    
  0.429999977       1.00000000    
  0.439999998       1.00000000    
  0.449999988       1.00000000    
  0.459999979       1.00000000    
  0.469999999       1.00000000    
  0.479999989       1.00000000    
  0.489999980       1.00000000    
  0.500000000       1.00000000    
  0.509999990       1.00000000    
  0.519999981       1.00000000    
  0.529999971       1.00000000    
  0.539999962       1.00000000    
  0.550000012       1.00000000    
  0.560000002       1.00000000    
  0.569999993       1.00000000    
  0.579999983       1.00000000    
  0.589999974       1.00000000    
  0.599999964       1.00000000    
  0.610000014       1.00000000    
  0.620000005       1.00000000    
  0.629999995      0.999999940    
  0.639999986       1.00000155    
  0.649999976      0.999975145    
  0.659999967       1.00028038    
  0.669999957      0.997736812    
  0.680000007       1.01337123    
  0.689999998      0.942050219    
  0.699999988       1.18043125    
  0.709999979      0.621065617    
  0.719999969       1.43910444    
  0.729999959       1.01964116    
  0.740000010      0.215527624    
  0.750000000       1.57084811    
  0.759999990       1.83023942    
  0.769999981      0.225038528    
  0.779999971      -3.43528092E-02
  0.789999962       1.32096767    
  0.799999952       2.12508130    
  0.810000002       1.70561779    
  0.819999993      0.887578964    
  0.829999983      0.328213304    
  0.839999974       8.98320451E-02
  0.849999964       1.85109936E-02
  0.859999955       2.87667196E-03
  0.870000005       3.33144329E-04
  0.879999995       2.79452652E-05
  0.889999986       1.60746276E-06
  0.899999976       5.68106771E-08
  0.909999967       9.31322575E-10
  0.919999957       0.00000000    
  0.930000007       0.00000000    
  0.939999998       0.00000000    
  0.949999988       0.00000000    
  0.959999979       0.00000000    
  0.969999969       0.00000000    
  0.979999959       0.00000000    
  0.989999950       0.00000000    
   1.00000000       0.00000000    
   1.00999999       0.00000000    
