   9.99999978E-03  -473.877197    
   1.99999996E-02   9040.65820    
   2.99999993E-02   2352.39893    
   3.99999991E-02  -8335.28906    
   4.99999970E-02   2674.63647    
   5.99999987E-02   4045.94556    
   7.00000003E-02  -10687.0938    
   7.99999982E-02   2970.31836    
   8.99999961E-02   15227.5527    
   9.99999940E-02  -12175.6914    
  0.109999999      -12539.7227    
  0.119999997       22148.3672    
  0.129999995       3322.12354    
  0.140000001      -30013.3711    
  0.149999991       9570.48535    
  0.159999996       33198.7969    
  0.170000002      -23532.2188    
  0.179999992      -31448.8750    
  0.189999998       36598.3672    
  0.199999988       26631.2363    
  0.209999993      -47207.0078    
  0.219999999      -21030.9453    
  0.229999989       54662.5898    
  0.239999995       16570.2051    
  0.250000000      -59095.1250    
  0.259999990      -14739.5352    
  0.269999981       60702.5586    
  0.280000001       16347.0332    
  0.289999992      -59314.4336    
  0.299999982      -21228.1250    
  0.310000002       54474.5977    
  0.319999993       28292.3066    
  0.329999983      -45551.4766    
  0.340000004      -35557.2344    
  0.349999994       32442.9883    
  0.359999985       40400.6641    
  0.370000005      -16314.4316    
  0.379999995      -40058.9961    
  0.389999986      -287.611328    
  0.399999976       32937.9336    
  0.409999996       13938.2510    
  0.419999987      -20247.3223    
  0.429999977      -21098.9492    
  0.439999998       6136.30859    
  0.449999988       19525.5996    
  0.459999979       4547.07959    
  0.469999999      -10347.3145    
  0.479999989      -9247.54980    
  0.489999980      -1067.38989    
  0.500000000       8937.43750    
  0.509999990       7614.30371    
  0.519999981      -6664.55322    
  0.529999971      -5341.42041    
  0.539999962       4663.39990    
  0.550000012      -3516.75488    
  0.560000002      -2416.98169    
  0.569999993       12477.4053    
  0.579999983      -2501.12402    
  0.589999974      -15890.4092    
  0.599999964       11344.8564    
  0.610000014       12196.4766    
  0.620000005      -21989.1074    
  0.629999995      -2989.41406    
  0.639999986       30236.1367    
  0.649999976      -9535.25586    
  0.659999967      -33279.8281    
  0.669999957       23435.2793    
  0.680000007       31392.9648    
  0.689999998      -36607.2852    
  0.699999988      -26613.0000    
  0.709999979       47230.7109    
  0.719999969       21048.6445    
  0.729999959      -54654.6250    
  0.740000010      -16567.2656    
  0.750000000       59092.2461    
  0.759999990       14740.0645    
  0.769999981      -60706.9570    
  0.779999971      -16345.4922    
  0.789999962       59315.4023    
  0.799999952       21221.0898    
  0.810000002      -54457.4102    
  0.819999993      -28314.2227    
  0.829999983       45569.6211    
  0.839999974       35568.1094    
  0.849999964      -32498.9219    
  0.859999955      -40301.7266    
  0.870000005       16233.4111    
  0.879999995       40025.7578    
  0.889999986       510.366211    
  0.899999976      -33268.6406    
  0.909999967      -13778.9795    
  0.919999957       20592.5703    
  0.930000007       20268.1094    
  0.939999998      -5471.45166    
  0.949999988      -19056.4023    
  0.959999979      -6335.39111    
  0.969999969       11976.2715    
  0.979999959       10091.6660    
  0.989999950      -2604.49512    
   1.00000000      -5946.41064    
   1.00999999      -5238.19922    
