   9.99999978E-03   814730.562    
   1.99999996E-02  -360762.875    
   2.99999993E-02  -1137760.88    
   3.99999991E-02   405141.406    
   4.99999970E-02   955344.938    
   5.99999987E-02  -700041.625    
   7.00000003E-02  -366724.750    
   7.99999982E-02   1116983.62    
   8.99999961E-02  -420276.688    
   9.99999940E-02  -1421072.25    
  0.109999999       1216747.38    
  0.119999997       1411209.75    
  0.129999995      -1925241.12    
  0.140000001      -1034473.81    
  0.149999991       2520452.75    
  0.159999996       395940.125    
  0.170000002      -2990156.50    
  0.179999992       330193.750    
  0.189999998       3313480.75    
  0.199999988      -1002271.25    
  0.209999993      -3489913.75    
  0.219999999       1546211.88    
  0.229999989       3563771.25    
  0.239999995      -1924644.50    
  0.250000000      -3602516.50    
  0.259999990       2102287.75    
  0.269999981       3653894.25    
  0.280000001      -2048596.75    
  0.289999992      -3724452.25    
  0.299999982       1758317.38    
  0.310000002       3780535.50    
  0.319999993      -1254514.12    
  0.329999983      -3753761.75    
  0.340000004       577102.625    
  0.349999994       3559077.25    
  0.359999985       214482.750    
  0.370000005      -3135754.75    
  0.379999995      -1017366.62    
  0.389999986       2485120.00    
  0.399999976       1669572.00    
  0.409999996      -1671271.25    
  0.419999987      -1982188.88    
  0.429999977       792637.000    
  0.439999998       1829101.50    
  0.449999988       42273.7500    
  0.459999979      -1247082.50    
  0.469999999      -723051.250    
  0.479999989       466770.406    
  0.489999980       1147876.50    
  0.500000000       170407.938    
  0.509999990      -1253047.12    
  0.519999981      -376411.906    
  0.529999971       1047042.81    
  0.539999962       69574.5625    
  0.550000012      -611531.500    
  0.560000002       578290.875    
  0.569999993       54257.2812    
  0.579999983      -1235096.00    
  0.589999974       551727.688    
  0.599999964       1588199.75    
  0.610000014      -1186636.00    
  0.620000005      -1497545.88    
  0.629999995       1843298.38    
  0.639999986       1027730.94    
  0.649999976      -2474707.50    
  0.659999967      -356401.125    
  0.669999957       2993930.25    
  0.680000007      -350708.250    
  0.689999998      -3332784.00    
  0.699999988       998404.125    
  0.709999979       3497143.50    
  0.719999969      -1537478.50    
  0.729999959      -3559558.50    
  0.740000010       1922057.88    
  0.750000000       3599943.00    
  0.759999990      -2104220.50    
  0.769999981      -3656613.50    
  0.779999971       2052845.25    
  0.789999962       3723895.50    
  0.799999952      -1761375.00    
  0.810000002      -3771664.00    
  0.819999993       1246858.12    
  0.829999983       3749386.75    
  0.839999974      -558120.875    
  0.849999964      -3579692.00    
  0.859999955      -218210.250    
  0.870000005       3175386.00    
  0.879999995       971703.938    
  0.889999986      -2491813.25    
  0.899999976      -1587607.25    
  0.909999967       1584935.00    
  0.919999957       1952070.88    
  0.930000007      -625519.062    
  0.939999998      -1960557.62    
  0.949999988      -160390.438    
  0.959999979       1559548.62    
  0.969999969       601298.000    
  0.979999959      -810582.188    
  0.989999950      -673160.250    
   1.00000000      -79688.4531    
   1.00999999       515871.625    
