   9.99999978E-03  -236938.719    
   1.99999996E-02   264895.938    
   2.99999993E-02   361916.000    
   3.99999991E-02  -290063.844    
   4.99999970E-02  -249907.094    
   5.99999987E-02   345540.594    
   7.00000003E-02  -44640.7188    
   7.99999982E-02  -395496.250    
   8.99999961E-02   401922.000    
   9.99999940E-02   368618.562    
  0.109999999      -712292.000    
  0.119999997      -208302.500    
  0.129999995       923872.250    
  0.140000001      -83643.7500    
  0.149999991      -1036180.88    
  0.159999996       446813.188    
  0.170000002       1066261.12    
  0.179999992      -804056.812    
  0.189999998      -1030297.31    
  0.199999988       1104580.00    
  0.209999993       951247.625    
  0.219999999      -1332501.12    
  0.229999989      -866145.250    
  0.239999995       1487041.50    
  0.250000000       814142.688    
  0.259999990      -1564911.00    
  0.269999981      -819168.500    
  0.280000001       1559486.75    
  0.289999992       885633.250    
  0.299999982      -1466061.88    
  0.310000002      -1000719.12    
  0.319999993       1282178.62    
  0.329999983       1132554.50    
  0.340000004      -1006503.12    
  0.349999994      -1232903.00    
  0.359999985       645214.000    
  0.370000005       1253425.12    
  0.379999995      -227346.469    
  0.389999986      -1163502.00    
  0.399999976      -181546.625    
  0.409999996       955818.938    
  0.419999987       487821.500    
  0.429999977      -644487.250    
  0.439999998      -610182.000    
  0.449999988       267845.750    
  0.459999979       531402.062    
  0.469999999       105838.875    
  0.479999989      -321813.938    
  0.489999980      -386379.531    
  0.500000000       111241.000    
  0.509999990       494574.500    
  0.519999981      -20695.2188    
  0.529999971      -404028.688    
  0.539999962       93591.6484    
  0.550000012       158157.062    
  0.560000002      -269495.625    
  0.569999993       156067.734    
  0.579999983       419624.250    
  0.589999974      -458404.469    
  0.599999964      -424098.062    
  0.610000014       708208.812    
  0.620000005       240214.906    
  0.629999995      -897156.750    
  0.639999986       84806.5625    
  0.649999976       1020954.12    
  0.659999967      -459813.594    
  0.669999957      -1068016.75    
  0.680000007       810069.438    
  0.689999998       1036530.12    
  0.699999988      -1102609.12    
  0.709999979      -952923.000    
  0.719999969       1330006.50    
  0.729999959       864459.250    
  0.740000010      -1486848.75    
  0.750000000      -813406.938    
  0.759999990       1565319.75    
  0.769999981       820264.562    
  0.779999971      -1560291.88    
  0.789999962      -885852.438    
  0.799999952       1467362.88    
  0.810000002       998020.250    
  0.819999993      -1280532.62    
  0.829999983      -1130521.50    
  0.839999974       1000353.88    
  0.849999964       1238976.00    
  0.859999955      -643425.750    
  0.870000005      -1266417.00    
  0.879999995       242571.344    
  0.889999986       1164656.12    
  0.899999976       154824.906    
  0.909999967      -923912.125    
  0.919999957      -483739.625    
  0.930000007       589005.688    
  0.939999998       666665.125    
  0.949999988      -243718.391    
  0.959999979      -642827.125    
  0.969999969      -29793.8906    
  0.979999959       413565.656    
  0.989999950       189907.125    
   1.00000000      -69126.0156    
   1.00999999      -250373.781    
