   9.99999978E-03   9863938.00    
   1.99999996E-02  -22156194.0    
   2.99999993E-02  -17047656.0    
   3.99999991E-02   24478694.0    
   4.99999970E-02   14470182.0    
   5.99999987E-02  -25072346.0    
   7.00000003E-02  -2948899.00    
   7.99999982E-02   24473804.0    
   8.99999961E-02  -13771756.0    
   9.99999940E-02  -22500872.0    
  0.109999999       30923412.0    
  0.119999997       18261460.0    
  0.129999995      -44848864.0    
  0.140000001      -10853221.0    
  0.149999991       54190716.0    
  0.159999996       291456.000    
  0.170000002      -59618960.0    
  0.179999992       12089498.0    
  0.189999998       62602148.0    
  0.199999988      -24125504.0    
  0.209999993      -64309572.0    
  0.219999999       33823812.0    
  0.229999989       65354820.0    
  0.239999995      -40096772.0    
  0.250000000      -66137812.0    
  0.259999990       42747112.0    
  0.269999981       67041456.0    
  0.280000001      -41903324.0    
  0.289999992      -68184792.0    
  0.299999982       37523872.0    
  0.310000002       69149920.0    
  0.319999993      -29419832.0    
  0.329999983      -69122472.0    
  0.340000004       17746736.0    
  0.349999994       67273552.0    
  0.359999985      -3561106.00    
  0.370000005      -62899344.0    
  0.379999995      -10992108.0    
  0.389999986       55268412.0    
  0.399999976       23105608.0    
  0.409999996      -43655296.0    
  0.419999987      -30273966.0    
  0.429999977       27910870.0    
  0.439999998       31355004.0    
  0.449999988      -9284230.00    
  0.459999979      -27137332.0    
  0.469999999      -9213616.00    
  0.479999989       20088832.0    
  0.489999980       23435922.0    
  0.500000000      -13423720.0    
  0.509999990      -29626230.0    
  0.519999981       9898383.00    
  0.529999971       26100940.0    
  0.539999962      -10758814.0    
  0.550000012      -14105759.0    
  0.560000002       15196546.0    
  0.569999993      -2727195.50    
  0.579999983      -20579998.0    
  0.589999974       20058564.0    
  0.599999964       23503636.0    
  0.610000014      -34681888.0    
  0.620000005      -21301098.0    
  0.629999995       45462364.0    
  0.639999986       13295364.0    
  0.649999976      -52961728.0    
  0.659999967      -1053022.00    
  0.669999957       58275560.0    
  0.680000007      -12543500.0    
  0.689999998      -62080704.0    
  0.699999988       24777540.0    
  0.709999979       64519152.0    
  0.719999969      -34097456.0    
  0.729999959      -65716352.0    
  0.740000010       40065924.0    
  0.750000000       66216760.0    
  0.759999990      -42655352.0    
  0.769999981      -66830216.0    
  0.779999971       41751720.0    
  0.789999962       68023296.0    
  0.799999952      -37235952.0    
  0.810000002      -69416400.0    
  0.819999993       29257124.0    
  0.829999983       69813456.0    
  0.839999974      -18257220.0    
  0.849999964      -67737904.0    
  0.859999955       4888906.00    
  0.870000005       62128084.0    
  0.879999995       9761652.00    
  0.889999986      -52822800.0    
  0.899999976      -23714896.0    
  0.909999967       40618184.0    
  0.919999957       34032972.0    
  0.930000007      -26908772.0    
  0.939999998      -37642744.0    
  0.949999988       13177349.0    
  0.959999979       32813114.0    
  0.969999969      -662211.000    
  0.979999959      -20453116.0    
  0.989999950      -9715878.00    
   1.00000000       4370533.00    
   1.00999999       17368456.0    
