   9.99999978E-03   4659.36670    
   1.99999996E-02   908.206543    
   2.99999993E-02  -5575.19434    
   3.99999991E-02   238.247559    
   4.99999970E-02   3481.34985    
   5.99999987E-02  -4605.26025    
   7.00000003E-02   704.782471    
   7.99999982E-02   8209.20312    
   8.99999961E-02  -6202.72168    
   9.99999940E-02  -7509.83154    
  0.109999999       12149.7344    
  0.119999997       2040.77490    
  0.129999995      -16875.6758    
  0.140000001       6342.09131    
  0.149999991       18509.5195    
  0.159999996      -15538.5352    
  0.170000002      -16473.2324    
  0.179999992       24087.1289    
  0.189999998       11898.8398    
  0.199999988      -30959.0742    
  0.209999993      -6495.20312    
  0.219999999       35742.1484    
  0.229999989       1731.22754    
  0.239999995      -38712.5742    
  0.250000000       1236.23438    
  0.259999990       40327.6953    
  0.269999981      -1629.43457    
  0.280000001      -40719.6641    
  0.289999992      -770.794922    
  0.299999982       39671.9297    
  0.310000002       5664.97266    
  0.319999993      -36579.4141    
  0.329999983      -12107.2266    
  0.340000004       30747.3125    
  0.349999994       18547.9082    
  0.359999985      -21980.1250    
  0.370000005      -22959.9375    
  0.379999995       11112.3184    
  0.389999986       23325.9023    
  0.399999976      -29.6435547    
  0.409999996      -18785.2715    
  0.419999987      -8690.00293    
  0.429999977       10683.4023    
  0.439999998       12482.3594    
  0.449999988      -2168.77100    
  0.459999979      -10206.8203    
  0.469999999      -3706.33838    
  0.479999989       3678.19238    
  0.489999980       5804.28027    
  0.500000000       2568.84985    
  0.509999990      -5152.38965    
  0.519999981      -4164.34326    
  0.529999971       3556.89551    
  0.539999962       321.467407    
  0.550000012      -1804.61609    
  0.560000002       5579.90918    
  0.569999993      -920.578125    
  0.579999983      -8958.62305    
  0.589999974       5692.51123    
  0.599999964       7491.46387    
  0.610000014      -11881.9473    
  0.620000005      -1786.67188    
  0.629999995       16968.9609    
  0.639999986      -6386.59375    
  0.649999976      -18600.1777    
  0.659999967       15472.0811    
  0.669999957       16451.8945    
  0.680000007      -24076.1484    
  0.689999998      -11876.7422    
  0.699999988       30977.8184    
  0.709999979       6505.60547    
  0.719999969      -35738.7578    
  0.729999959      -1731.90820    
  0.740000010       38711.0977    
  0.750000000      -1238.35547    
  0.759999990      -40327.4023    
  0.769999981       1627.54395    
  0.779999971       40722.5977    
  0.789999962       768.734375    
  0.799999952      -39669.5156    
  0.810000002      -5661.68359    
  0.819999993       36570.9688    
  0.829999983       12125.9492    
  0.839999974      -30767.4199    
  0.849999964      -18536.9297    
  0.859999955       22003.4668    
  0.870000005       22893.4766    
  0.879999995      -11019.6650    
  0.889999986      -23370.3984    
  0.899999976      -61.6347656    
  0.909999967       19039.3750    
  0.919999957       8424.21191    
  0.930000007      -10701.7715    
  0.939999998      -11970.1475    
  0.949999988       1419.34863    
  0.959999979       10424.6133    
  0.969999969       4680.98779    
  0.979999959      -5352.92188    
  0.989999950      -5244.56348    
   1.00000000      -548.553101    
   1.00999999       1896.25012    
