   9.99999978E-03   2371.38525    
   1.99999996E-02  -2662.02295    
   2.99999993E-02  -3409.28271    
   3.99999991E-02   2867.19873    
   4.99999970E-02   389.230713    
   5.99999987E-02  -3278.69165    
   7.00000003E-02   4494.52686    
   7.99999982E-02   2192.69092    
   8.99999961E-02  -8265.02539    
   9.99999940E-02   1851.84180    
  0.109999999       9245.48438    
  0.119999997      -8191.70703    
  0.129999995      -7124.39404    
  0.140000001       14525.4297    
  0.149999991       2222.29492    
  0.159999996      -18917.3418    
  0.170000002       4622.39062    
  0.179999992       20901.5449    
  0.189999998      -11956.3916    
  0.199999988      -20940.4746    
  0.209999993       18412.3711    
  0.219999999       19869.9883    
  0.229999989      -23256.3555    
  0.239999995      -18714.7891    
  0.250000000       26198.0273    
  0.259999990       18370.9551    
  0.269999981      -27050.3203    
  0.280000001      -19222.2227    
  0.289999992       25690.0664    
  0.299999982       21148.6777    
  0.310000002      -21976.1328    
  0.319999993      -23437.9805    
  0.329999983       15922.1221    
  0.340000004       24898.4375    
  0.349999994      -7957.87207    
  0.359999985      -24223.0977    
  0.370000005      -717.672852    
  0.379999995       20464.5293    
  0.389999986       8147.32324    
  0.399999976      -13563.2656    
  0.409999996      -12352.7910    
  0.419999987       4945.97852    
  0.429999977       12301.3477    
  0.439999998       2512.62549    
  0.449999988      -8398.45996    
  0.459999979      -6003.44873    
  0.469999999       2448.16284    
  0.479999989       4999.51123    
  0.489999980       2846.44556    
  0.500000000      -1952.36743    
  0.509999990      -5044.93750    
  0.519999981       304.169067    
  0.529999971       3396.73975    
  0.539999962      -1402.07007    
  0.550000012       750.995483    
  0.560000002       3302.33740    
  0.569999993      -5149.27344    
  0.579999983      -2754.25684    
  0.589999974       8156.82715    
  0.599999964      -1631.89941    
  0.610000014      -8987.26855    
  0.620000005       8311.50684    
  0.629999995       7101.02930    
  0.639999986      -14609.5674    
  0.649999976      -2292.35498    
  0.659999967       18889.8477    
  0.669999957      -4615.57910    
  0.680000007      -20880.8105    
  0.689999998       11975.5078    
  0.699999988       20951.8281    
  0.709999979      -18408.2949    
  0.719999969      -19870.1289    
  0.729999959       23254.6484    
  0.740000010       18713.3848    
  0.750000000      -26199.1973    
  0.759999990      -18370.4766    
  0.769999981       27049.5430    
  0.779999971       19224.7676    
  0.789999962      -25691.7559    
  0.799999952      -21145.0859    
  0.810000002       21975.9531    
  0.819999993       23435.8809    
  0.829999983      -15910.7773    
  0.839999974      -24915.5586    
  0.849999964       7978.60645    
  0.859999955       24218.2871    
  0.870000005       690.171875    
  0.879999995      -20392.4688    
  0.889999986      -8231.45312    
  0.899999976       13588.6318    
  0.909999967       12472.5879    
  0.919999957      -5202.19678    
  0.930000007      -12081.4053    
  0.939999998      -2402.42773    
  0.949999988       7836.89111    
  0.959999979       6660.19434    
  0.969999969      -2424.51416    
  0.979999959      -6137.73438    
  0.989999950      -1381.31799    
   1.00000000       1966.90771    
   1.00999999       2687.08301    
