   9.99999978E-03   240.927338    
   1.99999996E-02  -373.820496    
   2.99999993E-02  -327.865784    
   3.99999991E-02   346.330902    
   4.99999970E-02  -215.146027    
   5.99999987E-02  -230.593765    
   7.00000003E-02   832.668884    
   7.99999982E-02  -240.566956    
   8.99999961E-02  -943.747192    
   9.99999940E-02   1094.61047    
  0.109999999       396.479797    
  0.119999997      -1865.13428    
  0.129999995       690.175354    
  0.140000001       2063.13721    
  0.149999991      -2045.03723    
  0.159999996      -1570.82983    
  0.170000002       3305.79980    
  0.179999992       578.665039    
  0.189999998      -4189.12988    
  0.199999988       644.986816    
  0.209999993       4681.38623    
  0.219999999      -1783.85547    
  0.229999989      -4894.14355    
  0.239999995       2617.20142    
  0.250000000       4998.09961    
  0.259999990      -3009.15088    
  0.269999981      -5117.38672    
  0.280000001       2889.86914    
  0.289999992       5270.75488    
  0.299999982      -2240.56104    
  0.310000002      -5350.91602    
  0.319999993       1114.46936    
  0.329999983       5150.59619    
  0.340000004       316.929199    
  0.349999994      -4451.47705    
  0.359999985      -1723.77783    
  0.370000005       3152.88257    
  0.379999995       2677.14087    
  0.389999986      -1427.13062    
  0.399999976      -2806.07568    
  0.409999996      -245.707947    
  0.419999987       2018.05286    
  0.429999977       1304.03149    
  0.439999998      -705.935669    
  0.449999988      -1432.04370    
  0.459999979      -373.601624    
  0.469999999       762.360962    
  0.479999989       681.197937    
  0.489999980       139.950928    
  0.500000000      -385.885925    
  0.509999990      -597.789429    
  0.519999981       117.934967    
  0.529999971       329.838562    
  0.539999962      -195.997620    
  0.550000012       345.248810    
  0.560000002       264.085083    
  0.569999993      -871.876587    
  0.579999983       186.565735    
  0.589999974       912.672424    
  0.599999964      -1097.29492    
  0.610000014      -383.272369    
  0.620000005       1880.48828    
  0.629999995      -679.880310    
  0.639999986      -2058.82544    
  0.649999976       2045.44690    
  0.659999967       1569.70459    
  0.669999957      -3306.95728    
  0.680000007      -579.256958    
  0.689999998       4189.15039    
  0.699999988      -644.518311    
  0.709999979      -4680.64551    
  0.719999969       1784.74097    
  0.729999959       4895.09668    
  0.740000010      -2616.21973    
  0.750000000      -4997.10645    
  0.759999990       3010.14941    
  0.769999981       5118.38330    
  0.779999971      -2888.86230    
  0.789999962      -5269.77344    
  0.799999952       2241.60718    
  0.810000002       5351.80078    
  0.819999993      -1113.21179    
  0.829999983      -5150.12646    
  0.839999974      -314.948242    
  0.849999964       4450.88477    
  0.859999955       1726.93359    
  0.870000005      -3154.00854    
  0.879999995      -2675.54980    
  0.889999986       1431.44336    
  0.899999976       2797.78027    
  0.909999967       261.061829    
  0.919999957      -2029.25989    
  0.930000007      -1306.71582    
  0.939999998       739.010071    
  0.949999988       1378.04175    
  0.959999979       414.809845    
  0.969999969      -728.868896    
  0.979999959      -809.300537    
  0.989999950       10.3818665    
   1.00000000       385.912720    
   1.00999999       341.903748    
