   9.99999978E-03   67.0172043    
   1.99999996E-02   85.6001282    
   2.99999993E-02  -50.5208664    
   3.99999991E-02  -1.28178596    
   4.99999970E-02   53.4880066    
   5.99999987E-02  -139.704544    
   7.00000003E-02   25.7627945    
   7.99999982E-02   173.562714    
   8.99999961E-02  -214.692566    
   9.99999940E-02  -31.1778564    
  0.109999999       367.970215    
  0.119999997      -250.491196    
  0.129999995      -315.415497    
  0.140000001       578.212952    
  0.149999991       51.2861328    
  0.159999996      -793.824219    
  0.170000002       357.767761    
  0.179999992       833.447510    
  0.189999998      -791.427673    
  0.199999988      -719.186584    
  0.209999993       1158.42346    
  0.219999999       532.809753    
  0.229999989      -1419.37122    
  0.239999995      -367.407196    
  0.250000000       1574.18677    
  0.259999990       295.318909    
  0.269999981      -1632.27173    
  0.280000001      -353.403503    
  0.289999992       1588.19006    
  0.299999982       536.225708    
  0.310000002      -1415.95544    
  0.319999993      -790.340576    
  0.329999983       1087.26709    
  0.340000004       1015.03308    
  0.349999994      -609.861328    
  0.359999985      -1085.49365    
  0.370000005       65.9929504    
  0.379999995       911.313660    
  0.389999986       384.021423    
  0.399999976      -509.083618    
  0.409999996      -574.536743    
  0.419999987       44.0102844    
  0.429999977       444.296021    
  0.439999998       257.657745    
  0.449999988      -125.735367    
  0.459999979      -277.516998    
  0.469999999      -114.247589    
  0.479999989       92.2364349    
  0.489999980       125.289551    
  0.500000000       89.5756912    
  0.509999990      -27.2286530    
  0.519999981      -104.805824    
  0.529999971       11.9984627    
  0.539999962      -23.7153206    
  0.550000012      -56.7683487    
  0.560000002       149.715439    
  0.569999993      -13.5539703    
  0.579999983      -165.335236    
  0.589999974       218.057648    
  0.599999964       31.4192047    
  0.610000014      -368.866302    
  0.620000005       249.680817    
  0.629999995       315.133575    
  0.639999986      -577.971436    
  0.649999976      -50.6789246    
  0.659999967       794.641785    
  0.669999957      -356.845276    
  0.680000007      -832.477783    
  0.689999998       792.417114    
  0.699999988       720.183105    
  0.709999979      -1157.42493    
  0.719999969      -531.810059    
  0.729999959       1420.37146    
  0.740000010       368.406982    
  0.750000000      -1573.18689    
  0.759999990      -294.318939    
  0.769999981       1633.27161    
  0.779999971       354.403717    
  0.789999962      -1587.18994    
  0.799999952      -535.225586    
  0.810000002       1416.95508    
  0.819999993       791.341736    
  0.829999983      -1086.27063    
  0.839999974      -1014.02216    
  0.849999964       610.831482    
  0.859999955       1086.57104    
  0.870000005      -65.1758118    
  0.879999995      -909.920776    
  0.889999986      -383.779724    
  0.899999976       511.365417    
  0.909999967       573.726135    
  0.919999957      -41.1139984    
  0.930000007      -444.054382    
  0.939999998      -259.022888    
  0.949999988       133.962631    
  0.959999979       267.307983    
  0.969999969       124.258545    
  0.979999959      -86.9559326    
  0.989999950      -150.286591    
   1.00000000      -49.0533066    
   1.00999999       8.02289391    
