   9.99999978E-03   7.03432369    
   1.99999996E-02  -37.5356369    
   2.99999993E-02  -7.82351685    
   3.99999991E-02   13.7104683    
   4.99999970E-02  -43.4020004    
   5.99999987E-02   35.1512909    
   7.00000003E-02   44.7100067    
   7.99999982E-02  -90.1871796    
   8.99999961E-02   51.7748566    
   9.99999940E-02   98.4178162    
  0.109999999      -169.818359    
  0.119999997       14.0627518    
  0.129999995       236.453613    
  0.140000001      -203.497467    
  0.149999991      -182.096924    
  0.159999996       391.929199    
  0.170000002       13.1317749    
  0.179999992      -510.623566    
  0.189999998       215.106689    
  0.199999988       540.949402    
  0.209999993      -438.515869    
  0.219999999      -509.851501    
  0.229999989       613.477356    
  0.239999995       464.527283    
  0.250000000      -720.708862    
  0.259999990      -447.342743    
  0.269999981       753.466797    
  0.280000001       480.100464    
  0.289999992      -705.135742    
  0.299999982      -556.185425    
  0.310000002       567.143616    
  0.319999993       638.479187    
  0.329999983      -340.986206    
  0.340000004      -666.828613    
  0.349999994       58.9006348    
  0.359999985       582.659119    
  0.370000005       203.852310    
  0.379999995      -370.148987    
  0.389999986      -348.808502    
  0.399999976       91.2731628    
  0.409999996       313.413147    
  0.419999987       129.942230    
  0.429999977      -138.820023    
  0.439999998      -185.074097    
  0.449999988      -42.7864838    
  0.459999979       90.2738571    
  0.469999999       103.571266    
  0.479999989       20.6014385    
  0.489999980      -35.2324677    
  0.500000000      -49.7341461    
  0.509999990      -36.6923409    
  0.519999981       24.6237183    
  0.529999971       11.5819273    
  0.539999962      -2.91976452    
  0.550000012       52.9140854    
  0.560000002      -30.0556774    
  0.569999993      -43.3530273    
  0.579999983       89.7071533    
  0.589999974      -52.5804596    
  0.599999964      -98.8343353    
  0.610000014       169.927780    
  0.620000005      -13.5431747    
  0.629999995      -235.683060    
  0.639999986       204.398636    
  0.649999976       183.057953    
  0.659999967      -390.943359    
  0.669999957      -12.1364441    
  0.680000007       511.622192    
  0.689999998      -214.107208    
  0.699999988      -539.949707    
  0.709999979       439.515991    
  0.719999969       510.851624    
  0.729999959      -612.477539    
  0.740000010      -463.527313    
  0.750000000       721.708862    
  0.759999990       448.342712    
  0.769999981      -752.466675    
  0.779999971      -479.100403    
  0.789999962       706.135620    
  0.799999952       557.185364    
  0.810000002      -566.143616    
  0.819999993      -637.479187    
  0.829999983       341.986145    
  0.839999974       667.829041    
  0.849999964      -57.9021606    
  0.859999955      -581.654480    
  0.870000005      -202.866364    
  0.879999995       371.187897    
  0.889999986       349.709564    
  0.899999976      -90.0436096    
  0.909999967      -312.893402    
  0.919999957      -128.051682    
  0.930000007       138.403320    
  0.939999998       187.879623    
  0.949999988       42.3065338    
  0.959999979      -89.6307373    
  0.969999969      -98.4756317    
  0.979999959      -28.1135750    
  0.989999950       46.0231247    
   1.00000000       47.9757118    
   1.00999999       23.7804241    
