   9.99999978E-03  -72.3534470    
   1.99999996E-02  -404.931946    
   2.99999993E-02   15.6638947    
   3.99999991E-02   232.242249    
   4.99999970E-02  -295.400055    
   5.99999987E-02   206.323151    
   7.00000003E-02   470.247864    
   7.99999982E-02  -685.083130    
   8.99999961E-02  -96.6180420    
   9.99999940E-02   1000.84198    
  0.109999999      -730.150146    
  0.119999997      -881.192993    
  0.129999995       1606.11707    
  0.140000001       183.849304    
  0.149999991      -2192.34448    
  0.159999996       929.809265    
  0.170000002       2333.79053    
  0.179999992      -2125.37939    
  0.189999998      -2029.43481    
  0.199999988       3178.33838    
  0.209999993       1481.96045    
  0.219999999      -3960.40503    
  0.229999989      -925.778564    
  0.239999995       4463.73047    
  0.250000000       565.727295    
  0.259999990      -4724.55322    
  0.269999981      -531.071655    
  0.280000001       4759.20996    
  0.289999992       861.201172    
  0.299999982      -4528.29492    
  0.310000002      -1493.69971    
  0.319999993       3948.73853    
  0.329999983       2252.20703    
  0.340000004      -2955.27954    
  0.349999994      -2859.80078    
  0.359999985       1599.97974    
  0.370000005       3003.44873    
  0.379999995      -118.885620    
  0.389999986      -2493.28320    
  0.399999976      -1075.18286    
  0.409999996       1418.05029    
  0.419999987       1564.89868    
  0.429999977      -170.096375    
  0.439999998      -1249.72620    
  0.449999988      -689.196289    
  0.459999979       483.496887    
  0.469999999       771.929932    
  0.479999989       192.153427    
  0.489999980      -250.794815    
  0.500000000      -456.275665    
  0.509999990      -209.020279    
  0.519999981       355.727417    
  0.529999971       108.472260    
  0.539999962      -97.0084076    
  0.550000012       345.939056    
  0.560000002      -233.837357    
  0.569999993      -522.269653    
  0.579999983       650.422913    
  0.589999974       89.8922729    
  0.599999964      -989.736816    
  0.610000014       745.258789    
  0.620000005       892.106567    
  0.629999995      -1601.12671    
  0.639999986      -183.025635    
  0.649999976       2191.37207    
  0.659999967      -930.963379    
  0.669999957      -2334.43262    
  0.680000007       2125.34961    
  0.689999998       2029.87073    
  0.699999988      -3177.61694    
  0.709999979      -1481.08459    
  0.719999969       3961.35425    
  0.729999959       926.758911    
  0.740000010      -4462.73779    
  0.750000000      -564.729004    
  0.759999990       4725.55273    
  0.769999981       532.070801    
  0.779999971      -4758.20703    
  0.789999962      -860.208740    
  0.799999952       4529.31396    
  0.810000002       1494.64844    
  0.819999993      -3947.61450    
  0.829999983      -2251.48389    
  0.839999974       2956.84375    
  0.849999964       2859.77002    
  0.859999955      -1597.33875    
  0.870000005      -3004.60229    
  0.879999995       121.858887    
  0.889999986       2494.10693    
  0.899999976       1072.19189    
  0.909999967      -1407.13647    
  0.919999957      -1578.00708    
  0.930000007       181.201111    
  0.939999998       1258.45154    
  0.949999988       654.536011    
  0.959999979      -429.474304    
  0.969999969      -799.443848    
  0.979999959      -240.692719    
  0.989999950       386.028168    
   1.00000000       334.139343    
   1.00999999       159.815826    
