   9.99999978E-03   2.89828849    
   1.99999996E-02  0.412178814    
   2.99999993E-02  0.976873279    
   3.99999991E-02  0.898017406    
   4.99999970E-02  -2.32856774    
   5.99999987E-02   3.58953857    
   7.00000003E-02  -1.99794340    
   7.99999982E-02  -3.28360462    
   8.99999961E-02   9.14543915    
   9.99999940E-02  -8.03129387    
  0.109999999      -4.60407639    
  0.119999997       19.4531841    
  0.129999995      -15.5304327    
  0.140000001      -13.8781595    
  0.149999991       37.2555618    
  0.159999996      -12.3596592    
  0.170000002      -43.5287018    
  0.179999992       47.5507011    
  0.189999998       29.3049164    
  0.199999988      -77.3710098    
  0.209999993      -2.24158859    
  0.219999999       95.4171753    
  0.229999989      -25.5507011    
  0.239999995      -103.972542    
  0.250000000       44.3210602    
  0.259999990       108.667709    
  0.269999981      -48.4191399    
  0.280000001      -112.765770    
  0.289999992       35.5278435    
  0.299999982       113.949654    
  0.310000002      -7.01823425    
  0.319999993      -104.676964    
  0.329999983      -29.5475597    
  0.340000004       77.1283493    
  0.349999994       58.8825607    
  0.359999985      -32.1968346    
  0.370000005      -63.3658752    
  0.379999995      -13.7506638    
  0.389999986       37.3830643    
  0.399999976       35.7307968    
  0.409999996      0.747149467    
  0.419999987      -23.3100224    
  0.429999977      -19.8831711    
  0.439999998      -2.70510626    
  0.449999988       9.71954441    
  0.459999979       11.0183907    
  0.469999999       5.39528942    
  0.479999989     -0.437299490    
  0.489999980      -3.84292293    
  0.500000000      -3.44854164    
  0.509999990      -3.31657219    
  0.519999981     -0.480003893    
  0.529999971     -0.611974478    
  0.539999962     -0.217591465    
  0.550000012       3.18803835    
  0.560000002      -2.64455247    
  0.569999993       2.97854018    
  0.579999983       4.27738905    
  0.589999974      -8.14724922    
  0.599999964       9.03080559    
  0.610000014       5.60394287    
  0.620000005      -18.4532013    
  0.629999995       16.5304375    
  0.639999986       14.8781357    
  0.649999976      -36.2555580    
  0.659999967       13.3596706    
  0.669999957       44.5286903    
  0.680000007      -46.5507088    
  0.689999998      -28.3049202    
  0.699999988       78.3710251    
  0.709999979       3.24159622    
  0.719999969      -94.4171906    
  0.729999959       26.5507088    
  0.740000010       104.972549    
  0.750000000      -43.3210907    
  0.759999990      -107.667725    
  0.769999981       49.4191513    
  0.779999971       113.765762    
  0.789999962      -34.5278549    
  0.799999952      -112.949661    
  0.810000002       8.01824188    
  0.819999993       105.676979    
  0.829999983       30.5475559    
  0.839999974      -76.1283646    
  0.849999964      -57.8825607    
  0.859999955       33.1968269    
  0.870000005       64.3658676    
  0.879999995       14.7506638    
  0.889999986      -36.3830528    
  0.899999976      -34.7307854    
  0.909999967      0.252816200    
  0.919999957       24.3101311    
  0.930000007       20.8826790    
  0.939999998       3.70692587    
  0.949999988      -8.72575378    
  0.959999979      -9.99898911    
  0.969999969      -4.45030975    
  0.979999959       1.57782507    
  0.989999950       4.52334976    
   1.00000000       5.08364296    
   1.00999999       3.24874759    
