   9.99999978E-03   4.03432548E-02
   1.99999996E-02  -3.33705470E-02
   2.99999993E-02  0.106266841    
   3.99999991E-02 -0.229594767    
   4.99999970E-02  0.427430004    
   5.99999987E-02 -0.629919827    
   7.00000003E-02  0.625156105    
   7.99999982E-02  -7.86941946E-02
   8.99999961E-02  -1.16323292    
   9.99999940E-02   2.49562168    
  0.109999999      -2.30672407    
  0.119999997     -0.823233485    
  0.129999995       5.42808485    
  0.140000001      -6.09672785    
  0.149999991      -1.42914701    
  0.159999996       11.3774109    
  0.170000002      -9.15148735    
  0.179999992      -8.81793404    
  0.189999998       19.8362427    
  0.199999988     -0.992211342    
  0.209999993      -25.6890335    
  0.219999999       13.0684652    
  0.229999989       26.7615013    
  0.239999995      -22.7949467    
  0.250000000      -26.2376022    
  0.259999990       27.7456474    
  0.269999981       27.1681557    
  0.280000001      -26.8150978    
  0.289999992      -30.2577438    
  0.299999982       19.2987022    
  0.310000002       32.9917336    
  0.319999993      -5.76576233    
  0.329999983      -30.4625816    
  0.340000004      -9.63413334    
  0.349999994       19.0200424    
  0.359999985       18.6864910    
  0.370000005      -1.84240818    
  0.379999995      -14.6489668    
  0.389999986      -9.98138618    
  0.399999976       1.54342866    
  0.409999996       7.79474640    
  0.419999987       6.31125450    
  0.429999977       1.50890803    
  0.439999998      -2.14994717    
  0.449999988      -3.23448610    
  0.459999979      -2.53062081    
  0.469999999      -1.27561069    
  0.479999989     -0.217973083    
  0.489999980      0.437906504    
  0.500000000      0.777844846    
  0.509999990      0.904509544    
  0.519999981       1.01480377    
  0.529999971      0.888138771    
  0.539999962       1.22807550    
  0.550000012      0.572197318    
  0.560000002       1.62983680    
  0.569999993      0.374826640    
  0.579999983       1.07869089    
  0.589999974       2.16323256    
  0.599999964      -1.49562025    
  0.610000014       3.30672288    
  0.620000005       1.82323027    
  0.629999995      -4.42808056    
  0.639999986       7.09672976    
  0.649999976       2.42913985    
  0.659999967      -10.3774090    
  0.669999957       10.1514921    
  0.680000007       9.81792831    
  0.689999998      -18.8362446    
  0.699999988       1.99221039    
  0.709999979       26.6890335    
  0.719999969      -12.0684624    
  0.729999959      -25.7615013    
  0.740000010       23.7949467    
  0.750000000       27.2376003    
  0.759999990      -26.7456570    
  0.769999981      -26.1681557    
  0.779999971       27.8151016    
  0.789999962       31.2577438    
  0.799999952      -18.2987061    
  0.810000002      -31.9917336    
  0.819999993       6.76576424    
  0.829999983       31.4625797    
  0.839999974       10.6341295    
  0.849999964      -18.0200424    
  0.859999955      -17.6864872    
  0.870000005       2.84240532    
  0.879999995       15.6489630    
  0.889999986       10.9813843    
  0.899999976     -0.543425798    
  0.909999967      -6.79474497    
  0.919999957      -5.31125498    
  0.930000007     -0.508909464    
  0.939999998       3.14994478    
  0.949999988       4.23448324    
  0.959999979       3.53063869    
  0.969999969       2.27552891    
  0.979999959       1.21834528    
  0.989999950      0.560574651    
   1.00000000      0.227750123    
   1.00999999       7.69235268E-02
