   9.99999978E-03   13.6280479    
   1.99999996E-02   134.090469    
   2.99999993E-02   6.76677322    
   3.99999991E-02  -56.5075264    
   4.99999970E-02   114.466003    
   5.99999987E-02  -97.6113129    
   7.00000003E-02  -144.166473    
   7.99999982E-02   261.414886    
   8.99999961E-02  -60.8773956    
   9.99999940E-02  -323.420044    
  0.109999999       398.498840    
  0.119999997       156.702774    
  0.129999995      -664.137146    
  0.140000001       257.315796    
  0.149999991       733.540955    
  0.159999996      -759.608276    
  0.170000002      -546.847900    
  0.179999992       1209.30103    
  0.189999998       178.579773    
  0.199999988      -1518.82275    
  0.209999993       249.447449    
  0.219999999       1687.19385    
  0.229999989      -621.053223    
  0.239999995      -1766.50232    
  0.250000000       855.322632    
  0.259999990       1816.58264    
  0.269999981      -906.227905    
  0.280000001      -1867.48755    
  0.289999992       754.337402    
  0.299999982       1899.78625    
  0.310000002      -408.461792    
  0.319999993      -1846.20557    
  0.329999983      -77.9416504    
  0.340000004       1619.47852    
  0.349999994       588.713501    
  0.359999985      -1167.33740    
  0.370000005      -954.774780    
  0.379999995       538.724121    
  0.389999986       1014.43335    
  0.399999976       93.5386353    
  0.409999996      -727.496704    
  0.419999987      -486.621490    
  0.429999977       238.168274    
  0.439999998       495.872040    
  0.449999988       178.196960    
  0.459999979      -226.702881    
  0.469999999      -284.871216    
  0.479999989      -50.8080215    
  0.489999980       102.116463    
  0.500000000       153.852249    
  0.509999990       81.9461823    
  0.519999981      -107.202377    
  0.529999971      -35.2964096    
  0.539999962       16.4393520    
  0.550000012      -136.484909    
  0.560000002       97.5781708    
  0.569999993       155.746185    
  0.579999983      -249.153229    
  0.589999974       68.5219498    
  0.599999964       326.225372    
  0.610000014      -398.564362    
  0.620000005      -157.688736    
  0.629999995       663.346436    
  0.639999986      -257.548584    
  0.649999976      -733.257690    
  0.659999967       760.241638    
  0.669999957       547.678833    
  0.680000007      -1208.37280    
  0.689999998      -177.607361    
  0.699999988       1519.81323    
  0.709999979      -248.450928    
  0.719999969      -1686.19507    
  0.729999959       622.053223    
  0.740000010       1767.50220    
  0.750000000      -854.322815    
  0.759999990      -1815.58264    
  0.769999981       907.227783    
  0.779999971       1868.48743    
  0.789999962      -753.337402    
  0.799999952      -1898.78577    
  0.810000002       409.460693    
  0.819999993       1847.20898    
  0.829999983       78.9317627    
  0.839999974      -1618.45081    
  0.849999964      -587.784485    
  0.859999955       1168.50684    
  0.870000005       955.407837    
  0.879999995      -537.007690    
  0.889999986      -1014.66595    
  0.899999976      -90.7478638    
  0.909999967       726.510437    
  0.919999957       488.686890    
  0.930000007      -235.362579    
  0.939999998      -501.516418    
  0.949999988      -165.935379    
  0.959999979       217.122864    
  0.969999969       284.837952    
  0.979999959       74.8270493    
  0.989999950      -142.184494    
   1.00000000      -123.322556    
   1.00999999      -55.0581284    
