   9.99999978E-03   0.00000000    
   1.99999996E-02   0.00000000    
   2.99999993E-02   0.00000000    
   3.99999991E-02   0.00000000    
   4.99999970E-02   0.00000000    
   5.99999987E-02   0.00000000    
   7.00000003E-02   0.00000000    
   7.99999982E-02   0.00000000    
   8.99999961E-02   0.00000000    
   9.99999940E-02   0.00000000    
  0.109999999       0.00000000    
  0.119999997       0.00000000    
  0.129999995       0.00000000    
  0.140000001       0.00000000    
  0.149999991       0.00000000    
  0.159999996      -2.38418579E-07
  0.170000002       1.02519989E-05
  0.179999992      -1.96933746E-04
  0.189999998       2.21586227E-03
  0.199999988      -1.60505772E-02
  0.209999993       7.70728588E-02
  0.219999999     -0.240621567    
  0.229999989      0.440919876    
  0.239999995     -0.286774158    
  0.250000000     -0.452417850    
  0.259999990      0.698868752    
  0.269999981      0.475979805    
  0.280000001     -0.675306797    
  0.289999992     -0.840950489    
  0.299999982     -0.113256454    
  0.310000002      0.568284988    
  0.319999993      0.885979414    
  0.329999983      0.979102850    
  0.340000004      0.997369289    
  0.349999994      0.999782085    
  0.359999985      0.999989271    
  0.370000005      0.999999762    
  0.379999995       1.00000000    
  0.389999986       1.00000000    
  0.399999976       1.00000000    
  0.409999996       1.00000000    
  0.419999987       1.00000000    
  0.429999977       1.00000000    
  0.439999998       1.00000000    
  0.449999988       1.00000000    
  0.459999979       1.00000000    
  0.469999999       1.00000000    
  0.479999989       1.00000000    
  0.489999980       1.00000000    
  0.500000000       1.00000000    
  0.509999990       1.00000000    
  0.519999981       1.00000000    
  0.529999971       1.00000000    
  0.539999962       1.00000000    
  0.550000012       1.00000000    
  0.560000002       1.00000000    
  0.569999993       1.00000000    
  0.579999983       1.00000000    
  0.589999974       1.00000000    
  0.599999964       1.00000000    
  0.610000014       1.00000000    
  0.620000005       1.00000000    
  0.629999995       1.00000000    
  0.639999986       1.00000000    
  0.649999976       1.00000000    
  0.659999967       1.00000024    
  0.669999957      0.999989748    
  0.680000007       1.00019693    
  0.689999998      0.997784138    
  0.699999988       1.01605058    
  0.709999979      0.922927141    
  0.719999969       1.24062157    
  0.729999959      0.559080124    
  0.740000010       1.28677416    
  0.750000000       1.45241785    
  0.759999990      0.301131248    
  0.769999981      0.524020195    
  0.779999971       1.67530680    
  0.789999962       1.84095049    
  0.799999952       1.11325645    
  0.810000002      0.431715012    
  0.819999993      0.114020586    
  0.829999983       2.08971500E-02
  0.839999974       2.63071060E-03
  0.849999964       2.17914581E-04
  0.859999955       1.07288361E-05
  0.870000005       2.38418579E-07
  0.879999995       0.00000000    
  0.889999986       0.00000000    
  0.899999976       0.00000000    
  0.909999967       0.00000000    
  0.919999957       0.00000000    
  0.930000007       0.00000000    
  0.939999998       0.00000000    
  0.949999988       0.00000000    
  0.959999979       0.00000000    
  0.969999969       0.00000000    
  0.979999959       0.00000000    
  0.989999950       0.00000000    
   1.00000000       0.00000000    
   1.00999999       0.00000000    
