   9.99999978E-03   1.60096936E-12
   1.99999996E-02  -1.96871339E-11
   2.99999993E-02   3.81249948E-10
   3.99999991E-02  -5.84971094E-09
   4.99999970E-02   7.30070724E-08
   5.99999987E-02  -7.53916254E-07
   7.00000003E-02   6.51717937E-06
   7.99999982E-02  -4.75169654E-05
   8.99999961E-02   2.93420453E-04
   9.99999940E-02  -1.53606758E-03
  0.109999999       6.80094212E-03
  0.119999997      -2.52999291E-02
  0.129999995       7.80925229E-02
  0.140000001     -0.195503667    
  0.149999991      0.379856735    
  0.159999996     -0.516046524    
  0.170000002      0.317109585    
  0.179999992      0.442603886    
  0.189999998      -1.31981921    
  0.199999988       1.02694249    
  0.209999993       1.00521731    
  0.219999999      -2.49319983    
  0.229999989      0.335948586    
  0.239999995       3.16978765    
  0.250000000      -1.54754472    
  0.259999990      -3.43840861    
  0.269999981       1.86506605    
  0.280000001       3.75592971    
  0.289999992     -0.961402655    
  0.299999982      -3.79524159    
  0.310000002     -0.966092706    
  0.319999993       2.53232455    
  0.329999983       2.51059961    
  0.340000004      0.163838446    
  0.349999994      -1.59858477    
  0.359999985      -1.72407937    
  0.370000005     -0.890922666    
  0.379999995       4.98086214E-03
  0.389999986      0.580340862    
  0.399999976      0.853936911    
  0.409999996      0.957329333    
  0.419999987      0.989430249    
  0.429999977      0.997767329    
  0.439999998      0.999596894    
  0.449999988      0.999937773    
  0.459999979      0.999991775    
  0.469999999      0.999999166    
  0.479999989      0.999999940    
  0.489999980       1.00000000    
  0.500000000       1.00000000    
  0.509999990       1.00000000    
  0.519999981       1.00000000    
  0.529999971       1.00000000    
  0.539999962       1.00000000    
  0.550000012       1.00000000    
  0.560000002       1.00000060    
  0.569999993      0.999993563    
  0.579999983       1.00004745    
  0.589999974      0.999706507    
  0.599999964       1.00153613    
  0.610000014      0.993199110    
  0.620000005       1.02529979    
  0.629999995      0.921907425    
  0.639999986       1.19550359    
  0.649999976      0.620143652    
  0.659999967       1.51604629    
  0.669999957      0.682890058    
  0.680000007      0.557396829    
  0.689999998       2.31981945    
  0.699999988      -2.69431472E-02
  0.709999979      -5.21731377E-03
  0.719999969       3.49320006    
  0.729999959      0.664050996    
  0.740000010      -2.16978693    
  0.750000000       2.54754448    
  0.759999990       4.43840742    
  0.769999981     -0.865066409    
  0.779999971      -2.75592947    
  0.789999962       1.96140301    
  0.799999952       4.79524183    
  0.810000002       1.96609271    
  0.819999993      -1.53232479    
  0.829999983      -1.51059961    
  0.839999974      0.836161733    
  0.849999964       2.59858441    
  0.859999955       2.72407889    
  0.870000005       1.89092278    
  0.879999995      0.995019436    
  0.889999986      0.419659108    
  0.899999976      0.146062970    
  0.909999967       4.26705219E-02
  0.919999957       1.05696525E-02
  0.930000007       2.23264331E-03
  0.939999998       4.03155107E-04
  0.949999988       6.22176813E-05
  0.959999979       8.18352964E-06
  0.969999969       9.12433336E-07
  0.979999959       8.55100097E-08
  0.989999950       6.65322997E-09
   1.00000000       4.22270857E-10
   1.00999999       2.12889081E-11
