   9.99999978E-03  -347585.688    
   1.99999996E-02  -594966.375    
   2.99999993E-02   337216.938    
   3.99999991E-02   622626.000    
   4.99999970E-02  -428822.750    
   5.99999987E-02  -318694.031    
   7.00000003E-02   601980.062    
   7.99999982E-02  -187372.422    
   8.99999961E-02  -745717.562    
   9.99999940E-02   729593.875    
  0.109999999       726725.625    
  0.119999997      -1193846.38    
  0.129999995      -476173.531    
  0.140000001       1542526.25    
  0.149999991       31304.8750    
  0.159999996      -1779439.38    
  0.170000002       498307.750    
  0.179999992       1911380.25    
  0.189999998      -1003670.94    
  0.199999988      -1947467.62    
  0.209999993       1422852.75    
  0.219999999       1919108.62    
  0.229999989      -1733659.25    
  0.239999995      -1878821.00    
  0.250000000       1923095.12    
  0.259999990       1873588.00    
  0.269999981      -1974431.25    
  0.280000001      -1923739.25    
  0.289999992       1876062.75    
  0.299999982       2020981.12    
  0.310000002      -1628934.88    
  0.319999993      -2130246.50    
  0.329999983       1242929.75    
  0.340000004       2191876.50    
  0.349999994      -735789.375    
  0.359999985      -2139327.75    
  0.370000005       147078.625    
  0.379999995       1929397.50    
  0.389999986       441093.062    
  0.399999976      -1559225.38    
  0.409999996      -902381.375    
  0.419999987       1060838.38    
  0.429999977       1106964.50    
  0.439999998      -490676.219    
  0.449999988      -995048.125    
  0.459999979      -71791.8750    
  0.469999999       633905.750    
  0.479999989       526246.375    
  0.489999980      -207760.125    
  0.500000000      -774138.812    
  0.509999990      -66551.1250    
  0.519999981       761724.688    
  0.529999971       54137.1094    
  0.539999962      -512241.438    
  0.550000012       221764.812    
  0.560000002       114105.344    
  0.569999993      -591592.750    
  0.579999983       331665.125    
  0.589999974       836035.188    
  0.599999964      -761602.750    
  0.610000014      -807734.375    
  0.620000005       1155493.38    
  0.629999995       498640.438    
  0.639999986      -1501672.38    
  0.649999976      -13363.7500    
  0.659999967       1768930.38    
  0.669999957      -517420.750    
  0.680000007      -1921042.62    
  0.689999998       1006703.44    
  0.699999988       1955641.75    
  0.709999979      -1417688.88    
  0.719999969      -1918635.75    
  0.729999959       1730803.12    
  0.740000010       1875987.50    
  0.750000000      -1923394.25    
  0.759999990      -1874085.38    
  0.769999981       1975816.25    
  0.779999971       1925423.75    
  0.789999962      -1878476.50    
  0.799999952      -2018389.50    
  0.810000002       1628930.50    
  0.819999993       2124720.25    
  0.829999983      -1234909.75    
  0.839999974      -2194898.25    
  0.849999964       726207.562    
  0.859999955       2158525.50    
  0.870000005      -157532.812    
  0.879999995      -1947311.12    
  0.889999986      -400234.750    
  0.899999976       1536753.75    
  0.909999967       864018.875    
  0.919999957      -979835.375    
  0.930000007      -1138978.50    
  0.939999998       400357.500    
  0.949999988       1139338.62    
  0.959999979       61405.2500    
  0.969999969      -838494.625    
  0.979999959      -319186.312    
  0.989999950       318144.188    
   1.00000000       382786.500    
   1.00999999       233309.766    
