   9.99999978E-03   0.00000000    
   1.99999996E-02   0.00000000    
   2.99999993E-02   0.00000000    
   3.99999991E-02   0.00000000    
   4.99999970E-02   0.00000000    
   5.99999987E-02   0.00000000    
   7.00000003E-02   0.00000000    
   7.99999982E-02   0.00000000    
   8.99999961E-02   0.00000000    
   9.99999940E-02   0.00000000    
  0.109999999       0.00000000    
  0.119999997       0.00000000    
  0.129999995       0.00000000    
  0.140000001       0.00000000    
  0.149999991       5.96046448E-08
  0.159999996      -2.80141830E-06
  0.170000002       5.94258308E-05
  0.179999992      -7.48336315E-04
  0.189999998       6.17927313E-03
  0.199999988      -3.47648263E-02
  0.209999993      0.133215606    
  0.219999999     -0.331583321    
  0.229999989      0.452458024    
  0.239999995      -6.34397268E-02
  0.250000000     -0.698828578    
  0.259999990      0.466769338    
  0.269999981      0.819523692    
  0.280000001     -0.346074224    
  0.289999992     -0.981463075    
  0.299999982     -0.465565324    
  0.310000002      0.318476021    
  0.319999993      0.783274949    
  0.329999983      0.951255381    
  0.340000004      0.992199481    
  0.349999994      0.999127090    
  0.359999985      0.999934852    
  0.370000005      0.999997079    
  0.379999995      0.999999940    
  0.389999986       1.00000000    
  0.399999976       1.00000000    
  0.409999996       1.00000000    
  0.419999987       1.00000000    
  0.429999977       1.00000000    
  0.439999998       1.00000000    
  0.449999988       1.00000000    
  0.459999979       1.00000000    
  0.469999999       1.00000000    
  0.479999989       1.00000000    
  0.489999980       1.00000000    
  0.500000000       1.00000000    
  0.509999990       1.00000000    
  0.519999981       1.00000000    
  0.529999971       1.00000000    
  0.539999962       1.00000000    
  0.550000012       1.00000000    
  0.560000002       1.00000000    
  0.569999993       1.00000000    
  0.579999983       1.00000000    
  0.589999974       1.00000000    
  0.599999964       1.00000000    
  0.610000014       1.00000000    
  0.620000005       1.00000000    
  0.629999995       1.00000000    
  0.639999986       1.00000000    
  0.649999976      0.999999940    
  0.659999967       1.00000286    
  0.669999957      0.999940574    
  0.680000007       1.00074840    
  0.689999998      0.993820727    
  0.699999988       1.03476477    
  0.709999979      0.866784394    
  0.719999969       1.33158326    
  0.729999959      0.547541976    
  0.740000010       1.06343973    
  0.750000000       1.69882858    
  0.759999990      0.533230662    
  0.769999981      0.180476308    
  0.779999971       1.34607422    
  0.789999962       1.98146307    
  0.799999952       1.46556532    
  0.810000002      0.681523979    
  0.819999993      0.216725051    
  0.829999983       4.87446189E-02
  0.839999974       7.80051947E-03
  0.849999964       8.72910023E-04
  0.859999955       6.51478767E-05
  0.870000005       2.92062759E-06
  0.879999995       5.96046448E-08
  0.889999986       0.00000000    
  0.899999976       0.00000000    
  0.909999967       0.00000000    
  0.919999957       0.00000000    
  0.930000007       0.00000000    
  0.939999998       0.00000000    
  0.949999988       0.00000000    
  0.959999979       0.00000000    
  0.969999969       0.00000000    
  0.979999959       0.00000000    
  0.989999950       0.00000000    
   1.00000000       0.00000000    
   1.00999999       0.00000000    
