   9.99999978E-03   19745100.0    
   1.99999996E-02  -15428296.0    
   2.99999993E-02  -28706378.0    
   3.99999991E-02   16599234.0    
   4.99999970E-02   26857942.0    
   5.99999987E-02  -20717576.0    
   7.00000003E-02  -15335437.0    
   7.99999982E-02   27179518.0    
   8.99999961E-02  -2028087.00    
   9.99999940E-02  -33674664.0    
  0.109999999       20732828.0    
  0.119999997       37204528.0    
  0.129999995      -37570192.0    
  0.140000001      -35613116.0    
  0.149999991       51404548.0    
  0.159999996       28743876.0    
  0.170000002      -62568472.0    
  0.179999992      -18465778.0    
  0.189999998       71655896.0    
  0.199999988       7602426.00    
  0.209999993      -78796904.0    
  0.219999999       1407714.00    
  0.229999989       83834968.0    
  0.239999995      -7223614.00    
  0.250000000      -86848784.0    
  0.259999990       9452296.00    
  0.269999981       88204064.0    
  0.280000001      -8096764.00    
  0.289999992      -88041592.0    
  0.299999982       3190192.00    
  0.310000002       85885848.0    
  0.319999993       5148264.00    
  0.329999983      -80914112.0    
  0.340000004      -16352272.0    
  0.349999994       72600512.0    
  0.359999985       28982118.0    
  0.370000005      -61041592.0    
  0.379999995      -40534048.0    
  0.389999986       46743984.0    
  0.399999976       47836536.0    
  0.409999996      -30310402.0    
  0.419999987      -48165508.0    
  0.429999977       12503628.0    
  0.439999998       40653780.0    
  0.449999988       5338854.00    
  0.459999979      -27154986.0    
  0.469999999      -21020156.0    
  0.479999989       11926448.0    
  0.489999980       31814060.0    
  0.500000000      -158182.000    
  0.509999990      -35456756.0    
  0.519999981      -4033409.00    
  0.529999971       31265240.0    
  0.539999962      -707139.000    
  0.550000012      -20594600.0    
  0.560000002       12351905.0    
  0.569999993       6216940.50    
  0.579999983      -26276438.0    
  0.589999974       9037656.00    
  0.599999964       37188748.0    
  0.610000014      -23480704.0    
  0.620000005      -41337160.0    
  0.629999995       36813248.0    
  0.639999986       37901388.0    
  0.649999976      -49374632.0    
  0.659999967      -28862344.0    
  0.669999957       61148180.0    
  0.680000007       17545566.0    
  0.689999998      -71410960.0    
  0.699999988      -6872424.00    
  0.709999979       79237904.0    
  0.719999969      -1538580.00    
  0.729999959      -84257200.0    
  0.740000010       7082646.00    
  0.750000000       86897080.0    
  0.759999990      -9393608.00    
  0.769999981      -87931984.0    
  0.779999971       8038344.00    
  0.789999962       87770216.0    
  0.799999952      -2876028.00    
  0.810000002      -86039672.0    
  0.819999993      -5550340.00    
  0.829999983       81692040.0    
  0.839999974       16130620.0    
  0.849999964      -73524432.0    
  0.859999955      -27577590.0    
  0.870000005       60909896.0    
  0.879999995       38499372.0    
  0.889999986      -44453664.0    
  0.899999976      -47075144.0    
  0.909999967       26181216.0    
  0.919999957       50914712.0    
  0.930000007      -8989844.00    
  0.939999998      -47664272.0    
  0.949999988      -4436615.00    
  0.959999979       36273004.0    
  0.969999969       12654347.0    
  0.979999959      -18189700.0    
  0.989999950      -15921790.0    
   1.00000000      -2400550.50    
   1.00999999       15995105.0    
