   9.99999978E-03   201.989502    
   1.99999996E-02   1184.98987    
   2.99999993E-02  -23.0496826    
   3.99999991E-02  -833.908447    
   4.99999970E-02   746.670105    
   5.99999987E-02  -239.897156    
   7.00000003E-02  -1451.84216    
   7.99999982E-02   1575.55847    
   8.99999961E-02   1017.48309    
   9.99999940E-02  -2743.52539    
  0.109999999       736.519287    
  0.119999997       3228.83081    
  0.129999995      -3085.45459    
  0.140000001      -2528.89038    
  0.149999991       5256.55859    
  0.159999996       660.575195    
  0.170000002      -6780.86621    
  0.179999992       1838.87500    
  0.189999998       7479.29395    
  0.199999988      -4361.46729    
  0.209999993      -7480.92090    
  0.219999999       6504.39453    
  0.229999989       7185.28613    
  0.239999995      -7993.21484    
  0.250000000      -6962.60596    
  0.259999990       8715.35938    
  0.269999981       7073.53223    
  0.280000001      -8604.36914    
  0.289999992      -7573.87207    
  0.299999982       7604.86035    
  0.310000002       8285.34961    
  0.319999993      -5699.37451    
  0.329999983      -8819.49414    
  0.340000004       3021.60132    
  0.349999994       8662.83203    
  0.359999985       40.0820312    
  0.370000005      -7395.66504    
  0.379999995      -2806.46655    
  0.389999986       4981.71973    
  0.399999976       4434.32227    
  0.409999996      -1905.83289    
  0.419999987      -4364.21387    
  0.429999977      -897.270142    
  0.439999998       2819.09302    
  0.449999988       2368.55127    
  0.459999979      -758.712097    
  0.469999999      -2010.27295    
  0.479999989      -773.813904    
  0.489999980       500.379578    
  0.500000000       1306.32336    
  0.509999990       642.347534    
  0.519999981      -1044.32727    
  0.529999971      -380.352051    
  0.539999962       425.591339    
  0.550000012      -848.600525    
  0.560000002       387.858948    
  0.569999993       1639.41772    
  0.579999983      -1487.84570    
  0.589999974      -1037.30127    
  0.599999964       2679.06128    
  0.610000014      -787.884033    
  0.620000005      -3246.26440    
  0.629999995       3093.89307    
  0.639999986       2546.49463    
  0.649999976      -5241.69385    
  0.659999967      -652.492188    
  0.669999957       6783.25732    
  0.680000007      -1839.49536    
  0.689999998      -7480.72705    
  0.699999988       4360.37158    
  0.709999979       7480.49219    
  0.719999969      -6504.23535    
  0.729999959      -7184.72510    
  0.740000010       7994.00977    
  0.750000000       6963.51074    
  0.759999990      -8714.38086    
  0.769999981      -7072.58301    
  0.779999971       8605.45410    
  0.789999962       7574.66309    
  0.799999952      -7603.42383    
  0.810000002      -8285.18945    
  0.819999993       5701.80371    
  0.829999983       8818.39648    
  0.839999974      -3018.16992    
  0.849999964      -8663.45117    
  0.859999955      -40.4714355    
  0.870000005       7403.74902    
  0.879999995       2793.59888    
  0.889999986      -4964.11719    
  0.899999976      -4440.75977    
  0.909999967       1888.39990    
  0.919999957       4417.57812    
  0.930000007       832.805908    
  0.939999998      -2797.27393    
  0.949999988      -2280.83789    
  0.959999979       573.135742    
  0.969999969       2158.23340    
  0.979999959       877.744873    
  0.989999950      -908.695557    
   1.00000000      -900.921265    
   1.00999999      -501.685455    
