   9.99999978E-03  -2033.16016    
   1.99999996E-02  -140609.219    
   2.99999993E-02  -25389.2383    
   3.99999991E-02   144046.219    
   4.99999970E-02  -19873.0625    
   5.99999987E-02  -99323.7109    
   7.00000003E-02   115257.414    
   7.99999982E-02   21501.2188    
   8.99999961E-02  -206326.094    
   9.99999940E-02   78183.3594    
  0.109999999       244158.969    
  0.119999997      -193145.250    
  0.129999995      -212871.141    
  0.140000001       312693.562    
  0.149999991       128449.211    
  0.159999996      -418236.188    
  0.170000002      -17732.3125    
  0.179999992       492782.875    
  0.189999998      -98162.2188    
  0.199999988      -533121.875    
  0.209999993       204694.250    
  0.219999999       550052.750    
  0.229999989      -288798.875    
  0.239999995      -557840.000    
  0.250000000       339460.688    
  0.259999990       565783.438    
  0.269999981      -350715.250    
  0.280000001      -576987.000    
  0.289999992       320554.781    
  0.299999982       589275.188    
  0.310000002      -249327.344    
  0.319999993      -594506.250    
  0.329999983       142441.344    
  0.340000004       578537.250    
  0.349999994      -12719.6719    
  0.359999985      -524878.625    
  0.370000005      -121169.656    
  0.379999995       423568.312    
  0.389999986       236469.219    
  0.399999976      -281530.469    
  0.409999996      -306791.156    
  0.419999987       124942.648    
  0.429999977       307466.062    
  0.439999998       11668.0625    
  0.449999988      -229798.641    
  0.459999979      -102138.609    
  0.469999999       96732.2500    
  0.479999989       139677.031    
  0.489999980       37058.9766    
  0.500000000      -136392.422    
  0.509999990      -109334.898    
  0.519999981       113403.266    
  0.529999971       86345.7734    
  0.539999962      -87105.5547    
  0.550000012       15512.4824    
  0.560000002       58457.1680    
  0.569999993      -140413.688    
  0.579999983      -12753.5625    
  0.589999974       228713.156    
  0.599999964      -67084.9375    
  0.610000014      -249608.484    
  0.620000005       182125.750    
  0.629999995       207385.953    
  0.639999986      -310612.812    
  0.649999976      -123515.734    
  0.659999967       421225.875    
  0.669999957       17511.5156    
  0.680000007      -494640.375    
  0.689999998       96609.3750    
  0.699999988       532708.125    
  0.709999979      -204230.281    
  0.719999969      -549440.062    
  0.729999959       289219.156    
  0.740000010       557870.250    
  0.750000000      -339630.375    
  0.759999990      -565848.250    
  0.769999981       350442.250    
  0.779999971       577104.875    
  0.789999962      -320483.125    
  0.799999952      -589624.125    
  0.810000002       249996.422    
  0.819999993       594075.062    
  0.829999983      -142845.875    
  0.839999974      -576985.250    
  0.849999964       10855.0156    
  0.859999955       525094.250    
  0.870000005       124153.797    
  0.879999995      -428503.250    
  0.889999986      -234390.297    
  0.899999976       287016.656    
  0.909999967       295771.094    
  0.919999957      -119491.406    
  0.930000007      -296367.688    
  0.939999998      -34053.1250    
  0.949999988       238546.188    
  0.959999979       127296.812    
  0.969999969      -137598.734    
  0.979999959      -135314.375    
  0.989999950       19881.6758    
   1.00000000       75437.8203    
   1.00999999       82128.9844    
