   9.99999978E-03  -12125481.0    
   1.99999996E-02  -13661722.0    
   2.99999993E-02   13304669.0    
   3.99999991E-02   15604262.0    
   4.99999970E-02  -14680836.0    
   5.99999987E-02  -10351900.0    
   7.00000003E-02   16592784.0    
   7.99999982E-02  -190111.500    
   8.99999961E-02  -18484098.0    
   9.99999940E-02   12785540.0    
  0.109999999       19054728.0    
  0.119999997      -24457754.0    
  0.129999995      -16951490.0    
  0.140000001       33621788.0    
  0.149999991       11640056.0    
  0.159999996      -40188944.0    
  0.170000002      -3847664.00    
  0.179999992       44832104.0    
  0.189999998      -4768428.00    
  0.199999988      -48158944.0    
  0.209999993       12456246.0    
  0.219999999       50436480.0    
  0.229999989      -18060560.0    
  0.239999995      -51847388.0    
  0.250000000       21146916.0    
  0.259999990       52722236.0    
  0.269999981      -21677540.0    
  0.280000001      -53357172.0    
  0.289999992       19659476.0    
  0.299999982       53647988.0    
  0.310000002      -15050140.0    
  0.319999993      -53036248.0    
  0.329999983       7925762.00    
  0.340000004       50856208.0    
  0.349999994       1213672.00    
  0.359999985      -46681716.0    
  0.370000005      -11164419.0    
  0.379999995       40345664.0    
  0.389999986       20004460.0    
  0.399999976      -31777072.0    
  0.409999996      -25569880.0    
  0.419999987       21029826.0    
  0.429999977       26344984.0    
  0.439999998      -8627591.00    
  0.449999988      -22293452.0    
  0.459999979      -4049768.00    
  0.469999999       15096377.0    
  0.479999989       14776759.0    
  0.489999980      -7608789.00    
  0.500000000      -21121708.0    
  0.509999990       2766439.00    
  0.519999981       21484532.0    
  0.529999971      -2403617.00    
  0.539999962      -15916580.0    
  0.550000012       6469044.50    
  0.560000002       6149281.50    
  0.569999993      -12996730.0    
  0.579999983       5246919.00    
  0.589999974       18912584.0    
  0.599999964      -16059457.0    
  0.610000014      -21375476.0    
  0.620000005       25225004.0    
  0.629999995       19017956.0    
  0.639999986      -32765472.0    
  0.649999976      -12420626.0    
  0.659999967       39085824.0    
  0.669999957       3568556.00    
  0.680000007      -44319688.0    
  0.689999998       5309146.00    
  0.699999988       48251268.0    
  0.709999979      -12705754.0    
  0.719999969      -50722644.0    
  0.729999959       18019236.0    
  0.740000010       51990908.0    
  0.750000000      -21077720.0    
  0.759999990      -52644220.0    
  0.769999981       21672280.0    
  0.779999971       53174840.0    
  0.789999962      -19567944.0    
  0.799999952      -53589816.0    
  0.810000002       14807732.0    
  0.819999993       53316528.0    
  0.829999983      -7828456.00    
  0.839999974      -51408576.0    
  0.849999964      -714952.000    
  0.859999955       46953656.0    
  0.870000005       10061321.0    
  0.879999995      -39561428.0    
  0.889999986      -19144486.0    
  0.899999976       29712484.0    
  0.909999967       26337260.0    
  0.919999957      -18709836.0    
  0.930000007      -29619752.0    
  0.939999998       8198562.00    
  0.949999988       27350050.0    
  0.959999979       453748.000    
  0.969999969      -19298856.0    
  0.979999959      -6564822.50    
  0.989999950       7296550.50    
   1.00000000       10220684.0    
   1.00999999       5056384.00    
