   9.99999978E-03  -2608.76367    
   1.99999996E-02  -22424.6797    
   2.99999993E-02  -1113.10938    
   3.99999991E-02   21061.7832    
   4.99999970E-02  -8028.36475    
   5.99999987E-02  -9329.24805    
   7.00000003E-02   23632.4531    
   7.99999982E-02  -8547.29688    
   8.99999961E-02  -33276.1562    
   9.99999940E-02   29140.2578    
  0.109999999       28414.0547    
  0.119999997      -49611.9258    
  0.129999995      -9381.13086    
  0.140000001       66024.9062    
  0.149999991      -17668.0293    
  0.159999996      -74166.0391    
  0.170000002       46608.0859    
  0.179999992       72826.5312    
  0.189999998      -73553.1953    
  0.199999988      -64943.5039    
  0.209999993       95929.5234    
  0.219999999       55209.0234    
  0.229999989      -112068.062    
  0.239999995      -47495.4609    
  0.250000000       121620.867    
  0.259999990       44498.7031    
  0.269999981      -124822.516    
  0.280000001      -47713.7734    
  0.289999992       121409.328    
  0.299999982       56842.1250    
  0.310000002      -110462.766    
  0.319999993      -69688.4609    
  0.329999983       91133.0547    
  0.340000004       82518.7656    
  0.349999994      -63742.0078    
  0.359999985      -90181.2344    
  0.370000005       30767.2676    
  0.379999995       87387.2812    
  0.389999986       3143.08984    
  0.399999976      -71569.8984    
  0.409999996      -31427.2402    
  0.419999987       45460.7383    
  0.429999977       46597.7891    
  0.439999998      -16479.1660    
  0.449999988      -43546.7617    
  0.459999979      -7130.90332    
  0.469999999       24383.6582    
  0.479999989       20428.0371    
  0.489999980      -170.280273    
  0.500000000      -23398.2734    
  0.509999990      -14342.8789    
  0.519999981       19562.4121    
  0.529999971       10507.0234    
  0.539999962      -12720.9551    
  0.550000012       7877.35107    
  0.560000002       3921.71240    
  0.569999993      -27592.8379    
  0.579999983       8823.04102    
  0.589999974       35890.6289    
  0.599999964      -27186.3438    
  0.610000014      -28323.3828    
  0.620000005       48564.6172    
  0.629999995       8421.94727    
  0.639999986      -66291.0547    
  0.649999976       17953.1445    
  0.659999967       74573.2031    
  0.669999957      -46375.3594    
  0.680000007      -72814.4922    
  0.689999998       73446.0312    
  0.699999988       64832.3281    
  0.709999979      -95990.4219    
  0.719999969      -55213.9023    
  0.729999959       112087.367    
  0.740000010       47525.5234    
  0.750000000      -121604.039    
  0.759999990      -44490.5469    
  0.769999981       124832.867    
  0.779999971       47694.1641    
  0.789999962      -121385.656    
  0.799999952      -56864.7617    
  0.810000002       110454.211    
  0.819999993       69749.1250    
  0.829999983      -91245.4375    
  0.839999974      -82410.1641    
  0.849999964       63753.8125    
  0.859999955       89950.3828    
  0.870000005      -30360.1641    
  0.879999995      -87670.4141    
  0.889999986      -3409.23047    
  0.899999976       72531.0625    
  0.909999967       30379.9102    
  0.919999957      -45549.4062    
  0.930000007      -44643.8516    
  0.939999998       13866.6973    
  0.949999988       43822.4922    
  0.959999979       11093.2832    
  0.969999969      -29791.1855    
  0.979999959      -20275.0195    
  0.989999950       8511.09961    
   1.00000000       14006.3457    
   1.00999999       11480.6152    
