   9.99999978E-03  -1234.11328    
   1.99999996E-02   622.681885    
   2.99999993E-02   1578.91504    
   3.99999991E-02  -859.355957    
   4.99999970E-02  -233.640198    
   5.99999987E-02   1518.69421    
   7.00000003E-02  -1823.27710    
   7.99999982E-02  -1310.75342    
   8.99999961E-02   3484.46094    
   9.99999940E-02  -590.802368    
  0.109999999      -4062.60107    
  0.119999997       3650.53125    
  0.129999995       3190.50146    
  0.140000001      -6599.31152    
  0.149999991      -785.460693    
  0.159999996       8582.22168    
  0.170000002      -2649.92700    
  0.179999992      -9372.27246    
  0.189999998       6268.78027    
  0.199999988       9139.12695    
  0.209999993      -9412.40039    
  0.219999999      -8337.77832    
  0.229999989       11771.9492    
  0.239999995       7578.26807    
  0.250000000      -13190.2422    
  0.259999990      -7303.49561    
  0.269999981       13629.5830    
  0.280000001       7743.01807    
  0.289999992      -13025.7646    
  0.299999982      -8831.60059    
  0.310000002       11277.4717    
  0.319999993       10203.4971    
  0.329999983      -8348.13672    
  0.340000004      -11219.8613    
  0.349999994       4425.10645    
  0.359999985       11140.8760    
  0.370000005      -84.5317383    
  0.379999995      -9452.80371    
  0.389999986      -3652.81860    
  0.399999976       6168.22168    
  0.409999996       5673.25977    
  0.419999987      -2035.93311    
  0.429999977      -5443.65527    
  0.439999998      -1493.26404    
  0.449999988       3394.72437    
  0.459999979       2966.31714    
  0.469999999      -684.240723    
  0.479999989      -2119.28735    
  0.489999980      -1401.88257    
  0.500000000       350.261902    
  0.509999990       2058.03296    
  0.519999981       412.192963    
  0.529999971      -1295.57788    
  0.539999962       456.564758    
  0.550000012      -260.839966    
  0.560000002      -1695.88379    
  0.569999993       1954.67383    
  0.579999983       1526.26343    
  0.589999974      -3361.72412    
  0.599999964       588.669922    
  0.610000014       3996.39136    
  0.620000005      -3712.80420    
  0.629999995      -3217.84058    
  0.639999986       6603.20312    
  0.649999976       803.213867    
  0.659999967      -8565.06055    
  0.669999957       2660.35205    
  0.680000007       9376.12207    
  0.689999998      -6268.84912    
  0.699999988      -9140.57520    
  0.709999979       9411.06445    
  0.719999969       8337.08984    
  0.729999959      -11771.9883    
  0.740000010      -7577.82080    
  0.750000000       13190.9473    
  0.759999990       7304.42432    
  0.769999981      -13628.7559    
  0.779999971      -7741.76367    
  0.789999962       13026.1963    
  0.799999952       8833.63281    
  0.810000002      -11278.1631    
  0.819999993      -10200.1602    
  0.829999983       8346.68750    
  0.839999974       11221.9277    
  0.849999964      -4421.25879    
  0.859999955      -11149.3008    
  0.870000005       101.696777    
  0.879999995       9437.05176    
  0.889999986       3656.70630    
  0.899999976      -6138.88477    
  0.909999967      -5735.53223    
  0.919999957       2104.14331    
  0.930000007       5441.52246    
  0.939999998       1372.52734    
  0.949999988      -3179.21313    
  0.959999979      -3095.71289    
  0.969999969       507.049438    
  0.979999959       2615.76587    
  0.989999950       999.091797    
   1.00000000      -631.597656    
   1.00999999      -1023.15741    
