   9.99999978E-03   9.69678164E-04
   1.99999996E-02  -1.45503227E-03
   2.99999993E-02   5.82947955E-03
   3.99999991E-02  -1.89598836E-02
   4.99999970E-02   5.44539317E-02
   5.99999987E-02 -0.135608673    
   7.00000003E-02  0.286424041    
   7.99999982E-02 -0.492407888    
   8.99999961E-02  0.626772881    
   9.99999940E-02 -0.406225115    
  0.109999999     -0.452348679    
  0.119999997       1.74219298    
  0.129999995      -2.28320837    
  0.140000001      0.491198659    
  0.149999991       3.35163736    
  0.159999996      -5.24810696    
  0.170000002      0.654206991    
  0.179999992       7.52158165    
  0.189999998      -7.68249941    
  0.199999988      -4.89211464    
  0.209999993       13.6801262    
  0.219999999     -0.798511982    
  0.229999989      -16.8981247    
  0.239999995       6.26476383    
  0.250000000       18.2426262    
  0.259999990      -9.10858345    
  0.269999981      -19.2288551    
  0.280000001       8.12235737    
  0.289999992       20.1002159    
  0.299999982      -3.06267405    
  0.310000002      -19.1622849    
  0.319999993      -4.68364668    
  0.329999983       13.8885899    
  0.340000004       11.0982056    
  0.349999994      -4.10587311    
  0.359999985      -10.9732494    
  0.370000005      -5.07093430    
  0.379999995       3.52881098    
  0.389999986       6.38924980    
  0.399999976       3.61484194    
  0.409999996     -0.410559654    
  0.419999987      -2.60510111    
  0.429999977      -2.65122390    
  0.439999998      -1.61822462    
  0.449999988     -0.499044091    
  0.459999979      0.279786944    
  0.469999999      0.701819241    
  0.479999989      0.891884625    
  0.489999980      0.965283453    
  0.500000000      0.990152001    
  0.509999990      0.997070968    
  0.519999981       1.00098968    
  0.529999971      0.994071126    
  0.539999962       1.01894093    
  0.550000012      0.945542932    
  0.560000002       1.13560784    
  0.569999993      0.713576198    
  0.579999983       1.49240792    
  0.589999974      0.373226851    
  0.599999964       1.40622449    
  0.610000014       1.45234847    
  0.620000005     -0.742191434    
  0.629999995       3.28320765    
  0.639999986      0.508799016    
  0.649999976      -2.35163450    
  0.659999967       6.24810791    
  0.669999957      0.345788479    
  0.680000007      -6.52158070    
  0.689999998       8.68250179    
  0.699999988       5.89211416    
  0.709999979      -12.6801233    
  0.719999969       1.79851198    
  0.729999959       17.8981228    
  0.740000010      -5.26476431    
  0.750000000      -17.2426281    
  0.759999990       10.1085854    
  0.769999981       20.2288551    
  0.779999971      -7.12235737    
  0.789999962      -19.1002178    
  0.799999952       4.06267643    
  0.810000002       20.1622829    
  0.819999993       5.68364573    
  0.829999983      -12.8885899    
  0.839999974      -10.0982056    
  0.849999964       5.10587215    
  0.859999955       11.9732466    
  0.870000005       6.07093382    
  0.879999995      -2.52880907    
  0.889999986      -5.38924885    
  0.899999976      -2.61484241    
  0.909999967       1.41055846    
  0.919999957       3.60510015    
  0.930000007       3.65122342    
  0.939999998       2.61822557    
  0.949999988       1.49904466    
  0.959999979      0.720212817    
  0.969999969      0.298179984    
  0.979999959      0.108118430    
  0.989999950       3.46980356E-02
   1.00000000       9.94673371E-03
   1.00999999       2.46381527E-03
