   9.99999978E-03  -1721.89124    
   1.99999996E-02  -1947.92371    
   2.99999993E-02   1713.95972    
   3.99999991E-02   1148.06909    
   4.99999970E-02  -1833.69971    
   5.99999987E-02   1630.22766    
   7.00000003E-02   1455.23999    
   7.99999982E-02  -4317.41699    
   8.99999961E-02   534.660156    
   9.99999940E-02   5297.64453    
  0.109999999      -4187.12451    
  0.119999997      -4099.68457    
  0.129999995       8148.64355    
  0.140000001       942.596436    
  0.149999991      -10860.5879    
  0.159999996       3632.07153    
  0.170000002       11750.2588    
  0.179999992      -8671.08789    
  0.189999998      -11095.1514    
  0.199999988       13191.8086    
  0.209999993       9523.48242    
  0.219999999      -16667.7969    
  0.229999989      -7814.58057    
  0.239999995       18995.1875    
  0.250000000       6731.36377    
  0.259999990      -20162.1680    
  0.269999981      -6720.18701    
  0.280000001       20173.7891    
  0.289999992       7909.45312    
  0.299999982      -18899.5898    
  0.310000002      -10046.9443    
  0.319999993       16144.1230    
  0.329999983       12477.8770    
  0.340000004      -11813.9980    
  0.349999994      -14230.6973    
  0.359999985       6184.39746    
  0.370000005       14300.2139    
  0.379999995      -173.097656    
  0.389999986      -12012.7715    
  0.399999976      -4772.66211    
  0.409999996       7484.37744    
  0.419999987       7310.55957    
  0.429999977      -2033.57227    
  0.439999998      -6873.99316    
  0.449999988      -2161.61841    
  0.459999979       3981.46436    
  0.469999999       3493.01807    
  0.479999989      -177.218384    
  0.489999980      -2315.08423    
  0.500000000      -2524.36743    
  0.509999990       696.703735    
  0.519999981       2749.07935    
  0.529999971      -471.990356    
  0.539999962      -681.274170    
  0.550000012       1456.58862    
  0.560000002      -2213.64673    
  0.569999993      -1725.19604    
  0.579999983       4417.88477    
  0.589999974      -294.493042    
  0.599999964      -5134.91211    
  0.610000014       4209.22266    
  0.620000005       4035.40332    
  0.629999995      -8221.64062    
  0.639999986      -981.526367    
  0.649999976       10858.1504    
  0.659999967      -3615.16748    
  0.669999957      -11730.9844    
  0.680000007       8684.11523    
  0.689999998       11100.8164    
  0.699999988      -13191.0664    
  0.709999979      -9524.81934    
  0.719999969       16666.2559    
  0.729999959       7813.60303    
  0.740000010      -18995.4219    
  0.750000000      -6731.14404    
  0.759999990       20162.9746    
  0.769999981       6720.66406    
  0.779999971      -20172.1504    
  0.789999962      -7909.74072    
  0.799999952       18902.5469    
  0.810000002       10045.3926    
  0.819999993      -16140.7900    
  0.829999983      -12477.1348    
  0.839999974       11810.3320    
  0.849999964       14243.7236    
  0.859999955      -6201.67627    
  0.870000005      -14283.3105    
  0.879999995       177.541992    
  0.889999986       11973.8428    
  0.899999976       4847.65430    
  0.909999967      -7548.66016    
  0.919999957      -7330.65723    
  0.930000007       2196.30444    
  0.939999998       6635.82422    
  0.949999988       2262.08643    
  0.959999979      -3709.50610    
  0.969999969      -4076.43579    
  0.979999959       556.327393    
  0.989999950       2781.87720    
   1.00000000       1284.39856    
   1.00999999       104.453796    
