   9.99999978E-03  -8879870.00    
   1.99999996E-02   6421982.00    
   2.99999993E-02   12847280.0    
   3.99999991E-02  -6928473.00    
   4.99999970E-02  -11723058.0    
   5.99999987E-02   9008838.00    
   7.00000003E-02   6143554.00    
   7.99999982E-02  -12215820.0    
   8.99999961E-02   1993383.50    
   9.99999940E-02   15229000.0    
  0.109999999      -10576965.0    
  0.119999997      -16491390.0    
  0.129999995       18208268.0    
  0.140000001       15040396.0    
  0.149999991      -24468698.0    
  0.159999996      -11023240.0    
  0.170000002       29532454.0    
  0.179999992       5549508.00    
  0.189999998      -33601644.0    
  0.199999988      -28566.0000    
  0.209999993       36669716.0    
  0.219999999      -4470328.00    
  0.229999989      -38698636.0    
  0.239999995       7414236.00    
  0.250000000       39854296.0    
  0.259999990      -8615226.00    
  0.269999981      -40436568.0    
  0.280000001       8002123.00    
  0.289999992       40554376.0    
  0.299999982      -5562520.00    
  0.310000002      -39927240.0    
  0.319999993       1396604.00    
  0.329999983       38048852.0    
  0.340000004       4199759.00    
  0.349999994      -34538992.0    
  0.359999985      -10594027.0    
  0.370000005       29349584.0    
  0.379999995       16663397.0    
  0.389999986      -22710560.0    
  0.399999976      -20872702.0    
  0.409999996       14979976.0    
  0.419999987       21777372.0    
  0.429999977      -6610869.00    
  0.439999998      -18775846.0    
  0.449999988      -1719027.50    
  0.459999979       12639634.0    
  0.469999999       8983150.00    
  0.479999989      -5432098.00    
  0.489999980      -13933645.0    
  0.500000000      -222131.500    
  0.509999990       15550314.0    
  0.519999981       2209418.00    
  0.529999971      -13563043.0    
  0.539999962       148463.000    
  0.550000012       8650027.00    
  0.560000002      -5765291.00    
  0.569999993      -2108687.25    
  0.579999983       12249840.0    
  0.589999974      -4806911.00    
  0.599999964      -16971780.0    
  0.610000014       11416048.0    
  0.620000005       18214200.0    
  0.629999995      -17639282.0    
  0.639999986      -15801276.0    
  0.649999976       23574004.0    
  0.659999967       10884753.0    
  0.669999957      -29055248.0    
  0.680000007      -5111401.00    
  0.689999998       33622392.0    
  0.699999988      -215053.000    
  0.709999979      -36879348.0    
  0.719999969       4444103.00    
  0.729999959       38832184.0    
  0.740000010      -7324122.00    
  0.750000000      -39853300.0    
  0.759999990       8619308.00    
  0.769999981       40345408.0    
  0.779999971      -8037042.00    
  0.789999962      -40441188.0    
  0.799999952       5468384.00    
  0.810000002       39924372.0    
  0.819999993      -1186578.00    
  0.829999983      -38304504.0    
  0.839999974      -4232146.00    
  0.849999964       34972128.0    
  0.859999955       10117939.0    
  0.870000005      -29484440.0    
  0.879999995      -15765625.0    
  0.889999986       21950992.0    
  0.899999976       20303554.0    
  0.909999967      -13257959.0    
  0.919999957      -22617200.0    
  0.930000007       4867666.00    
  0.939999998       21589258.0    
  0.949999988       1753115.00    
  0.959999979      -16674361.0    
  0.969999969      -5739481.00    
  0.979999959       8505196.00    
  0.989999950       7153651.50    
   1.00000000       937898.500    
   1.00999999      -6918913.00    
