   9.99999978E-03  -379410.000    
   1.99999996E-02   10239358.0    
   2.99999993E-02   2443140.25    
   3.99999991E-02  -11354659.0    
   4.99999970E-02  -1020206.50    
   5.99999987E-02   10163519.0    
   7.00000003E-02  -3583755.25    
   7.99999982E-02  -7301593.00    
   8.99999961E-02   9768750.00    
   9.99999940E-02   3425709.00    
  0.109999999      -15466198.0    
  0.119999997       1126074.50    
  0.129999995       19129496.0    
  0.140000001      -6287433.00    
  0.149999991      -20322502.0    
  0.159999996       11928331.0    
  0.170000002       19612496.0    
  0.179999992      -17601040.0    
  0.189999998      -17968160.0    
  0.199999988       22633106.0    
  0.209999993       16188626.0    
  0.219999999      -26465212.0    
  0.229999989      -14743685.0    
  0.239999995       28896112.0    
  0.250000000       13935370.0    
  0.259999990      -30020144.0    
  0.269999981      -14012814.0    
  0.280000001       29956828.0    
  0.289999992       15074730.0    
  0.299999982      -28641128.0    
  0.310000002      -16947032.0    
  0.319999993       25844560.0    
  0.329999983       19233376.0    
  0.340000004      -21393772.0    
  0.349999994      -21445284.0    
  0.359999985       15435101.0    
  0.370000005       23007678.0    
  0.379999995      -8578392.00    
  0.389999986      -23176808.0    
  0.399999976       1800838.00    
  0.409999996       21132514.0    
  0.419999987       3877996.00    
  0.429999977      -16381503.0    
  0.439999998      -7766944.00    
  0.449999988       9275103.00    
  0.459999979       9698542.00    
  0.469999999      -1250488.00    
  0.479999989      -9983231.00    
  0.489999980      -5492061.00    
  0.500000000       9220540.00    
  0.509999990       8831194.00    
  0.519999981      -8072386.00    
  0.529999971      -7683056.50    
  0.539999962       7029545.50    
  0.550000012       2538374.25    
  0.560000002      -6194397.00    
  0.569999993       4754708.00    
  0.579999983       5178026.00    
  0.589999974      -11863899.0    
  0.599999964      -3249390.50    
  0.610000014       17009972.0    
  0.620000005      -244089.000    
  0.629999995      -19576530.0    
  0.639999986       5401828.00    
  0.649999976       20000292.0    
  0.659999967      -11587334.0    
  0.669999957      -19156776.0    
  0.680000007       17720352.0    
  0.689999998       17772092.0    
  0.699999988      -22849072.0    
  0.709999979      -16249627.0    
  0.719999969       26552054.0    
  0.729999959       14862137.0    
  0.740000010      -28879908.0    
  0.750000000      -13961005.0    
  0.759999990       29995556.0    
  0.769999981       13942848.0    
  0.779999971      -29918116.0    
  0.789999962      -15021719.0    
  0.799999952       28548864.0    
  0.810000002       17038052.0    
  0.819999993      -25793640.0    
  0.829999983      -19461072.0    
  0.839999974       21583854.0    
  0.849999964       21564814.0    
  0.859999955      -15887553.0    
  0.870000005      -22663530.0    
  0.879999995       8902157.00    
  0.889999986       22291236.0    
  0.899999976      -1354516.00    
  0.909999967      -20251282.0    
  0.919999957      -5422228.00    
  0.930000007       16557675.0    
  0.939999998       9862142.00    
  0.949999988      -11398544.0    
  0.959999979      -10869370.0    
  0.969999969       5219684.00    
  0.979999959       8465089.00    
  0.989999950       1166947.75    
   1.00000000      -3980622.75    
   1.00999999      -6664229.50    
