   9.99999978E-03   0.00000000    
   1.99999996E-02   0.00000000    
   2.99999993E-02   0.00000000    
   3.99999991E-02   0.00000000    
   4.99999970E-02   0.00000000    
   5.99999987E-02   0.00000000    
   7.00000003E-02   0.00000000    
   7.99999982E-02   0.00000000    
   8.99999961E-02   0.00000000    
   9.99999940E-02   0.00000000    
  0.109999999       0.00000000    
  0.119999997       0.00000000    
  0.129999995       0.00000000    
  0.140000001       0.00000000    
  0.149999991       0.00000000    
  0.159999996       0.00000000    
  0.170000002       0.00000000    
  0.179999992       0.00000000    
  0.189999998       0.00000000    
  0.199999988       0.00000000    
  0.209999993       2.44140625E-04
  0.219999999      -5.61523438E-03
  0.229999989       5.15136719E-02
  0.239999995     -0.231689453    
  0.250000000      0.475097656    
  0.259999990     -0.145996094    
  0.269999981     -0.674316406    
  0.280000001      -5.32226562E-02
  0.289999992      0.653564453    
  0.299999982      0.936767578    
  0.310000002      0.993896484    
  0.319999993      0.999755859    
  0.329999983       1.00000000    
  0.340000004       1.00000000    
  0.349999994       1.00000000    
  0.359999985       1.00000000    
  0.370000005       1.00000000    
  0.379999995       1.00000000    
  0.389999986       1.00000000    
  0.399999976       1.00000000    
  0.409999996       1.00000000    
  0.419999987       1.00000000    
  0.429999977       1.00000000    
  0.439999998       1.00000000    
  0.449999988       1.00000000    
  0.459999979       1.00000000    
  0.469999999       1.00000000    
  0.479999989       1.00000000    
  0.489999980       1.00000000    
  0.500000000       1.00000000    
  0.509999990       1.00000000    
  0.519999981       1.00000000    
  0.529999971       1.00000000    
  0.539999962       1.00000000    
  0.550000012       1.00000000    
  0.560000002       1.00000000    
  0.569999993       1.00000000    
  0.579999983       1.00000000    
  0.589999974       1.00000000    
  0.599999964       1.00000000    
  0.610000014       1.00000000    
  0.620000005       1.00000000    
  0.629999995       1.00000000    
  0.639999986       1.00000000    
  0.649999976       1.00000000    
  0.659999967       1.00000000    
  0.669999957       1.00000000    
  0.680000007       1.00000000    
  0.689999998       1.00000000    
  0.699999988       1.00000000    
  0.709999979      0.999755859    
  0.719999969       1.00561523    
  0.729999959      0.948486328    
  0.740000010       1.23168945    
  0.750000000      0.524902344    
  0.759999990       1.14599609    
  0.769999981       1.67431641    
  0.779999971       1.05322266    
  0.789999962      0.346435547    
  0.799999952       6.32324219E-02
  0.810000002       6.10351562E-03
  0.819999993       2.44140625E-04
  0.829999983       0.00000000    
  0.839999974       0.00000000    
  0.849999964       0.00000000    
  0.859999955       0.00000000    
  0.870000005       0.00000000    
  0.879999995       0.00000000    
  0.889999986       0.00000000    
  0.899999976       0.00000000    
  0.909999967       0.00000000    
  0.919999957       0.00000000    
  0.930000007       0.00000000    
  0.939999998       0.00000000    
  0.949999988       0.00000000    
  0.959999979       0.00000000    
  0.969999969       0.00000000    
  0.979999959       0.00000000    
  0.989999950       0.00000000    
   1.00000000       0.00000000    
   1.00999999       0.00000000    
