   9.99999978E-03   1.31074544E-02
   1.99999996E-02  -1.34506058E-02
   2.99999993E-02   4.55217808E-02
   3.99999991E-02 -0.113703728    
   4.99999970E-02  0.247832179    
   5.99999987E-02 -0.449730456    
   7.00000003E-02  0.635494173    
   7.99999982E-02 -0.567491174    
   8.99999961E-02  -8.43381286E-02
   9.99999940E-02   1.37684155    
  0.109999999      -2.51182437    
  0.119999997       1.80176377    
  0.129999995       1.74167144    
  0.140000001      -5.74530363    
  0.149999991       4.60123825    
  0.159999996       3.96137691    
  0.170000002      -11.3719149    
  0.179999992       4.53938293    
  0.189999998       12.8058300    
  0.199999988      -15.1777258    
  0.209999993      -8.26668739    
  0.219999999       23.4932613    
  0.229999989       1.27115154    
  0.239999995      -28.3297729    
  0.250000000       4.07032967    
  0.259999990       30.7978420    
  0.269999981      -5.03646660    
  0.280000001      -31.7639751    
  0.289999992      0.636129379    
  0.299999982       30.2370491    
  0.310000002       8.01493740    
  0.319999993      -23.7450066    
  0.329999983      -16.8339691    
  0.340000004       11.1495810    
  0.349999994       19.4160290    
  0.359999985       3.50473213    
  0.370000005      -11.8285608    
  0.379999995      -11.1886988    
  0.389999986     -0.842155933    
  0.399999976       6.64481974    
  0.409999996       6.58472633    
  0.419999987       2.27113724    
  0.429999977      -1.61752939    
  0.439999998      -3.07870865    
  0.449999988      -2.59555364    
  0.459999979      -1.39256573    
  0.469999999     -0.307355970    
  0.479999989      0.390276074    
  0.489999980      0.751499653    
  0.500000000      0.911976516    
  0.509999990      0.966467977    
  0.519999981       1.00731695    
  0.529999971      0.952824831    
  0.539999962       1.11330140    
  0.550000012      0.752079964    
  0.560000002       1.44971263    
  0.569999993      0.364502370    
  0.579999983       1.56749082    
  0.589999974       1.08433843    
  0.599999964     -0.376841366    
  0.610000014       3.51182246    
  0.620000005     -0.801764071    
  0.629999995     -0.741667747    
  0.639999986       6.74530077    
  0.649999976      -3.60124230    
  0.659999967      -2.96137166    
  0.669999957       12.3719149    
  0.680000007      -3.53938818    
  0.689999998      -11.8058281    
  0.699999988       16.1777248    
  0.709999979       9.26668930    
  0.719999969      -22.4932594    
  0.729999959     -0.271152496    
  0.740000010       29.3297729    
  0.750000000      -3.07033253    
  0.759999990      -29.7978458    
  0.769999981       6.03646755    
  0.779999971       32.7639771    
  0.789999962      0.363867760    
  0.799999952      -29.2370510    
  0.810000002      -7.01493645    
  0.819999993       24.7450047    
  0.829999983       17.8339672    
  0.839999974      -10.1495819    
  0.849999964      -18.4160271    
  0.859999955      -2.50473213    
  0.870000005       12.8285561    
  0.879999995       12.1886969    
  0.889999986       1.84215713    
  0.899999976      -5.64481735    
  0.909999967      -5.58472633    
  0.919999957      -1.27113843    
  0.930000007       2.61752748    
  0.939999998       4.07870722    
  0.949999988       3.59555435    
  0.959999979       2.39256978    
  0.969999969       1.30733871    
  0.979999959      0.609811306    
  0.989999950      0.248098761    
   1.00000000       8.96769464E-02
   1.00999999       2.73980238E-02
