   9.99999978E-03   7.21089161E-11
   1.99999996E-02  -5.71327097E-10
   2.99999993E-02   7.81164733E-09
   3.99999991E-02  -8.85524116E-08
   4.99999970E-02   8.45261980E-07
   5.99999987E-02  -6.85193845E-06
   7.00000003E-02   4.74273984E-05
   7.99999982E-02  -2.81080313E-04
   8.99999961E-02   1.42648444E-03
   9.99999940E-02  -6.18203543E-03
  0.109999999       2.27318779E-02
  0.119999997      -7.00982139E-02
  0.129999995      0.177598923    
  0.140000001     -0.355781972    
  0.149999991      0.517346203    
  0.159999996     -0.404723346    
  0.170000002     -0.260601938    
  0.179999992       1.23767376    
  0.189999998      -1.36436570    
  0.199999988     -0.392105818    
  0.209999993       2.57814455    
  0.219999999      -1.58461988    
  0.229999989      -2.57143426    
  0.239999995       3.34458542    
  0.250000000       2.08755994    
  0.259999990      -4.28205538    
  0.269999981      -2.12204552    
  0.280000001       4.24756956    
  0.289999992       2.99054408    
  0.299999982      -2.92547560    
  0.310000002      -3.91228914    
  0.319999993      0.250475168    
  0.329999983       3.22072554    
  0.340000004       2.24846601    
  0.349999994     -0.353572965    
  0.359999985      -1.85184932    
  0.370000005      -1.70772767    
  0.379999995     -0.785657406    
  0.389999986       8.74706209E-02
  0.399999976      0.620851278    
  0.409999996      0.868548274    
  0.419999987      0.961378336    
  0.429999977      0.990292311    
  0.439999998      0.997900963    
  0.449999988      0.999608517    
  0.459999979      0.999936879    
  0.469999999      0.999991298    
  0.479999989      0.999999046    
  0.489999980      0.999999940    
  0.500000000       1.00000000    
  0.509999990       1.00000000    
  0.519999981       1.00000000    
  0.529999971       1.00000000    
  0.539999962       1.00000000    
  0.550000012      0.999999344    
  0.560000002       1.00000668    
  0.569999993      0.999952614    
  0.579999983       1.00028110    
  0.589999974      0.998573422    
  0.599999964       1.00618196    
  0.610000014      0.977268219    
  0.620000005       1.07009816    
  0.629999995      0.822401047    
  0.639999986       1.35578179    
  0.649999976      0.482654184    
  0.659999967       1.40472353    
  0.669999957       1.26060116    
  0.680000007     -0.237673551    
  0.689999998       2.36436653    
  0.699999988       1.39210546    
  0.709999979      -1.57814479    
  0.719999969       2.58462024    
  0.729999959       3.57143354    
  0.740000010      -2.34458494    
  0.750000000      -1.08755922    
  0.759999990       5.28205490    
  0.769999981       3.12204456    
  0.779999971      -3.24757004    
  0.789999962      -1.99054396    
  0.799999952       3.92547560    
  0.810000002       4.91228962    
  0.819999993      0.749524593    
  0.829999983      -2.22072554    
  0.839999974      -1.24846590    
  0.849999964       1.35357285    
  0.859999955       2.85184860    
  0.870000005       2.70772743    
  0.879999995       1.78565776    
  0.889999986      0.912529588    
  0.899999976      0.379148722    
  0.909999967      0.131451607    
  0.919999957       3.86215188E-02
  0.930000007       9.70760733E-03
  0.939999998       2.09908839E-03
  0.949999988       3.91523470E-04
  0.959999979       6.30157447E-05
  0.969999969       8.73640965E-06
  0.979999959       1.03920831E-06
  0.989999950       1.05393852E-07
   1.00000000       9.02993325E-09
   1.00999999       6.43559206E-10
