   9.99999978E-03   7.08749148E-09
   1.99999996E-02  -3.53479805E-08
   2.99999993E-02   3.32315722E-07
   3.99999991E-02  -2.67007499E-06
   4.99999970E-02   1.85697681E-05
   5.99999987E-02  -1.12043388E-04
   7.00000003E-02   5.86676179E-04
   7.99999982E-02  -2.66091339E-03
   8.99999961E-02   1.04069598E-02
   9.99999940E-02  -3.48144881E-02
  0.109999999       9.82704610E-02
  0.119999997     -0.228631765    
  0.129999995      0.419362575    
  0.140000001     -0.545850515    
  0.149999991      0.321756274    
  0.159999996      0.483490616    
  0.170000002      -1.47593534    
  0.179999992       1.36802447    
  0.189999998      0.746185243    
  0.199999988      -3.04608941    
  0.209999993       1.67894387    
  0.219999999       3.13006401    
  0.229999989      -4.13739395    
  0.239999995      -2.21205091    
  0.250000000       5.69605112    
  0.259999990       1.62021756    
  0.269999981      -6.27355671    
  0.280000001      -2.19772315    
  0.289999992       5.71037865    
  0.299999982       3.78503489    
  0.310000002      -3.48242211    
  0.319999993      -4.93354130    
  0.329999983     -0.208508372    
  0.340000004       3.58376622    
  0.349999994       2.96192789    
  0.359999985      0.117967844    
  0.370000005      -1.84145856    
  0.379999995      -2.00319242    
  0.389999986      -1.13558519    
  0.399999976     -0.170372069    
  0.409999996      0.477622062    
  0.419999987      0.804524064    
  0.429999977      0.937608898    
  0.439999998      0.982830465    
  0.449999988      0.995898545    
  0.459999979      0.999145985    
  0.469999999      0.999844611    
  0.479999989      0.999975443    
  0.489999980      0.999996662    
  0.500000000      0.999999642    
  0.509999990       1.00000000    
  0.519999981       1.00000000    
  0.529999971      0.999999821    
  0.539999962       1.00000238    
  0.550000012      0.999981582    
  0.560000002       1.00011194    
  0.569999993      0.999413252    
  0.579999983       1.00266087    
  0.589999974      0.989593029    
  0.599999964       1.03481424    
  0.610000014      0.901729584    
  0.620000005       1.22863173    
  0.629999995      0.580637574    
  0.639999986       1.54585016    
  0.649999976      0.678243577    
  0.659999967      0.516510367    
  0.669999957       2.47593498    
  0.680000007     -0.368025601    
  0.689999998      0.253815532    
  0.699999988       4.04608965    
  0.709999979     -0.678944468    
  0.719999969      -2.13006306    
  0.729999959       5.13739347    
  0.740000010       3.21204996    
  0.750000000      -4.69605064    
  0.759999990     -0.620216846    
  0.769999981       7.27355671    
  0.779999971       3.19772196    
  0.789999962      -4.71037912    
  0.799999952      -2.78503537    
  0.810000002       4.48242235    
  0.819999993       5.93354130    
  0.829999983       1.20850825    
  0.839999974      -2.58376575    
  0.849999964      -1.96192741    
  0.859999955      0.882031798    
  0.870000005       2.84145761    
  0.879999995       3.00319219    
  0.889999986       2.13558531    
  0.899999976       1.17037225    
  0.909999967      0.522378027    
  0.919999957      0.195475817    
  0.930000007       6.23908862E-02
  0.939999998       1.71694458E-02
  0.949999988       4.10157535E-03
  0.959999979       8.53985606E-04
  0.969999969       1.55266025E-04
  0.979999959       2.46528762E-05
  0.989999950       3.41303257E-06
   1.00000000       4.10676648E-07
   1.00999999       4.24704929E-08
