   9.99999978E-03  -2534013.50    
   1.99999996E-02  -1456253.00    
   2.99999993E-02   3040138.00    
   3.99999991E-02   1595154.88    
   4.99999970E-02  -3094017.50    
   5.99999987E-02  -357352.688    
   7.00000003E-02   2805315.50    
   7.99999982E-02  -1782072.38    
   8.99999961E-02  -2212252.50    
   9.99999940E-02   4050937.50    
  0.109999999       1239816.50    
  0.119999997      -5790679.00    
  0.129999995       211391.250    
  0.140000001       6727723.00    
  0.149999991      -2110102.00    
  0.159999996      -6963287.50    
  0.170000002       4223462.00    
  0.179999992       6763392.00    
  0.189999998      -6213701.00    
  0.199999988      -6360874.00    
  0.209999993       7816682.00    
  0.219999999       5908589.50    
  0.229999989      -8934074.00    
  0.239999995      -5540921.00    
  0.250000000       9579008.00    
  0.259999990       5406204.00    
  0.269999981      -9772919.00    
  0.280000001      -5608744.00    
  0.289999992       9501283.00    
  0.299999982       6131237.00    
  0.310000002      -8724316.00    
  0.319999993      -6829944.00    
  0.329999983       7395719.00    
  0.340000004       7500393.00    
  0.349999994      -5503315.00    
  0.359999985      -7938101.50    
  0.370000005       3157766.75    
  0.379999995       7949034.00    
  0.389999986      -665969.500    
  0.399999976      -7339748.00    
  0.409999996      -1516218.88    
  0.419999987       5954769.00    
  0.429999977       2961852.00    
  0.439999998      -3794135.50    
  0.449999988      -3471769.50    
  0.459999979       1150790.62    
  0.469999999       3170299.25    
  0.479999989       1367937.88    
  0.489999980      -2447313.75    
  0.500000000      -3025892.25    
  0.509999990       1780353.75    
  0.519999981       3287674.75    
  0.529999971      -1518572.75    
  0.539999962      -2097147.75    
  0.550000012       1718097.50    
  0.560000002      -84257.0000    
  0.569999993      -2103774.25    
  0.579999983       2518796.75    
  0.589999974       2196428.00    
  0.599999964      -4559580.50    
  0.610000014      -1566611.75    
  0.620000005       5904289.00    
  0.629999995       80868.2500    
  0.639999986      -6592982.00    
  0.649999976       2021950.00    
  0.659999967       6813543.00    
  0.669999957      -4282907.00    
  0.680000007      -6717092.00    
  0.689999998       6286523.00    
  0.699999988       6390159.00    
  0.709999979      -7833184.50    
  0.719999969      -5941380.00    
  0.729999959       8914592.00    
  0.740000010       5548754.00    
  0.750000000      -9569849.00    
  0.759999990      -5398256.00    
  0.769999981       9783971.00    
  0.779999971       5592168.50    
  0.789999962      -9502025.00    
  0.799999952      -6115959.00    
  0.810000002       8691945.00    
  0.819999993       6849016.00    
  0.829999983      -7364112.00    
  0.839999974      -7572174.00    
  0.849999964       5549521.00    
  0.859999955       7996943.00    
  0.870000005      -3308093.50    
  0.879999995      -7861201.00    
  0.889999986       800637.750    
  0.899999976       7047558.00    
  0.909999967       1629936.62    
  0.919999957      -5627881.00    
  0.930000007      -3470441.75    
  0.939999998       3809981.00    
  0.949999988       4208490.00    
  0.959999979      -1852340.50    
  0.969999969      -3611916.75    
  0.979999959       7976.87500    
  0.989999950       1945313.62    
   1.00000000       1504324.75    
   1.00999999       51068.1875    
