   9.99999978E-03   2372.95068    
   1.99999996E-02   8101.05566    
   2.99999993E-02  -1385.46118    
   3.99999991E-02  -6850.38477    
   4.99999970E-02   4554.15479    
   5.99999987E-02   667.688232    
   7.00000003E-02  -8958.87402    
   7.99999982E-02   7580.56738    
   8.99999961E-02   9482.12305    
   9.99999940E-02  -15401.1504    
  0.109999999      -3419.71143    
  0.119999997       21078.8945    
  0.129999995      -7697.60107    
  0.140000001      -23000.0039    
  0.149999991       20355.8711    
  0.159999996       20141.5391    
  0.170000002      -31873.1680    
  0.179999992      -13222.2598    
  0.189999998       41033.2930    
  0.199999988       4517.43555    
  0.209999993      -47421.9141    
  0.219999999       3657.80273    
  0.229999989       51333.0781    
  0.239999995      -9660.25000    
  0.250000000      -53588.7422    
  0.259999990       12365.2852    
  0.269999981       54830.5391    
  0.280000001      -11122.7891    
  0.289999992      -55048.7500    
  0.299999982       5939.94531    
  0.310000002       53623.5352    
  0.319999993       2535.69922    
  0.329999983      -49402.8945    
  0.340000004      -12869.9717    
  0.349999994       41346.1484    
  0.359999985       22742.6641    
  0.370000005      -29285.8555    
  0.379999995      -29143.0332    
  0.389999986       14377.9961    
  0.399999976       29519.3984    
  0.409999996       703.857422    
  0.419999987      -23418.1758    
  0.429999977      -11979.5557    
  0.439999998       13059.3965    
  0.449999988       15712.7949    
  0.459999979      -2191.82080    
  0.469999999      -11242.8057    
  0.479999989      -5773.78418    
  0.489999980       2652.25586    
  0.500000000       9104.79883    
  0.509999990       3321.70215    
  0.519999981      -8065.60693    
  0.529999971      -2282.51221    
  0.539999962       4170.02637    
  0.550000012      -4256.00684    
  0.560000002       1213.01855    
  0.569999993       10263.9941    
  0.579999983      -7640.62695    
  0.589999974      -10294.0176    
  0.599999964       14744.9385    
  0.610000014       3306.31006    
  0.620000005      -20815.7285    
  0.629999995       7999.82520    
  0.639999986       23141.2285    
  0.649999976      -20379.8105    
  0.659999967      -20236.9883    
  0.669999957       31791.5410    
  0.680000007       13188.0586    
  0.689999998      -41028.0820    
  0.699999988      -4495.12500    
  0.709999979       47443.4219    
  0.719999969      -3644.27344    
  0.729999959      -51328.2500    
  0.740000010       9661.22266    
  0.750000000       53585.6992    
  0.759999990      -12364.9668    
  0.769999981      -54834.4219    
  0.779999971       11125.1680    
  0.789999962       55048.2227    
  0.799999952      -5943.55469    
  0.810000002      -53610.3594    
  0.819999993      -2555.34766    
  0.829999983       49425.1406    
  0.839999974       12866.7334    
  0.849999964      -41380.3633    
  0.859999955      -22659.0352    
  0.870000005       29190.4102    
  0.879999995       29168.9609    
  0.889999986      -14236.7783    
  0.899999976      -29819.6152    
  0.909999967      -440.681641    
  0.919999957       23533.5762    
  0.930000007       11323.3398    
  0.939999998      -12245.5000    
  0.949999988      -15772.8535    
  0.959999979       888.698730    
  0.969999969       13123.5059    
  0.979999959       5477.63672    
  0.989999950      -5332.60986    
   1.00000000      -5434.82227    
   1.00999999      -3286.25586    
