   9.99999978E-03   1.72313719E-09
   1.99999996E-02  -9.86398341E-09
   2.99999993E-02   1.03659119E-07
   3.99999991E-02  -9.24490394E-07
   4.99999970E-02   7.08599782E-06
   5.99999987E-02  -4.68595681E-05
   7.00000003E-02   2.67821277E-04
   7.99999982E-02  -1.32227922E-03
   8.99999961E-02   5.62235806E-03
   9.99999940E-02  -2.04606839E-02
  0.109999999       6.30375743E-02
  0.119999997     -0.161392212    
  0.129999995      0.331995815    
  0.140000001     -0.510859251    
  0.149999991      0.471960932    
  0.159999996       8.99593830E-02
  0.170000002      -1.10216403    
  0.179999992       1.58504450    
  0.189999998     -0.234083831    
  0.199999988      -2.33603191    
  0.209999993       2.60614610    
  0.219999999       1.37277710    
  0.229999989      -4.42300129    
  0.239999995      0.230347753    
  0.250000000       5.34659290    
  0.259999990      -1.16748595    
  0.269999981      -5.80422068    
  0.280000001      0.709857702    
  0.289999992       5.82610273    
  0.299999982       1.17275310    
  0.310000002      -4.62302399    
  0.319999993      -3.38965464    
  0.329999983       1.55252314    
  0.340000004       3.65447140    
  0.349999994       1.83534372    
  0.359999985     -0.851865292    
  0.370000005      -2.04398894    
  0.379999995      -1.66198683    
  0.389999986     -0.679166317    
  0.399999976      0.163688600    
  0.409999996      0.657076418    
  0.419999987      0.881506026    
  0.429999977      0.965004265    
  0.439999998      0.991087437    
  0.449999988      0.998032212    
  0.459999979      0.999622166    
  0.469999999      0.999936819    
  0.479999989      0.999990940    
  0.489999980      0.999998927    
  0.500000000      0.999999940    
  0.509999990       1.00000000    
  0.519999981       1.00000000    
  0.529999971       1.00000000    
  0.539999962       1.00000072    
  0.550000012      0.999993086    
  0.560000002       1.00004673    
  0.569999993      0.999732137    
  0.579999983       1.00132227    
  0.589999974      0.994377613    
  0.599999964       1.02046049    
  0.610000014      0.936962485    
  0.620000005       1.16139221    
  0.629999995      0.668004274    
  0.639999986       1.51085889    
  0.649999976      0.528039217    
  0.659999967      0.910041392    
  0.669999957       2.10216331    
  0.680000007     -0.585045218    
  0.689999998       1.23408484    
  0.699999988       3.33603191    
  0.709999979      -1.60614657    
  0.719999969     -0.372776389    
  0.729999959       5.42300034    
  0.740000010      0.769651771    
  0.750000000      -4.34659195    
  0.759999990       2.16748619    
  0.769999981       6.80422020    
  0.779999971      0.290140986    
  0.789999962      -4.82610273    
  0.799999952     -0.172753572    
  0.810000002       5.62302446    
  0.819999993       4.38965464    
  0.829999983     -0.552523136    
  0.839999974      -2.65447092    
  0.849999964     -0.835343480    
  0.859999955       1.85186470    
  0.870000005       3.04398823    
  0.879999995       2.66198683    
  0.889999986       1.67916656    
  0.899999976      0.836311579    
  0.909999967      0.342923582    
  0.919999957      0.118493810    
  0.930000007       3.49955671E-02
  0.939999998       8.91252793E-03
  0.949999988       1.96789089E-03
  0.959999979       3.77790246E-04
  0.969999969       6.31094299E-05
  0.979999959       9.16386307E-06
  0.989999950       1.15337457E-06
   1.00000000       1.25231367E-07
   1.00999999       1.15934347E-08
