   9.99999978E-03   0.00000000    
   1.99999996E-02   0.00000000    
   2.99999993E-02   0.00000000    
   3.99999991E-02   0.00000000    
   4.99999970E-02   5.68434189E-14
   5.99999987E-02  -4.94537744E-12
   7.00000003E-02   2.03897343E-10
   7.99999982E-02  -5.29354338E-09
   8.99999961E-02   9.69649818E-08
   9.99999940E-02  -1.33047877E-06
  0.109999999       1.41654928E-05
  0.119999997      -1.19559059E-04
  0.129999995       8.09769263E-04
  0.140000001      -4.42296173E-03
  0.149999991       1.94416568E-02
  0.159999996      -6.80452585E-02
  0.170000002      0.185123697    
  0.179999992     -0.371775538    
  0.189999998      0.481579155    
  0.199999988     -0.187985748    
  0.209999993     -0.616287231    
  0.219999999       1.13057268    
  0.229999989     -0.144136012    
  0.239999995      -1.55307686    
  0.250000000      0.949408710    
  0.259999990       1.67339146    
  0.269999981      -1.18822622    
  0.280000001      -1.91220891    
  0.289999992      0.590276837    
  0.299999982       1.99921763    
  0.310000002      0.724509120    
  0.319999993      -1.02235055    
  0.329999983      -1.45065212    
  0.340000004     -0.781087339    
  0.349999994       7.22675920E-02
  0.359999985      0.629166842    
  0.370000005      0.882335663    
  0.379999995      0.969822347    
  0.389999986      0.993687093    
  0.399999976      0.998919964    
  0.409999996      0.999849200    
  0.419999987      0.999983072    
  0.429999977      0.999998450    
  0.439999998      0.999999881    
  0.449999988       1.00000000    
  0.459999979       1.00000000    
  0.469999999       1.00000000    
  0.479999989       1.00000000    
  0.489999980       1.00000000    
  0.500000000       1.00000000    
  0.509999990       1.00000000    
  0.519999981       1.00000000    
  0.529999971       1.00000000    
  0.539999962       1.00000000    
  0.550000012       1.00000000    
  0.560000002       1.00000000    
  0.569999993       1.00000000    
  0.579999983       1.00000000    
  0.589999974      0.999999940    
  0.599999964       1.00000119    
  0.610000014      0.999985814    
  0.620000005       1.00011957    
  0.629999995      0.999190271    
  0.639999986       1.00442290    
  0.649999976      0.980558395    
  0.659999967       1.06804526    
  0.669999957      0.814876556    
  0.680000007       1.37177527    
  0.689999998      0.518420696    
  0.699999988       1.18798614    
  0.709999979       1.61628723    
  0.719999969     -0.130572766    
  0.729999959       1.14413607    
  0.740000010       2.55307674    
  0.750000000       5.05910516E-02
  0.759999990     -0.673391163    
  0.769999981       2.18822622    
  0.779999971       2.91220880    
  0.789999962      0.409723103    
  0.799999952     -0.999217808    
  0.810000002      0.275490820    
  0.819999993       2.02235055    
  0.829999983       2.45065212    
  0.839999974       1.78108716    
  0.849999964      0.927732468    
  0.859999955      0.370833308    
  0.870000005      0.117664352    
  0.879999995       3.01774349E-02
  0.889999986       6.31281547E-03
  0.899999976       1.08008424E-03
  0.909999967       1.50755950E-04
  0.919999957       1.70313851E-05
  0.930000007       1.53541362E-06
  0.939999998       1.07969868E-07
  0.949999988       5.71134251E-09
  0.959999979       2.13901785E-10
  0.969999969       5.05906428E-12
  0.979999959       5.68434189E-14
  0.989999950       0.00000000    
   1.00000000       0.00000000    
   1.00999999       0.00000000    
