   9.99999978E-03   130594.656    
   1.99999996E-02   269608.125    
   2.99999993E-02  -116677.812    
   3.99999991E-02  -274731.969    
   4.99999970E-02   167460.172    
   5.99999987E-02   131758.750    
   7.00000003E-02  -264405.062    
   7.99999982E-02   96993.1250    
   8.99999961E-02   340143.312    
   9.99999940E-02  -338234.469    
  0.109999999      -323441.250    
  0.119999997       545568.688    
  0.129999995       186675.625    
  0.140000001      -703282.375    
  0.149999991       40791.1250    
  0.159999996       807463.312    
  0.170000002      -300348.562    
  0.179999992      -854843.812    
  0.189999998       542935.000    
  0.199999988       850602.500    
  0.209999993      -744296.500    
  0.219999999      -816929.625    
  0.229999989       894770.000    
  0.239999995       784853.750    
  0.250000000      -986693.000    
  0.259999990      -777429.375    
  0.269999981       1012730.00    
  0.280000001       802956.062    
  0.289999992      -968419.938    
  0.299999982      -857862.750    
  0.310000002       852636.875    
  0.319999993       926492.000    
  0.329999983      -668004.125    
  0.340000004      -978599.250    
  0.349999994       423128.531    
  0.359999985       976772.000    
  0.370000005      -136931.375    
  0.379999995      -893504.812    
  0.389999986      -153368.984    
  0.399999976       724512.500    
  0.409999996       388217.062    
  0.419999987      -489215.719    
  0.429999977      -501467.188    
  0.439999998       222500.391    
  0.449999988       457372.344    
  0.459999979       32852.3672    
  0.469999999      -284257.688    
  0.479999989      -230987.828    
  0.489999980       74398.7500    
  0.500000000       332567.031    
  0.509999990       59444.7578    
  0.519999981      -320632.062    
  0.529999971      -47509.8750    
  0.539999962       210658.281    
  0.550000012      -94728.2031    
  0.560000002      -41458.1797    
  0.569999993       275651.844    
  0.579999983      -148868.281    
  0.589999974      -383740.438    
  0.599999964       340227.844    
  0.610000014       352478.375    
  0.620000005      -524952.938    
  0.629999995      -188660.469    
  0.639999986       689226.188    
  0.649999976      -50916.7500    
  0.659999967      -807482.312    
  0.669999957       306215.438    
  0.680000007       859855.625    
  0.689999998      -541849.875    
  0.699999988      -852494.938    
  0.709999979       742075.625    
  0.719999969       815861.625    
  0.729999959      -894637.125    
  0.740000010      -783934.500    
  0.750000000       987116.000    
  0.759999990       777744.812    
  0.769999981      -1012592.75    
  0.779999971      -803779.750    
  0.789999962       969013.750    
  0.799999952       857586.750    
  0.810000002      -853703.750    
  0.819999993      -924199.875    
  0.829999983       666185.875    
  0.839999974       977565.750    
  0.849999964      -418094.688    
  0.859999955      -982633.312    
  0.870000005       136906.812    
  0.879999995       903624.125    
  0.889999986       139305.500    
  0.899999976      -722530.438    
  0.909999967      -367604.062    
  0.919999957       460178.969    
  0.930000007       503459.531    
  0.939999998      -178901.750    
  0.949999988      -509247.531    
  0.959999979      -44097.1406    
  0.969999969       374558.062    
  0.979999959       158257.688    
  0.989999950      -138472.312    
   1.00000000      -168377.203    
   1.00999999      -110468.844    
