   9.99999978E-03   181966.953    
   1.99999996E-02   173469.906    
   2.99999993E-02  -202585.938    
   3.99999991E-02  -170162.594    
   4.99999970E-02   215691.594    
   5.99999987E-02   22763.0938    
   7.00000003E-02  -220291.062    
   7.99999982E-02   199219.156    
   8.99999961E-02   188613.062    
   9.99999940E-02  -406901.812    
  0.109999999      -86056.3125    
  0.119999997       542638.000    
  0.129999995      -97779.0625    
  0.140000001      -595180.750    
  0.149999991       334627.375    
  0.159999996       580164.250    
  0.170000002      -574568.812    
  0.179999992      -516716.688    
  0.189999998       777939.750    
  0.199999988       423302.344    
  0.209999993      -931260.688    
  0.219999999      -324554.344    
  0.229999989       1038240.56    
  0.239999995       249327.906    
  0.250000000      -1103863.00    
  0.259999990      -219351.969    
  0.269999981       1128446.50    
  0.280000001       243514.062    
  0.289999992      -1109321.38    
  0.299999982      -320091.656    
  0.310000002       1041762.81    
  0.319999993       436412.000    
  0.329999983      -918557.250    
  0.340000004      -565800.500    
  0.349999994       732637.625    
  0.359999985       672235.875    
  0.370000005      -485507.000    
  0.379999995      -722066.625    
  0.389999986       200245.703    
  0.399999976       692392.125    
  0.409999996       71764.2188    
  0.419999987      -573419.250    
  0.429999977      -265049.875    
  0.439999998       372250.031    
  0.449999988       333948.688    
  0.459999979      -121444.602    
  0.469999999      -283239.188    
  0.479999989      -117370.547    
  0.489999980       171229.938    
  0.500000000       269954.188    
  0.509999990      -79221.3984    
  0.519999981      -284710.438    
  0.529999971       64465.0469    
  0.539999962       163189.234    
  0.550000012      -125411.102    
  0.560000002       40457.6250    
  0.569999993       202252.109    
  0.579999983      -253141.312    
  0.589999974      -214840.000    
  0.599999964       422460.406    
  0.610000014       114090.266    
  0.620000005      -531092.125    
  0.629999995       89533.5938    
  0.639999986       581684.188    
  0.649999976      -340634.375    
  0.659999967      -577186.375    
  0.669999957       580549.312    
  0.680000007       520149.188    
  0.689999998      -778276.312    
  0.699999988      -425556.500    
  0.709999979       929477.438    
  0.719999969       324050.906    
  0.729999959      -1037765.25    
  0.740000010      -248461.500    
  0.750000000       1104126.62    
  0.759999990       219581.000    
  0.769999981      -1128528.62    
  0.779999971      -244162.500    
  0.789999962       1109940.50    
  0.799999952       319544.656    
  0.810000002      -1042227.69    
  0.819999993      -434551.094    
  0.829999983       916367.562    
  0.839999974       566175.750    
  0.849999964      -729192.562    
  0.859999955      -678215.750    
  0.870000005       488477.656    
  0.879999995       728067.625    
  0.889999986      -213748.500    
  0.899999976      -684148.438    
  0.909999967      -60220.4531    
  0.919999957       545386.000    
  0.930000007       280607.688    
  0.939999998      -346021.375    
  0.949999988      -387870.812    
  0.959999979       139485.484    
  0.969999969       346459.688    
  0.979999959       27091.9844    
  0.989999950      -178203.125    
   1.00000000      -131831.250    
   1.00999999      -32019.2969    
