   9.99999978E-03   572.301514    
   1.99999996E-02  0.318283081    
   2.99999993E-02  -645.346924    
   3.99999991E-02   208.903778    
   4.99999970E-02   131.759766    
   5.99999987E-02  -719.066772    
   7.00000003E-02   661.141052    
   7.99999982E-02   731.712952    
   8.99999961E-02  -1416.54565    
   9.99999940E-02   156.064331    
  0.109999999       1810.94397    
  0.119999997      -1581.48096    
  0.129999995      -1463.26709    
  0.140000001       2958.10376    
  0.149999991       277.324463    
  0.159999996      -3884.78198    
  0.170000002       1428.19189    
  0.179999992       4195.93164    
  0.189999998      -3199.45068    
  0.199999988      -3946.21875    
  0.209999993       4742.92969    
  0.219999999       3430.77783    
  0.229999989      -5877.93604    
  0.239999995      -2955.63330    
  0.250000000       6560.79248    
  0.259999990       2768.92798    
  0.269999981      -6785.41992    
  0.280000001      -2993.54224    
  0.289999992       6522.85645    
  0.299999982       3600.61572    
  0.310000002      -5708.23242    
  0.319999993      -4395.82227    
  0.329999983       4292.89258    
  0.340000004       5040.26758    
  0.349999994      -2355.72144    
  0.359999985      -5123.35596    
  0.370000005       190.899902    
  0.379999995       4349.38867    
  0.389999986       1674.56738    
  0.399999976      -2752.57812    
  0.409999996      -2634.75244    
  0.419999987       771.425781    
  0.429999977       2398.16235    
  0.439999998       853.122070    
  0.449999988      -1290.05566    
  0.459999979      -1425.64990    
  0.469999999       58.9102783    
  0.479999989       859.785217    
  0.489999980       666.284668    
  0.500000000       81.1658020    
  0.509999990      -745.614319    
  0.519999981      -396.988647    
  0.529999971       429.791260    
  0.539999962      -155.326797    
  0.550000012       38.1739655    
  0.560000002       839.047668    
  0.569999993      -645.512268    
  0.579999983      -781.105103    
  0.589999974       1362.07190    
  0.599999964      -182.969788    
  0.610000014      -1809.70532    
  0.620000005       1596.47363    
  0.629999995       1478.64746    
  0.639999986      -2948.49878    
  0.649999976      -273.676270    
  0.659999967       3884.81348    
  0.669999957      -1429.44446    
  0.680000007      -4197.07910    
  0.689999998       3198.91211    
  0.699999988       3946.28711    
  0.709999979      -4742.42920    
  0.719999969      -3430.01880    
  0.729999959       5878.83057    
  0.740000010       2956.58984    
  0.750000000      -6559.81006    
  0.759999990      -2767.93188    
  0.769999981       6786.41113    
  0.779999971       2994.55859    
  0.789999962      -6521.89990    
  0.799999952      -3599.51050    
  0.810000002       5708.99121    
  0.819999993       4397.31934    
  0.829999983      -4292.82471    
  0.839999974      -5037.72754    
  0.849999964       2354.57471    
  0.859999955       5126.60742    
  0.870000005      -190.870239    
  0.879999995      -4351.03760    
  0.889999986      -1664.96130    
  0.899999976       2739.19800    
  0.909999967       2649.74463    
  0.919999957      -770.664185    
  0.930000007      -2425.06738    
  0.939999998      -796.648071    
  0.949999988       1240.66260    
  0.959999979       1412.02075    
  0.969999969       61.0713501    
  0.979999959      -1027.71814    
  0.989999950      -612.707825    
   1.00000000       136.389374    
   1.00999999       348.943542    
