   9.99999978E-03   0.00000000    
   1.99999996E-02   0.00000000    
   2.99999993E-02   0.00000000    
   3.99999991E-02   0.00000000    
   4.99999970E-02   0.00000000    
   5.99999987E-02   0.00000000    
   7.00000003E-02   0.00000000    
   7.99999982E-02  -3.63797881E-12
   8.99999961E-02   2.72848411E-10
   9.99999940E-02  -9.61154001E-09
  0.109999999       2.11024599E-07
  0.119999997      -3.23019412E-06
  0.129999995       3.65199776E-05
  0.140000001      -3.14981386E-04
  0.149999991       2.10877787E-03
  0.159999996      -1.10277720E-02
  0.170000002       4.48468588E-02
  0.179999992     -0.139242023    
  0.189999998      0.315924823    
  0.199999988     -0.468312711    
  0.209999993      0.275467753    
  0.219999999      0.456856698    
  0.229999989      -1.02462935    
  0.239999995      0.184773266    
  0.250000000       1.33544064    
  0.259999990     -0.654125810    
  0.269999981      -1.50706005    
  0.280000001      0.482506514    
  0.289999992       1.63317382    
  0.299999982      0.423771262    
  0.310000002      -1.05771458    
  0.319999993      -1.23910356    
  0.329999983     -0.495323211    
  0.340000004      0.288914442    
  0.349999994      0.744081378    
  0.359999985      0.928170085    
  0.370000005      0.984044671    
  0.379999995      0.997181177    
  0.389999986      0.999605119    
  0.399999976      0.999956608    
  0.409999996      0.999996305    
  0.419999987      0.999999821    
  0.429999977       1.00000000    
  0.439999998       1.00000000    
  0.449999988       1.00000000    
  0.459999979       1.00000000    
  0.469999999       1.00000000    
  0.479999989       1.00000000    
  0.489999980       1.00000000    
  0.500000000       1.00000000    
  0.509999990       1.00000000    
  0.519999981       1.00000000    
  0.529999971       1.00000000    
  0.539999962       1.00000000    
  0.550000012       1.00000000    
  0.560000002       1.00000000    
  0.569999993       1.00000000    
  0.579999983       1.00000000    
  0.589999974       1.00000000    
  0.599999964       1.00000000    
  0.610000014      0.999999821    
  0.620000005       1.00000322    
  0.629999995      0.999963462    
  0.639999986       1.00031495    
  0.649999976      0.997891307    
  0.659999967       1.01102781    
  0.669999957      0.955153167    
  0.680000007       1.13924181    
  0.689999998      0.684075356    
  0.699999988       1.46831286    
  0.709999979      0.724532127    
  0.719999969      0.543143272    
  0.729999959       2.02462935    
  0.740000010      0.815226674    
  0.750000000     -0.335440636    
  0.759999990       1.65412593    
  0.769999981       2.50705981    
  0.779999971      0.517493486    
  0.789999962     -0.633173943    
  0.799999952      0.576228619    
  0.810000002       2.05771470    
  0.819999993       2.23910356    
  0.829999983       1.49532306    
  0.839999974      0.711085558    
  0.849999964      0.255918741    
  0.859999955       7.18298629E-02
  0.870000005       1.59552339E-02
  0.879999995       2.81868293E-03
  0.889999986       3.94923554E-04
  0.899999976       4.34221911E-05
  0.909999967       3.67201937E-06
  0.919999957       2.30800651E-07
  0.930000007       1.01645128E-08
  0.939999998       2.80124368E-10
  0.949999988       3.63797881E-12
  0.959999979       0.00000000    
  0.969999969       0.00000000    
  0.979999959       0.00000000    
  0.989999950       0.00000000    
   1.00000000       0.00000000    
   1.00999999       0.00000000    
