   9.99999978E-03  -64358280.0    
   1.99999996E-02  -66564780.0    
   2.99999993E-02   71813640.0    
   3.99999991E-02   78377856.0    
   4.99999970E-02  -78268728.0    
   5.99999987E-02  -57932688.0    
   7.00000003E-02   85782568.0    
   7.99999982E-02   12125846.0    
   8.99999961E-02  -93728280.0    
   9.99999940E-02   45828952.0    
  0.109999999       98451168.0    
  0.119999997      -102432016.    
  0.129999995      -94875744.0    
  0.140000001       149060336.    
  0.149999991       79516768.0    
  0.159999996      -183645728.    
  0.170000002      -53065312.0    
  0.179999992       208612656.    
  0.189999998       20702096.0    
  0.199999988      -227293792.    
  0.209999993       10215216.0    
  0.219999999       241598336.    
  0.229999989      -33496344.0    
  0.239999995      -251943200.    
  0.250000000       46122400.0    
  0.259999990       258250992.    
  0.269999981      -47746552.0    
  0.280000001      -260386560.    
  0.289999992       38760560.0    
  0.299999982       257800400.    
  0.310000002      -19149824.0    
  0.319999993      -249344576.    
  0.329999983      -10668384.0    
  0.340000004       233774080.    
  0.349999994       47913048.0    
  0.359999985      -210265424.    
  0.370000005      -86362992.0    
  0.379999995       178240592.    
  0.389999986       117379856.    
  0.399999976      -137003040.    
  0.409999996      -132774008.    
  0.419999987       86393888.0    
  0.429999977       128173384.    
  0.439999998      -28669864.0    
  0.449999988      -105273488.    
  0.459999979      -29830000.0    
  0.469999999       71810984.0    
  0.479999989       79066936.0    
  0.489999980      -39129732.0    
  0.500000000      -108299864.    
  0.509999990       18287512.0    
  0.519999981       110429176.    
  0.529999971      -16158244.0    
  0.539999962      -85327504.0    
  0.550000012       32868152.0    
  0.560000002       40125204.0    
  0.569999993      -61515880.0    
  0.579999983       13925588.0    
  0.589999974       90533920.0    
  0.599999964      -66315044.0    
  0.610000014      -108092512.    
  0.620000005       111082672.    
  0.629999995       106835432.    
  0.639999986      -147526592.    
  0.649999976      -86670000.0    
  0.659999967       177901072.    
  0.669999957       54065076.0    
  0.680000007      -204168944.    
  0.689999998      -18336312.0    
  0.699999988       226255632.    
  0.709999979      -12613088.0    
  0.719999969      -242769424.    
  0.729999959       34463200.0    
  0.740000010       253006912.    
  0.750000000      -45897512.0    
  0.759999990      -258033568.    
  0.769999981       46842624.0    
  0.779999971       259657696.    
  0.789999962      -37454176.0    
  0.799999952      -258271088.    
  0.810000002       18261216.0    
  0.819999993       251703984.    
  0.829999983       9437656.00    
  0.839999974      -236289216.    
  0.849999964      -43497656.0    
  0.859999955       209321136.    
  0.870000005       80684744.0    
  0.879999995      -171054720.    
  0.889999986      -115850192.    
  0.899999976       125022376.    
  0.909999967       141406400.    
  0.919999957      -76759760.0    
  0.930000007      -148657360.    
  0.939999998       31869900.0    
  0.949999988       131329608.    
  0.959999979       5565352.00    
  0.969999969      -89618552.0    
  0.979999959      -33667376.0    
  0.989999950       32178954.0    
   1.00000000       52643688.0    
   1.00999999       25576656.0    
