   9.99999978E-03  -79026.4141    
   1.99999996E-02  -40661.8047    
   2.99999993E-02   94169.3359    
   3.99999991E-02   34088.7812    
   4.99999970E-02  -86844.3750    
   5.99999987E-02   28159.9922    
   7.00000003E-02   61161.7578    
   7.99999982E-02  -111792.250    
   8.99999961E-02  -15430.9727    
   9.99999940E-02   174631.484    
  0.109999999      -54441.5312    
  0.119999997      -192634.469    
  0.129999995       145040.469    
  0.140000001       166653.875    
  0.149999991      -240779.719    
  0.159999996      -110627.805    
  0.170000002       322088.125    
  0.179999992       38647.1406    
  0.189999998      -378395.812    
  0.199999988       37567.5781    
  0.209999993       412054.406    
  0.219999999      -105787.734    
  0.229999989      -431356.188    
  0.239999995       154356.953    
  0.250000000       443289.719    
  0.259999990      -175932.250    
  0.269999981      -451611.688    
  0.280000001       167716.328    
  0.289999992       456652.656    
  0.299999982      -129210.906    
  0.310000002      -454499.938    
  0.319999993       63055.8438    
  0.329999983       437473.156    
  0.340000004       22176.1562    
  0.349999994      -395918.094    
  0.359999985      -111962.367    
  0.370000005       321889.750    
  0.379999995       188978.891    
  0.389999986      -216284.344    
  0.399999976      -236162.859    
  0.409999996       95198.8203    
  0.419999987       239077.500    
  0.429999977       13260.3594    
  0.439999998      -190538.469    
  0.449999988      -82699.5781    
  0.459999979       99132.2031    
  0.469999999       103617.625    
  0.479999989       5562.59375    
  0.489999980      -88565.5938    
  0.500000000      -81246.6172    
  0.509999990       63345.7695    
  0.519999981       94709.0469    
  0.529999971      -49883.2891    
  0.539999962      -42564.3203    
  0.550000012       51563.7930    
  0.560000002      -46491.2578    
  0.569999993      -50976.6172    
  0.579999983       130855.188    
  0.589999974       23016.2344    
  0.599999964      -180782.609    
  0.610000014       45034.6250    
  0.620000005       188913.453    
  0.629999995      -142448.516    
  0.639999986      -162326.672    
  0.649999976       242935.875    
  0.659999967       110026.656    
  0.669999957      -323828.438    
  0.680000007      -39868.1016    
  0.689999998       378219.719    
  0.699999988      -37070.0781    
  0.709999979      -411492.062    
  0.719999969       106059.219    
  0.729999959       431371.156    
  0.740000010      -154539.750    
  0.750000000      -443411.188    
  0.759999990       175865.531    
  0.769999981       451523.875    
  0.779999971      -167541.469    
  0.789999962      -456770.469    
  0.799999952       129245.031    
  0.810000002       454794.188    
  0.819999993      -63611.6406    
  0.829999983      -436980.312    
  0.839999974      -22005.2500    
  0.849999964       394690.625    
  0.859999955       113700.023    
  0.870000005      -322493.781    
  0.879999995      -191134.516    
  0.889999986       220610.812    
  0.899999976       233572.438    
  0.909999967      -98920.0391    
  0.919999957      -229668.625    
  0.930000007      -19411.4844    
  0.939999998       182955.141    
  0.949999988       101762.469    
  0.959999979      -109315.305    
  0.969999969      -121948.828    
  0.979999959       29719.9883    
  0.989999950       80090.0078    
   1.00000000       36962.5781    
   1.00999999      -9298.47070    
