   9.99977998E-03
   4.12041843E-02
   7.23684430E-02
  0.103462189    
  0.134455130    
  0.165317059    
  0.196017906    
  0.226527765    
  0.256816894    
  0.286855817    
  0.316615224    
  0.346066147    
  0.375179887    
  0.403928041    
  0.432282656    
  0.460216045    
  0.487701058    
  0.514710844    
  0.541219115    
  0.567200065    
  0.592628360    
  0.617479265    
  0.641728461    
  0.665352404    
  0.688328087    
  0.710633039    
  0.732245624    
  0.753144741    
  0.773310065    
  0.792721868    
  0.811361253    
  0.829210103    
  0.846251070    
  0.862467408    
  0.877843440    
  0.892364144    
  0.906015396    
  0.918783844    
  0.930657029    
  0.941623509    
  0.951672435    
  0.960794151    
  0.968979657    
  0.976221085    
  0.982511282    
  0.987844169    
  0.992214561    
  0.995618165    
  0.998051703    
  0.999512792    
   1.00000000    
  0.999512792    
  0.998051822    
  0.995618284    
  0.992214739    
  0.987844348    
  0.982511520    
  0.976221323    
  0.968979955    
  0.960794449    
  0.951672792    
  0.941623926    
  0.930657506    
  0.918784320    
  0.906015933    
  0.892364740    
  0.877844036    
  0.862468064    
  0.846251726    
  0.829210818    
  0.811362028    
  0.792722642    
  0.773310840    
  0.753145576    
  0.732246518    
  0.710633934    
  0.688328981    
  0.665353358    
  0.641729414    
  0.617480218    
  0.592629373    
  0.567201138    
  0.541220188    
  0.514711857    
  0.487702072    
  0.460217118    
  0.432283729    
  0.403929144    
  0.375180990    
  0.346067280    
  0.316616356    
  0.286856949    
  0.256818056    
  0.226528928    
  0.196019068    
  0.165318221    
  0.134456307    
  0.103463374    
   7.23696277E-02
   4.12053764E-02
