  -1.5707963705062866       -1.5707963705062866        0.0000000000000000        0.0000000000000000     
  -1.5607963707298040       -1.5607963707298040        0.0000000000000000        9.9997894014559625E-003
  -1.5286150022611482       -1.5286150022611482        0.0000000000000000        4.2168817026825484E-002
  -1.4964336337924924       -1.4964336337924924        0.0000000000000000        7.4294176687323077E-002
  -1.4642522653238366       -1.4642522653238366        0.0000000000000000       0.10634260093140367     
  -1.4320708968551807       -1.4320708968551807        0.0000000000000000       0.13828090197807733     
  -1.3998895283865249       -1.3998895283865249        0.0000000000000000       0.17007600608455234     
  -1.3677081599178691       -1.3677081599178691        0.0000000000000000       0.20169498779578601     
  -1.3355267914492133       -1.3355267914492133        0.0000000000000000       0.23310510404047580     
  -1.3033454229805574       -1.3033454229805574        0.0000000000000000       0.26427382803818289     
  -1.2711640545119016       -1.2711640545119016        0.0000000000000000       0.29516888298247546     
  -1.2389826860432458       -1.2389826860432458        0.0000000000000000       0.32575827546521108     
  -1.2068013175745900       -1.2068013175745900        0.0000000000000000       0.35601032860734561     
  -1.1746199491059341       -1.1746199491059341        0.0000000000000000       0.38589371486196034     
  -1.1424385806372783       -1.1424385806372783        0.0000000000000000       0.41537748845553762     
  -1.1102572121686225       -1.1102572121686225        0.0000000000000000       0.44443111743389069     
  -1.0780758436999667       -1.0780758436999667        0.0000000000000000       0.47302451527956213     
  -1.0458944752313108       -1.0458944752313108        0.0000000000000000       0.50112807206795074     
  -1.0137131067626550       -1.0137131067626550        0.0000000000000000       0.52871268512990088     
 -0.98153173829399931      -0.98153173829399931        0.0000000000000000       0.55574978918900386     
 -0.94935036982534360      -0.94935036982534360        0.0000000000000000       0.58221138594240152     
 -0.91716900135668789      -0.91716900135668789        0.0000000000000000       0.60807007305445926     
 -0.88498763288803217      -0.88498763288803217        0.0000000000000000       0.63329907253328510     
 -0.85280626441937646      -0.85280626441937646        0.0000000000000000       0.65787225846070818     
 -0.82062489595072075      -0.82062489595072075        0.0000000000000000       0.68176418404700290     
 -0.78844352748206503      -0.78844352748206503        0.0000000000000000       0.70495010798233904     
 -0.75626215901340932      -0.75626215901340932        0.0000000000000000       0.72740602005767330     
 -0.72408079054475361      -0.72408079054475361        0.0000000000000000       0.74910866602854687     
 -0.69189942207609789      -0.69189942207609789        0.0000000000000000       0.77003557169604453     
 -0.65971805360744218      -0.65971805360744218        0.0000000000000000       0.79016506617997562     
 -0.62753668513878647      -0.62753668513878647        0.0000000000000000       0.80947630436017826     
 -0.59535531667013075      -0.59535531667013075        0.0000000000000000       0.82794928846270610     
 -0.56317394820147504      -0.56317394820147504        0.0000000000000000       0.84556488876854519     
 -0.53099257973281933      -0.53099257973281933        0.0000000000000000       0.86230486342341583     
 -0.49881121126416356      -0.49881121126416356        0.0000000000000000       0.87815187732814470     
 -0.46662984279550779      -0.46662984279550779        0.0000000000000000       0.89308952009004572     
 -0.43444847432685202      -0.43444847432685202        0.0000000000000000       0.90710232301672022     
 -0.40226710585819625      -0.40226710585819625        0.0000000000000000       0.92017577513467885     
 -0.37008573738954048      -0.37008573738954048        0.0000000000000000       0.93229633821619562     
 -0.33790436892088471      -0.33790436892088471        0.0000000000000000       0.94345146079883491     
 -0.30572300045222894      -0.30572300045222894        0.0000000000000000       0.95362959118313184     
 -0.27354163198357317      -0.27354163198357317        0.0000000000000000       0.96282018939496750     
 -0.24136026351491741      -0.24136026351491741        0.0000000000000000       0.97101373810025104     
 -0.20917889504626164      -0.20917889504626164        0.0000000000000000       0.97820175246060503     
 -0.17699752657760587      -0.17699752657760587        0.0000000000000000       0.98437678891984937     
 -0.14481615810895010      -0.14481615810895010        0.0000000000000000       0.98953245291218395     
 -0.11263478964029434      -0.11263478964029434        0.0000000000000000       0.99366340548408882     
  -8.0453421171638589E-002  -8.0453421171638589E-002   0.0000000000000000       0.99676536882308242     
  -4.8272052702982834E-002  -4.8272052702982834E-002   0.0000000000000000       0.99883513068761609     
  -1.6090684234327080E-002  -1.6090684234327080E-002   0.0000000000000000       0.99987054773351358     
   1.6090684234328675E-002   1.6090684234328675E-002   0.0000000000000000       0.99987054773351358     
   4.8272052702984430E-002   4.8272052702984430E-002   0.0000000000000000       0.99883513068761609     
   8.0453421171640185E-002   8.0453421171640185E-002   0.0000000000000000       0.99676536882308231     
  0.11263478964029594       0.11263478964029594        0.0000000000000000       0.99366340548408860     
  0.14481615810895171       0.14481615810895171        0.0000000000000000       0.98953245291218372     
  0.17699752657760748       0.17699752657760748        0.0000000000000000       0.98437678891984903     
  0.20917889504626325       0.20917889504626325        0.0000000000000000       0.97820175246060470     
  0.24136026351491902       0.24136026351491902        0.0000000000000000       0.97101373810025071     
  0.27354163198357478       0.27354163198357478        0.0000000000000000       0.96282018939496705     
  0.30572300045223055       0.30572300045223055        0.0000000000000000       0.95362959118313129     
  0.33790436892088632       0.33790436892088632        0.0000000000000000       0.94345146079883435     
  0.37008573738954209       0.37008573738954209        0.0000000000000000       0.93229633821619506     
  0.40226710585819786       0.40226710585819786        0.0000000000000000       0.92017577513467819     
  0.43444847432685363       0.43444847432685363        0.0000000000000000       0.90710232301671956     
  0.46662984279550940       0.46662984279550940        0.0000000000000000       0.89308952009004494     
  0.49881121126416517       0.49881121126416517        0.0000000000000000       0.87815187732814393     
  0.53099257973282088       0.53099257973282088        0.0000000000000000       0.86230486342341506     
  0.56317394820147659       0.56317394820147659        0.0000000000000000       0.84556488876854441     
  0.59535531667013231       0.59535531667013231        0.0000000000000000       0.82794928846270521     
  0.62753668513878802       0.62753668513878802        0.0000000000000000       0.80947630436017737     
  0.65971805360744373       0.65971805360744373        0.0000000000000000       0.79016506617997473     
  0.69189942207609945       0.69189942207609945        0.0000000000000000       0.77003557169604353     
  0.72408079054475516       0.72408079054475516        0.0000000000000000       0.74910866602854576     
  0.75626215901341087       0.75626215901341087        0.0000000000000000       0.72740602005767219     
  0.78844352748206659       0.78844352748206659        0.0000000000000000       0.70495010798233793     
  0.82062489595072230       0.82062489595072230        0.0000000000000000       0.68176418404700179     
  0.85280626441937801       0.85280626441937801        0.0000000000000000       0.65787225846070707     
  0.88498763288803373       0.88498763288803373        0.0000000000000000       0.63329907253328388     
  0.91716900135668944       0.91716900135668944        0.0000000000000000       0.60807007305445804     
  0.94935036982534515       0.94935036982534515        0.0000000000000000       0.58221138594240018     
  0.98153173829400087       0.98153173829400087        0.0000000000000000       0.55574978918900253     
   1.0137131067626566        1.0137131067626566        0.0000000000000000       0.52871268512989955     
   1.0458944752313124        1.0458944752313124        0.0000000000000000       0.50112807206794940     
   1.0780758436999682        1.0780758436999682        0.0000000000000000       0.47302451527956080     
   1.1102572121686241        1.1102572121686241        0.0000000000000000       0.44443111743388930     
   1.1424385806372799        1.1424385806372799        0.0000000000000000       0.41537748845553624     
   1.1746199491059357        1.1746199491059357        0.0000000000000000       0.38589371486195889     
   1.2068013175745915        1.2068013175745915        0.0000000000000000       0.35601032860734411     
   1.2389826860432473        1.2389826860432473        0.0000000000000000       0.32575827546520958     
   1.2711640545119032        1.2711640545119032        0.0000000000000000       0.29516888298247401     
   1.3033454229805590        1.3033454229805590        0.0000000000000000       0.26427382803818139     
   1.3355267914492148        1.3355267914492148        0.0000000000000000       0.23310510404047430     
   1.3677081599178706        1.3677081599178706        0.0000000000000000       0.20169498779578449     
   1.3998895283865265        1.3998895283865265        0.0000000000000000       0.17007600608455081     
   1.4320708968551823        1.4320708968551823        0.0000000000000000       0.13828090197807577     
   1.4642522653238381        1.4642522653238381        0.0000000000000000       0.10634260093140213     
   1.4964336337924939        1.4964336337924939        0.0000000000000000        7.4294176687321523E-002
   1.5286150022611498        1.5286150022611498        0.0000000000000000        4.2168817026823936E-002
   1.5607963707298056        1.5607963707298056        0.0000000000000000        9.9997894014544082E-003
   1.5707963705062866        1.5707963705062866        0.0000000000000000        0.0000000000000000     
  -1.5707963705062866       -1.5707963705062866       0.20000000298023224        0.0000000000000000     
  -1.5607963707298040       -1.5624630140197537       0.20000000298023224        8.3332163255738934E-003
  -1.5286150022611482       -1.5356440165902869       0.20000000298023224        3.5145071121991209E-002
  -1.4964336337924924       -1.5088208049990277       0.20000000298023224        6.1935855109760435E-002
  -1.4642522653238366       -1.4819901619894214       0.20000000298023224        8.8689482006347659E-002
  -1.4320708968551807       -1.4551488667457577       0.20000000298023224       0.11538984773344216     
  -1.3998895283865249       -1.4282936933558290       0.20000000298023224       0.14202082273024527     
  -1.3677081599178691       -1.4014214092767896       0.20000000298023224       0.16856624428276976     
  -1.3355267914492133       -1.3745287738052911       0.20000000298023224       0.19500990887451530     
  -1.3033454229805574       -1.3476125365530698       0.20000000298023224       0.22133556456440479     
  -1.2711640545119016       -1.3206694359292612       0.20000000298023224       0.24752690339835975     
  -1.2389826860432458       -1.2936961976308696       0.20000000298023224       0.27356755386164494     
  -1.2068013175745900       -1.2666895331429653       0.20000000298023224       0.29944107337985687     
  -1.1746199491059341       -1.2396461382503816       0.20000000298023224       0.32513094087740879     
  -1.1424385806372783       -1.2125626915628915       0.20000000298023224       0.35062054940341275     
  -1.1102572121686225       -1.1854358530560893       0.20000000298023224       0.37589319883608907     
  -1.0780758436999667       -1.1582622626304775       0.20000000298023224       0.40093208867820040     
  -1.0458944752313108       -1.1310385386915693       0.20000000298023224       0.42572031095756546     
  -1.0137131067626550       -1.1037612767541591       0.20000000298023224       0.45024084324840918     
 -0.98153173829399931       -1.0764270480742975       0.20000000298023224       0.47447654183123927     
 -0.94935036982534360       -1.0490323983129339       0.20000000298023224       0.49841013501106191     
 -0.91716900135668789       -1.0215738462356569       0.20000000298023224       0.52202421661607834     
 -0.88498763288803217      -0.99404788245361075       0.20000000298023224       0.54530123970227129     
 -0.85280626441937646      -0.96645096821022181       0.20000000298023224       0.56822351048703656     
 -0.82062489595072075      -0.93877953422253635       0.20000000298023224       0.59077318255587163     
 -0.78844352748206503      -0.91102997957958654       0.20000000298023224       0.61293225135420526     
 -0.75626215901340932      -0.88319867070978930       0.20000000298023224       0.63468254902439292     
 -0.72408079054475361      -0.85528194042314243       0.20000000298023224       0.65600573961669684     
 -0.69189942207609789      -0.82727608703841182       0.20000000298023224       0.67688331472522223     
 -0.65971805360744218      -0.79917737360547514       0.20000000298023224       0.69729658959963592     
 -0.62753668513878647      -0.77098202723418341       0.20000000298023224       0.71722669978947406     
 -0.59535531667013075      -0.74268623854225924       0.20000000298023224       0.73665459838363345     
 -0.56317394820147504      -0.71428616123601008       0.20000000298023224       0.75556105391393813     
 -0.53099257973281933      -0.68577791183899994       0.20000000298023224       0.77392664899849739     
 -0.49881121126416356      -0.65715756958529747       0.20000000298023224       0.79173177980794673     
 -0.46662984279550779      -0.62842117649550733       0.20000000298023224       0.80895665644560422     
 -0.43444847432685202      -0.59956473765551022       0.20000000298023224       0.82558130434117094     
 -0.40226710585819625      -0.57058422171967316       0.20000000298023224       0.84158556676678231     
 -0.37008573738954048      -0.54147556165316291       0.20000000298023224       0.85694910854857531     
 -0.33790436892088471      -0.51223465578637817       0.20000000298023224       0.87165142133884899     
 -0.30572300045222894      -0.48285736910510180       0.20000000298023224       0.88567183006682559     
 -0.27354163198357317      -0.45333953493210027       0.20000000298023224       0.89898950134664801     
 -0.24136026351491741      -0.42367695694764357       0.20000000298023224       0.91158345357997883     
 -0.20917889504626164      -0.39386541161593158       0.20000000298023224       0.92343256908813220     
 -0.17699752657760587      -0.36390065105094749       0.20000000298023224       0.93451560844134041     
 -0.14481615810895010      -0.33377840636296741       0.20000000298023224       0.94481122719130217     
 -0.11263478964029434      -0.30349439152991631       0.20000000298023224       0.95429799522796166     
  -8.0453421171638589E-002 -0.27304430784079020       0.20000000298023224       0.96295441899661904     
  -4.8272052702982834E-002 -0.24242384896143390       0.20000000298023224       0.97075896682681961     
  -1.6090684234327080E-002 -0.21162870667602979       0.20000000298023224       0.97769009763979575     
   1.6090684234328675E-002 -0.18065457736067222       0.20000000298023224       0.98372629331634032     
   4.8272052702984430E-002 -0.14949716924831297       0.20000000298023224       0.98884609502153198     
   8.0453421171640185E-002 -0.11815221054709113       0.20000000298023224       0.99302814379638404     
  0.11263478964029594       -8.6615458476525117E-002  0.20000000298023224       0.99625122573880520     
  0.14481615810895171       -5.4882709288133297E-002  0.20000000298023224       0.99849432210670019     
  0.17699752657760748       -2.2949809338650571E-002  0.20000000298023224       0.99973666468405309     
  0.20917889504626325        9.1873327150272868E-003  0.20000000298023224       0.99995779675564755     
  0.24136026351491902        4.1532732529870907E-002  0.20000000298023224       0.99913764003692951     
  0.27354163198357478        7.4090315431230708E-002  0.20000000298023224       0.99725656790143946     
  0.30572300045223055       0.10686390044135759       0.20000000298023224       0.99429548523820765     
  0.33790436892088632       0.13985718291889029       0.20000000298023224       0.99023591525431520     
  0.37008573738954209       0.17307371575139008       0.20000000298023224       0.98506009351222079     
  0.40226710585819786       0.20651688905009871       0.20000000298023224       0.97875106945596824     
  0.43444847432685363       0.24018990830545764       0.20000000298023224       0.97129281563358916     
  0.46662984279550940       0.27409577097387894       0.20000000298023224       0.96267034476324631     
  0.49881121126416517       0.30823724148112308       0.20000000298023224       0.95286983471634346     
  0.53099257973282088       0.34261682464574089       0.20000000298023224       0.94187876140031268     
  0.56317394820147659       0.37723673754768977       0.20000000298023224       0.92968603941553263     
  0.59535531667013231       0.41209887989271671       0.20000000298023224       0.91628217023340963     
  0.62753668513878802       0.44720480295265058       0.20000000298023224       0.90165939749491519     
  0.65971805360744373       0.48255567719552611       0.20000000298023224       0.88581186885996266     
  0.69189942207609945       0.51815225875753290       0.20000000298023224       0.86873580364766045     
  0.72408079054475516       0.55399485495108880       0.20000000298023224       0.85042966529594233     
  0.75626215901341087       0.59008328904964136       0.20000000298023224       0.83089433743755714     
  0.78844352748206659       0.62641686463969282       0.20000000298023224       0.81013330213994195     
  0.82062489595072230       0.66299432988335250       0.20000000298023224       0.78815281859245678     
  0.85280626441937801       0.69981384208954167       0.20000000298023224       0.76496210025035816     
  0.88498763288803373       0.73687293304757573       0.20000000298023224       0.74057348816688506     
  0.91716900135668944       0.77416847563171864       0.20000000298023224       0.71500261797048470     
  0.94935036982534515       0.81169665223758214       0.20000000298023224       0.68826857768281402     
  0.98153173829400087       0.84945292565878250       0.20000000298023224       0.66039405333545365     
   1.0137131067626566       0.88743201305263686       0.20000000298023224       0.63140545914142410     
   1.0458944752313124       0.92562786367422978       0.20000000298023224       0.60133304882485239     
   1.0780758436999682       0.96403364107613365       0.20000000298023224       0.57021100462236674     
   1.1102572121686241        1.0026417104736292       0.20000000298023224       0.53807750045699487     
   1.1424385806372799        1.0414436319597866       0.20000000298023224       0.50497473586275632     
   1.1746199491059357        1.0804301602188930       0.20000000298023224       0.47094893741752725     
   1.2068013175745915        1.1195912513285733       0.20000000298023224       0.43605032473243499     
   1.2389826860432473        1.1589160771594313       0.20000000298023224       0.40033303845365287     
   1.2711640545119032        1.1983930477758236       0.20000000298023224       0.36385502825853566     
   1.3033454229805590        1.2380098421133043       0.20000000298023224       0.32667789946839326     
   1.3355267914492148        1.2777534470592966       0.20000000298023224       0.28886671764514155     
   1.3677081599178706        1.3176102048968690       0.20000000298023224       0.25048977137241990     
   1.3998895283865265        1.3575658688915957       0.20000000298023224       0.21161829432129556     
   1.4320708968551823        1.3976056666139034       0.20000000298023224       0.17232614863853477     
   1.4642522653238381        1.4377143704005624       0.20000000298023224       0.13268947263915148     
   1.4964336337924939        1.4778763741761962       0.20000000298023224        9.2786296698865081E-002
   1.5286150022611498        1.5180757756862358       0.20000000298023224        5.2696132089336531E-002
   1.5607963707298056        1.5582964630438798       0.20000000298023224        1.2499538243371286E-002
   1.5707963705062866        1.5707963705062866       0.20000000298023224        0.0000000000000000     
  -1.5707963705062866       -1.5707963705062866       0.40000000596046448        0.0000000000000000     
  -1.5607963707298040       -1.5636534837107929       0.40000000596046448        7.1427823460364897E-003
  -1.5286150022611482       -1.5406655068507387       0.40000000596046448        3.0126261025059851E-002
  -1.4964336337924924       -1.5176729797471773       0.40000000596046448        5.3098364095484983E-002
  -1.4642522653238366       -1.4946724261319022       0.40000000596046448        7.6050400886924829E-002
  -1.4320708968551807       -1.4716603618492596       0.40000000596046448        9.8973661010374761E-002
  -1.3998895283865249       -1.4486332914190718       0.40000000596046448       0.12185940576552061     
  -1.3677081599178691       -1.4255877045741749       0.40000000596046448       0.14469885948458358     
  -1.3355267914492133       -1.4025200727647602       0.40000000596046448       0.16748320079317316     
  -1.3033454229805574       -1.3794268456215892       0.40000000596046448       0.19020355376832568     
  -1.2711640545119016       -1.3563044473700190       0.40000000596046448       0.21285097897356667     
  -1.2389826860432458       -1.3331492731865959       0.40000000596046448       0.23541646435039665     
  -1.2068013175745900       -1.3099576854897870       0.40000000596046448       0.25789091594511837     
  -1.1746199491059341       -1.2867260101561828       0.40000000596046448       0.28026514844934552     
  -1.1424385806372783       -1.2634505326532557       0.40000000596046448       0.30252987553189697     
  -1.1102572121686225       -1.2401274940794695       0.40000000596046448       0.32467569993907264     
  -1.0780758436999667       -1.2167530871022170       0.40000000596046448       0.34669310333949593     
  -1.0458944752313108       -1.1933234517837172       0.40000000596046448       0.36857243588885868     
  -1.0137131067626550       -1.1698346712846217       0.40000000596046448       0.39030390548893529     
 -0.98153173829399931       -1.1462827674346612       0.40000000596046448       0.41187756671420067     
 -0.94935036982534360       -1.1226636961592253       0.40000000596046448       0.43328330937827991     
 -0.91716900135668789       -1.0989733427502757       0.40000000596046448       0.45451084671123015     
 -0.88498763288803217       -1.0752075169694864       0.40000000596046448       0.47554970311739270     
 -0.85280626441937646       -1.0513619479709435       0.40000000596046448       0.49638920148214211     
 -0.82062489595072075       -1.0274322790301627       0.40000000596046448       0.51701844999442947     
 -0.78844352748206503       -1.0034140620656165       0.40000000596046448       0.53742632845060223     
 -0.75626215901340932      -0.97930275193775951       0.40000000596046448       0.55760147400196602     
 -0.72408079054475361      -0.95509370051182685       0.40000000596046448       0.57753226631178167     
 -0.69189942207609789      -0.93078215046599189       0.40000000596046448       0.59720681207566007     
 -0.65971805360744218      -0.90636322883070064       0.40000000596046448       0.61661292886989749     
 -0.62753668513878647      -0.88183194024025191       0.40000000596046448       0.63573812828042731     
 -0.59535531667013075      -0.85718315987889959       0.40000000596046448       0.65456959826807504     
 -0.56317394820147504      -0.83241162610239328       0.40000000596046448       0.67309418472241067     
 -0.53099257973281933      -0.80751193271515376       0.40000000596046448       0.69129837215468759     
 -0.49881121126416356      -0.78247852088250136       0.40000000596046448       0.70916826347841389     
 -0.46662984279550779      -0.75730567065660936       0.40000000596046448       0.72668955882423569     
 -0.43444847432685202      -0.73198749209415681       0.40000000596046448       0.74384753333406994     
 -0.40226710585819625      -0.70651791594303515       0.40000000596046448       0.76062701387787146     
 -0.37008573738954048      -0.68089068385947182       0.40000000596046448       0.77701235459644202     
 -0.33790436892088471      -0.65509933820795341       0.40000000596046448       0.79298741140123852     
 -0.30572300045222894      -0.62913721125726685       0.40000000596046448       0.80853551496447673     
 -0.27354163198357317      -0.60299741393938089       0.40000000596046448       0.82363944261633515     
 -0.24136026351491741      -0.57667282402011011       0.40000000596046448       0.83828138877161562     
 -0.20917889504626164      -0.55015607370489483       0.40000000596046448       0.85244293394419346     
 -0.17699752657760587      -0.52343953665110510       0.40000000596046448       0.86610501227777770     
 -0.14481615810895010      -0.49651531436712637       0.40000000596046448       0.87924787754362632     
 -0.11263478964029434      -0.46937522198107834       0.40000000596046448       0.89185106756234345     
  -8.0453421171638589E-002 -0.44201077336556521       0.40000000596046448       0.90389336701575573     
  -4.8272052702982834E-002 -0.41441316560957814       0.40000000596046448       0.91535276862666903     
  -1.6090684234327080E-002 -0.38657326283483195       0.40000000596046448       0.92620643269971081     
   1.6090684234328675E-002 -0.35848157936174913       0.40000000596046448       0.93643064503629059     
   4.8272052702984430E-002 -0.33012826224039127       0.40000000596046448       0.94600077326192922     
   8.0453421171640185E-002 -0.30150307317436081       0.40000000596046448       0.95489122163601448     
  0.11263478964029594      -0.27259536988161659       0.40000000596046448       0.96307538445383978     
  0.14481615810895171      -0.24339408695594958       0.40000000596046448       0.97052559820029494     
  0.17699752657760748      -0.21388771631737569       0.40000000596046448       0.97721309267584811     
  0.20917889504626325      -0.18406428736989067       0.40000000596046448       0.98310794139093483     
  0.24136026351491902      -0.15391134702207043       0.40000000596046448       0.98817901161745891     
  0.27354163198357478      -0.12341593977128121       0.40000000596046448       0.99239391459931836     
  0.30572300045223055       -9.2564588107424933E-002  0.40000000596046448       0.99571895656177012     
  0.33790436892088632       -6.1343273559130058E-002  0.40000000596046448       0.99811909132690746     
  0.37008573738954209       -2.9737418786378898E-002  0.40000000596046448       0.99955787554522946     
  0.40226710585819786        2.2681287786185437E-003  0.40000000596046448       0.99999742779782541     
  0.43444847432685363        3.4689111122878979E-002  0.40000000596046448       0.99939839311774004     
  0.46662984279550940        6.7541870916117505E-002  0.40000000596046448       0.99771991483129441     
  0.49881121126416517       0.10084335891783856       0.40000000596046448       0.99491961604035895     
  0.53099257973282088       0.13461113640004363       0.40000000596046448       0.99095359356558388     
  0.56317394820147659       0.16886337122176448       0.40000000596046448       0.98577642776006680     
  0.59535531667013231       0.20361882591483046       0.40000000596046448       0.97934121229493332     
  0.62753668513878802       0.23889683581773424       0.40000000596046448       0.97159960882467200     
  0.65971805360744373       0.27471727495792131       0.40000000596046448       0.96250193228140957     
  0.69189942207609945       0.31110050673048439       0.40000000596046448       0.95199727417817281     
  0.72408079054475516       0.34806731656370343       0.40000000596046448       0.94003367094503609     
  0.75626215901341087       0.38563882227605939       0.40000000596046448       0.92655832803658367     
  0.78844352748206659       0.42383635814331228       0.40000000596046448       0.91151790976421043     
  0.82062489595072230       0.46268132759677105       0.40000000596046448       0.89485890755044128     
  0.85280626441937801       0.50219501903030006       0.40000000596046448       0.87652810041140838     
  0.88498763288803373       0.54239837861754747       0.40000000596046448       0.85647312291377153     
  0.91716900135668944       0.58331173359385624       0.40000000596046448       0.83464315696993074     
  0.94935036982534515       0.62495445920863302       0.40000000596046448       0.81098976445709114     
  0.98153173829400087       0.66734458262597274       0.40000000596046448       0.78546787746568691     
   1.0137131067626566       0.71049831760314175       0.40000000596046448       0.75803696160315615     
   1.0458944752313124       0.75442952500584048       0.40000000596046448       0.72866236470576440     
   1.0780758436999682       0.79914909635852216       0.40000000596046448       0.69731685796278431     
   1.1102572121686241       0.84466426093161173       0.40000000596046448       0.66398236819842249     
   1.1424385806372799       0.89097782158356409       0.40000000596046448       0.62865188826664631     
   1.1746199491059357       0.93808733090013330       0.40000000596046448       0.59133153670297944     
   1.2068013175745915       0.98598422717963030       0.40000000596046448       0.55204271776132552     
   1.2389826860432473        1.0346529593604012       0.40000000596046448       0.51082430909523990     
   1.2711640545119032        1.0840701406125584       0.40000000596046448       0.46773477777857075     
   1.3033454229805590        1.1342037811334478       0.40000000596046448       0.42285409831676096     
   1.3355267914492148        1.1850126603223936       0.40000000596046448       0.37628532220996480     
   1.3677081599178706        1.2364459051311063       0.40000000596046448       0.32815563207701087     
   1.3998895283865265        1.2884428428631387       0.40000000596046448       0.27861670965675689     
   1.4320708968551823        1.3409331909473312       0.40000000596046448       0.22784426137448366     
   1.4642522653238381        1.3938376317107031       0.40000000596046448       0.17603658140968814     
   1.4964336337924939        1.4470687965495372       0.40000000596046448       0.12341209126840830     
   1.5286150022611498        1.5005326524314349       0.40000000596046448        7.0205873528138243E-002
   1.5607963707298056        1.5541302475292853       0.40000000596046448        1.6665307752968289E-002
   1.5707963705062866        1.5707963705062866       0.40000000596046448        0.0000000000000000     
  -1.5707963705062866       -1.5707963705062866       0.60000000894069672        0.0000000000000000     
  -1.5607963707298040       -1.5645463390304695       0.60000000894069672        6.2499470746442470E-003
  -1.5286150022611482       -1.5444318538008448       0.60000000894069672        2.6361418840011891E-002
  -1.4964336337924924       -1.5243133674732812       0.60000000894069672        4.6466222108913963E-002
  -1.4642522653238366       -1.5041878227525376       0.60000000894069672        6.6559261389358096E-002
  -1.4320708968551807       -1.4840521544756746       0.60000000894069672        8.6635428076521317E-002
  -1.3998895283865249       -1.4639032861770798       0.60000000894069672       0.10668959472779256     
  -1.3677081599178691       -1.4437381266210993       0.60000000894069672       0.12671660928382580     
  -1.3355267914492133       -1.4235535662922094       0.60000000894069672       0.14671128921882501     
  -1.3033454229805574       -1.4033464738324364       0.60000000894069672       0.16666841560291196     
  -1.2711640545119016       -1.3831136924154459       0.60000000894069672       0.18658272705894119     
  -1.2389826860432458       -1.3628520360463812       0.60000000894069672       0.20644891359556375     
  -1.2068013175745900       -1.3425582857761280       0.60000000894069672       0.22626161029766934     
  -1.1746199491059341       -1.3222291858182085       0.60000000894069672       0.24601539085454222     
  -1.1424385806372783       -1.3018614395559704       0.60000000894069672       0.26570476090517742     
  -1.1102572121686225       -1.2814517054271231       0.60000000894069672       0.28532415117917309     
  -1.0780758436999667       -1.2609965926719753       0.60000000894069672       0.30486791041046180     
  -1.0458944752313108       -1.2404926569309571       0.60000000894069672       0.32433029799984575     
  -1.0137131067626550       -1.2199363956761227       0.60000000894069672       0.34370547640083537     
 -0.98153173829399931       -1.1993242434603724       0.60000000894069672       0.36298750320168643     
 -0.94935036982534360       -1.1786525669670322       0.60000000894069672       0.38217032287469949     
 -0.91716900135668789       -1.1579176598412375       0.60000000894069672       0.40124775816185854     
 -0.88498763288803217       -1.1371157372832159       0.60000000894069672       0.42021350106363714     
 -0.85280626441937646       -1.1162429303820951       0.60000000894069672       0.43906110339534410     
 -0.82062489595072075       -1.0952952801672045       0.60000000894069672       0.45778396687262685     
 -0.78844352748206503       -1.0742687313520272       0.60000000894069672       0.47637533268472460     
 -0.75626215901340932       -1.0531591257439334       0.60000000894069672       0.49482827051069106     
 -0.72408079054475361       -1.0319621952905984       0.60000000894069672       0.51313566693009072     
 -0.69189942207609789       -1.0106735547315198       0.60000000894069672       0.53129021317552871     
 -0.65971805360744218      -0.98928869382031281       0.60000000894069672       0.54928439216980918     
 -0.62753668513878647      -0.96780296908040575       0.60000000894069672       0.56711046478542770     
 -0.59535531667013075      -0.94621159505337649       0.60000000894069672       0.58476045525846643     
 -0.56317394820147504      -0.92450963499541805       0.60000000894069672       0.60222613568270300     
 -0.53099257973281933      -0.90269199097323827       0.60000000894069672       0.61949900950277692     
 -0.49881121126416356      -0.88075339330605462       0.60000000894069672       0.63657029391751518     
 -0.46662984279550779      -0.85868838929517177       0.60000000894069672       0.65343090109589408     
 -0.43444847432685202      -0.83649133117686336       0.60000000894069672       0.67007141809851001     
 -0.40226710585819625      -0.81415636322784601       0.60000000894069672       0.68648208538670275     
 -0.37008573738954048      -0.79167740794546104       0.60000000894069672       0.70265277378952540     
 -0.33790436892088471      -0.76904815121664738       0.60000000894069672       0.71857295978536628     
 -0.30572300045222894      -0.74626202638082795       0.60000000894069672       0.73423169894009344     
 -0.27354163198357317      -0.72331219705013428       0.60000000894069672       0.74961759727409583     
 -0.24136026351491741      -0.70019153872469109       0.60000000894069672       0.76471878062109166     
 -0.20917889504626164      -0.67689261874490358       0.60000000894069672       0.77952286121527414     
 -0.17699752657760587      -0.65340767482083706       0.60000000894069672       0.79401690190694485     
 -0.14481615810895010      -0.62972859172272611       0.60000000894069672       0.80818737731336299     
 -0.11263478964029434      -0.60584687604707554       0.60000000894069672       0.82202013176224753     
  -8.0453421171638589E-002 -0.58175362884569848       0.60000000894069672       0.83550033367350807     
  -4.8272052702982834E-002 -0.55743951589575136       0.60000000894069672       0.84861242600930364     
  -1.6090684234327080E-002 -0.53289473536242360       0.60000000894069672       0.86134007237852683     
   1.6090684234328675E-002 -0.50810898257598436       0.60000000894069672       0.87366609833188236     
   4.8272052702984430E-002 -0.48307141161089551       0.60000000894069672       0.88557242732707564     
   8.0453421171640185E-002 -0.45777059331606246       0.60000000894069672       0.89704001077923323     
  0.11263478964029594      -0.43219446940134404       0.60000000894069672       0.90804875153841902     
  0.14481615810895171      -0.40633030213539245       0.60000000894069672       0.91857742005270326     
  0.17699752657760748      -0.38016461915286209       0.60000000894069672       0.92860356238017805     
  0.20917889504626325      -0.35368315280399260       0.60000000894069672       0.93810339910492979     
  0.24136026351491902      -0.32687077340537413       0.60000000894069672       0.94705171408831845     
  0.27354163198357478      -0.29971141566605530       0.60000000894069672       0.95542173184582346     
  0.30572300045223055      -0.27218799746657374       0.60000000894069672       0.96318498217876580     
  0.33790436892088632      -0.24428233005838174       0.60000000894069672       0.97031115050668404     
  0.37008573738954209      -0.21597501862572893       0.60000000894069672       0.97676791213714231     
  0.40226710585819786      -0.18724535200950018       0.60000000894069672       0.98252074847213000     
  0.43444847432685363      -0.15807118023086117       0.60000000894069672       0.98753274288080684     
  0.46662984279550940      -0.12842877827003008       0.60000000894069672       0.99176435366412541     
  0.49881121126416517       -9.8292694350482879E-002  0.60000000894069672       0.99517316119517785     
  0.53099257973282088       -6.7635580750477556E-002  0.60000000894069672       0.99771358593840653     
  0.56317394820147659       -3.6428004912063203E-002  0.60000000894069672       0.99933657363129103     
  0.59535531667013231       -4.6382383056647021E-003  0.60000000894069672       0.99998924339199402     
  0.62753668513878802        2.7767979544958091E-002  0.60000000894069672       0.99961449442763306     
  0.65971805360744373        6.0827705396841562E-002  0.60000000894069672       0.99815056547740111     
  0.69189942207609945        9.4581087838835592E-002  0.60000000894069672       0.99553054222754533     
  0.72408079054475516       0.12907169802332513       0.60000000894069672       0.99168180609183954     
  0.75626215901341087       0.16434689921878967       0.60000000894069672       0.98652541829066109     
  0.78844352748206659       0.20045825895870867       0.60000000894069672       0.97997543293615808     
  0.82062489595072230       0.23746200724628011       0.60000000894069672       0.97193813335773027     
  0.85280626441937801       0.27541954351074266       0.60000000894069672       0.96231118717483821     
  0.88498763288803373       0.31439799350021341       0.60000000894069672       0.95098271814228696     
  0.91716900135668944       0.35447081461295904       0.60000000894069672       0.93783029726479028     
  0.94935036982534515       0.39571844367315034       0.60000000894069672       0.92271986317072729     
  0.98153173829400087       0.43822897388916804       0.60000000894069672       0.90550459384831816     
   1.0137131067626566       0.48209883626930106       0.60000000894069672       0.88602377095280949     
   1.0458944752313124       0.52743344302551753       0.60000000894069672       0.86410170746687265     
   1.0780758436999682       0.57434772346762397       0.60000000894069672       0.83954685454368405     
   1.1102572121686241       0.62296644236720045       0.60000000894069672       0.81215127090037564     
   1.1424385806372799       0.67342413109740873       0.60000000894069672       0.78169073758501895     
   1.1746199491059357       0.72586437597326869       0.60000000894069672       0.74792594407614665     
   1.2068013175745915       0.78043808852306251       0.60000000894069672       0.71060537116370315     
   1.2389826860432473       0.83730022352564781       0.60000000894069672       0.66947076088677415     
   1.2711640545119032       0.89660421605785900       0.60000000894069672       0.62426638812111290     
   1.3033454229805590       0.95849320473352984       0.60000000894069672       0.57475368851388453     
   1.3355267914492148        1.0230869677068923       0.60000000894069672       0.52073303181101060     
   1.3677081599178706        1.0904635778048772       0.60000000894069672       0.46207429663621208     
   1.3998895283865265        1.1606353500612510       0.60000000894069672       0.39875695793351745     
   1.4320708968551823        1.2335200743685388       0.60000000894069672       0.33091803254667618     
   1.4642522653238381        1.3089110715976402       0.60000000894069672       0.25890198568572298     
   1.4964336337924939        1.3864530403355686       0.60000000894069672       0.18330098636347802     
   1.5286150022611498        1.4656336062134372       0.60000000894069672       0.10496899184869443     
   1.5607963707298056        1.5458003403199780       0.60000000894069672        2.4993383643948819E-002
   1.5707963705062866        1.5707963705062866       0.60000000894069672        0.0000000000000000     
  -1.5707963705062866       -1.5707963705062866       0.80000001192092896        0.0000000000000000     
  -1.5607963707298040       -1.5652407829832069       0.80000001192092896        5.5555152339699506E-003
  -1.5286150022611482       -1.5473613044189500       0.80000001192092896        2.3432877348075191E-002
  -1.4964336337924924       -1.5294784953812794       0.80000001192092896        4.1306076370475314E-002
  -1.4642522653238366       -1.5115898110493138       0.80000001192092896        5.9171931275116031E-002
  -1.4320708968551807       -1.4936927001204208       0.80000001192092896        7.7027252933754523E-002
  -1.3998895283865249       -1.4757846019798151       0.80000001192092896        9.4868840577956831E-002
  -1.3677081599178691       -1.4578629438428377       0.80000001192092896       0.11269347822694702     
  -1.3355267914492133       -1.4399251378614129       0.80000001192092896       0.13049793107067878     
  -1.3033454229805574       -1.4219685781859854       0.80000001192092896       0.14827894179725656     
  -1.2711640545119016       -1.4039906379739806       0.80000001192092896       0.16603322685351085     
  -1.2389826860432458       -1.3859886663355288       0.80000001192092896       0.18375747262715397     
  -1.2068013175745900       -1.3679599852068363       0.80000001192092896       0.20144833153849381     
  -1.1746199491059341       -1.3499018861411560       0.80000001192092896       0.21910241802914690     
  -1.1424385806372783       -1.3318116270068394       0.80000001192092896       0.23671630443460356     
  -1.1102572121686225       -1.3136864285813912       0.80000001192092896       0.25428651672679647     
  -1.0780758436999667       -1.2955234710298267       0.80000001192092896       0.27180953011204739     
  -1.0458944752313108       -1.2773198902549288       0.80000001192092896       0.28928176446888820     
  -1.0137131067626550       -1.2590727741062093       0.80000001192092896       0.30669957960926297     
 -0.98153173829399931       -1.2407791584334977       0.80000001192092896       0.32405927034551357     
 -0.94935036982534360       -1.2224360229700859       0.80000001192092896       0.34135706134431132     
 -0.91716900135668789       -1.2040402870292632       0.80000001192092896       0.35858910174732517     
 -0.88498763288803217       -1.1855888049968408       0.80000001192092896       0.37575145953687777     
 -0.85280626441937646       -1.1670783616008953       0.80000001192092896       0.39284011562312465     
 -0.82062489595072075       -1.1485056669384461       0.80000001192092896       0.40985095762740154     
 -0.78844352748206503       -1.1298673512370749       0.80000001192092896       0.42677977333424816     
 -0.75626215901340932       -1.1111599593276131       0.80000001192092896       0.44362224378226822     
 -0.72408079054475361       -1.0923799448019147       0.80000001192092896       0.46037393596134513     
 -0.69189942207609789       -1.0735236638273926       0.80000001192092896       0.47703029508081307     
 -0.65971805360744218       -1.0545873685873703       0.80000001192092896       0.49358663636989619     
 -0.62753668513878647       -1.0355672003133878       0.80000001192092896       0.51003813636809114     
 -0.59535531667013075       -1.0164591818723259       0.80000001192092896       0.52637982365907332     
 -0.56317394820147504      -0.99725920986768968       0.80000001192092896       0.54260656899730031     
 -0.53099257973281933      -0.97796304620930763       0.80000001192092896       0.55871307477013676     
 -0.49881121126416356      -0.95856630910454643       0.80000001192092896       0.57469386373687270     
 -0.46662984279550779      -0.93906446341211469       0.80000001192092896       0.59054326697097825     
 -0.43444847432685202      -0.91945281030230286       0.80000001192092896       0.60625541093540392     
 -0.40226710585819625      -0.89972647615409662       0.80000001192092896       0.62182420360397272     
 -0.37008573738954048      -0.87988040061565576       0.80000001192092896       0.63724331953697855     
 -0.33790436892088471      -0.85990932374531448       0.80000001192092896       0.65250618380743741     
 -0.30572300045222894      -0.83980777214093671       0.80000001192092896       0.66760595466278083     
 -0.27354163198357317      -0.81957004395473154       0.80000001192092896       0.68253550479337644     
 -0.24136026351491741      -0.79919019267845515       0.80000001192092896       0.69728740106403031     
 -0.20917889504626164      -0.77866200957004628       0.80000001192092896       0.71185388254728132     
 -0.17699752657760587      -0.75797900454350975       0.80000001192092896       0.72622683663575671     
 -0.14481615810895010      -0.73713438552058275       0.80000001192092896       0.74039777323175426     
 -0.11263478964029434      -0.71612103571640662       0.80000001192092896       0.75435779635433320     
  -8.0453421171638589E-002 -0.69493148905102131       0.80000001192092896       0.76809757340368268     
  -4.8272052702982834E-002 -0.67355790318434239       0.80000001192092896       0.78160730145484303     
  -1.6090684234327080E-002 -0.65199203000283046       0.80000001192092896       0.79487667036604392     
   1.6090684234328675E-002 -0.63022518323836185       0.80000001192092896       0.80789482230229215     
   4.8272052702984430E-002 -0.60824820287125292       0.80000001192092896       0.82065030723915411     
   8.0453421171640185E-002 -0.58605141591911758       0.80000001192092896       0.83313103394882737     
  0.11263478964029594      -0.56362459315446534       0.80000001192092896       0.84532421589713924     
  0.14481615810895171      -0.54095690122502160       0.80000001192092896       0.85721631139394816     
  0.17699752657760748      -0.51803684956964280       0.80000001192092896       0.86879295723803895     
  0.20917889504626325      -0.49485223142694740       0.80000001192092896       0.88003889497791188     
  0.24136026351491902      -0.47139005812033313       0.80000001192092896       0.89093788876805613     
  0.27354163198357478      -0.44763648566813363       0.80000001192092896       0.90147263363164654     
  0.30572300045223055      -0.42357673260661227       0.80000001192092896       0.91162465273928772     
  0.33790436892088632      -0.39919498772045414       0.80000001192092896       0.92137418207213029     
  0.37008573738954209      -0.37447430614306970       0.80000001192092896       0.93070004054725353     
  0.40226710585819786      -0.34939649200814960       0.80000001192092896       0.93957948333210906     
  0.43444847432685363      -0.32394196549278309       0.80000001192092896       0.94798803564842338     
  0.46662984279550940      -0.29808961167617509       0.80000001192092896       0.95589930384559596     
  0.49881121126416517      -0.27181660812742592       0.80000001192092896       0.96328475988542739     
  0.53099257973282088      -0.24509822750629282       0.80000001192092896       0.97011349459307461     
  0.56317394820147659      -0.21790761068028092       0.80000001192092896       0.97635193405341925     
  0.59535531667013231      -0.19021550488789910       0.80000001192092896       0.98196351231514267     
  0.62753668513878802      -0.16198996025627493       0.80000001192092896       0.98690829203774910     
  0.65971805360744373      -0.13319597638971808       0.80000001192092896       0.99114252272727765     
  0.69189942207609945      -0.10379508907172565       0.80000001192092896       0.99461812411381634     
  0.72408079054475516       -7.3744883847374071E-002  0.80000001192092896       0.99728207812950054     
  0.75626215901341087       -4.2998421144409792E-002  0.80000001192092896       0.99907571030988762     
  0.78844352748206659       -1.1503552335261878E-002  0.80000001192092896       0.99993383487148535     
  0.82062489595072230        2.0797898834101870E-002  0.80000001192092896       0.99978373149783695     
  0.85280626441937801        5.3971122541212384E-002  0.80000001192092896       0.99854391246824326     
  0.88498763288803373        8.8089519800935198E-002  0.80000001192092896       0.99612262651548944     
  0.91716900135668944       0.12323616615664534       0.80000001192092896       0.99241602921190386     
  0.94935036982534515       0.15950561643241778       0.80000001192092896       0.98730592702915443     
  0.98153173829400087       0.19700614986576415       0.80000001192092896       0.98065697092236825     
   1.0137131067626566       0.23586258994417508       0.80000001192092896       0.97231313153450716     
   1.0458944752313124       0.27621988283002025       0.80000001192092896       0.96209322616530901     
   1.0780758436999682       0.31824768935754832       0.80000001192092896       0.94978517877512281     
   1.1102572121686241       0.36214634896212650       0.80000001192092896       0.93513856507347148     
   1.1424385806372799       0.40815472623920901       0.80000001192092896       0.91785480432048616     
   1.1746199491059357       0.45656067820228630       0.80000001192092896       0.89757407525466582     
   1.2068013175745915       0.50771522339833930       0.80000001192092896       0.87385760469882223     
   1.2389826860432473       0.56205201536048000       0.80000001192092896       0.84616332574464304     
   1.2711640545119032       0.62011451227651615       0.80000001192092896       0.81381191566749123     
   1.3033454229805590       0.68259440660358173       0.80000001192092896       0.77593875890883302     
   1.3355267914492148       0.75038648690931653       0.80000001192092896       0.73142536977578554     
   1.3677081599178706       0.82466682037996297       0.80000001192092896       0.67880166430745159     
   1.3998895283865265       0.90700087814245056       0.80000001192092896       0.61611080362432846     
   1.4320708968551823       0.99947710208150675       0.80000001192092896       0.54074223540940725     
   1.4642522653238381        1.1048061909701086       0.80000001192092896       0.44930758624695716     
   1.4964336337924939        1.2261199306251256       0.80000001192092896       0.33789212392422546     
   1.5286150022611498        1.3656346079483304       0.80000001192092896       0.20372548985527789     
   1.5607963707298056        1.5208794515611610       0.80000001192092896        4.9896148217295197E-002
   1.5707963705062866        1.5707963705062866       0.80000001192092896        0.0000000000000000     
  -1.5707963705062866       -1.5707963705062866        1.0000000149011612        0.0000000000000000     
  -1.5607963707298040       -1.5657963383830442        1.0000000149011612        4.9999675787348553E-003
  -1.5286150022611482       -1.5497048828268833        1.0000000149011612        2.1089880251471425E-002
  -1.4964336337924924       -1.5336106959322906        1.0000000149011612        3.7177061585816823E-002
  -1.4642522653238366       -1.5175116908687980        1.0000000149011612        5.3259424751334161E-002
  -1.4320708968551807       -1.5014057758062143        1.0000000149011612        6.9334877917863330E-002
  -1.3998895283865249       -1.4852908517297800        1.0000000149011612        8.5401322070676258E-002
  -1.3677081599178691       -1.4691648102468153        1.0000000149011612       0.10145664881712436     
  -1.3355267914492133       -1.4530255313463039        1.0000000149011612       0.11749873814622296     
  -1.3033454229805574       -1.4368708811440156        1.0000000149011612       0.13352545617377384     
  -1.2711640545119016       -1.4206987095801906        1.0000000149011612       0.14953465284004905     
  -1.2389826860432458       -1.4045068480725658        1.0000000149011612       0.16552415956281777     
  -1.2068013175745900       -1.3882931071162510        1.0000000149011612       0.18149178683722264     
  -1.1746199491059341       -1.3720552738231038        1.0000000149011612       0.19743532177515408     
  -1.1424385806372783       -1.3557911093929238        1.0000000149011612       0.21335252557644510     
  -1.1102572121686225       -1.3394983465083923        1.0000000149011612       0.22924113092381074     
  -1.0780758436999667       -1.3231746866509544        1.0000000149011612       0.24509883929873041     
  -1.0458944752313108       -1.3068177972934734        1.0000000149011612       0.26092331817410208     
  -1.0137131067626550       -1.2904253090501776        1.0000000149011612       0.27671219816418952     
 -0.98153173829399931       -1.2739948126507561        1.0000000149011612       0.29246306999871741     
 -0.94935036982534360       -1.2575238558219504        1.0000000149011612       0.30817348140446404     
 -0.91716900135668789       -1.2410099400265568        1.0000000149011612       0.32384093384426299     
 -0.88498763288803217       -1.2244505170538322        1.0000000149011612       0.33946287910740897     
 -0.85280626441937646       -1.2078429854478239        1.0000000149011612       0.35503671573798806     
 -0.82062489595072075       -1.1911846867590787        1.0000000149011612       0.37055978528658690     
 -0.78844352748206503       -1.1744729016040065        1.0000000149011612       0.38602936836965562     
 -0.75626215901340932       -1.1577048455148482        1.0000000149011612       0.40144268051947679     
 -0.72408079054475361       -1.1408776645617418        1.0000000149011612       0.41679686780623088     
 -0.69189942207609789       -1.1239884307267416        1.0000000149011612       0.43208900221201585     
 -0.65971805360744218       -1.1070341370078367        1.0000000149011612       0.44731607673486556     
 -0.62753668513878647       -1.0900116922289862        1.0000000149011612       0.46247500019878518     
 -0.59535531667013075       -1.0729179155299280        1.0000000149011612       0.47756259174356008     
 -0.56317394820147504       -1.0557495305070026        1.0000000149011612       0.49257557496557952     
 -0.53099257973281933       -1.0385031589733984        1.0000000149011612       0.50751057167808222     
 -0.49881121126416356       -1.0211753143040758        1.0000000149011612       0.52236409525608063     
 -0.46662984279550779       -1.0037623943277019        1.0000000149011612       0.53713254352829543     
 -0.43444847432685202      -0.98626067371893700        1.0000000149011612       0.55181219116944258     
 -0.40226710585819625      -0.96866629585746955        1.0000000149011612       0.56639918155926783     
 -0.37008573738954048      -0.95097526408008792        1.0000000149011612       0.58088951803461908     
 -0.33790436892088471      -0.93318343229020428        1.0000000149011612       0.59527905449897045     
 -0.30572300045222894      -0.91528649484775104        1.0000000149011612       0.60956348531231841     
 -0.27354163198357317      -0.89727997567260709        1.0000000149011612       0.62373833439460846     
 -0.24136026351491741      -0.87915921648142248        1.0000000149011612       0.63779894346256027     
 -0.20917889504626164      -0.86091936406893099        1.0000000149011612       0.65174045931097968     
 -0.17699752657760587      -0.84255535653411784        1.0000000149011612       0.66555782003892761     
 -0.14481615810895010      -0.82406190833937099        1.0000000149011612       0.67924574010887062     
 -0.11263478964029434      -0.80543349407674369        1.0000000149011612       0.69279869411294426     
  -8.0453421171638589E-002 -0.78666433077347875        1.0000000149011612       0.70621089907847778     
  -4.8272052702982834E-002 -0.76774835870082814        1.0000000149011612       0.71947629527681300     
  -1.6090684234327080E-002 -0.74867922024005729        1.0000000149011612       0.73258852508931060     
   1.6090684234328675E-002 -0.72945023690526911        1.0000000149011612       0.74554091003017253     
   4.8272052702984430E-002 -0.71005438408366817        1.0000000149011612       0.75832642548670826     
   8.0453421171640185E-002 -0.69048426329763690        1.0000000149011612       0.77093767298141058     
  0.11263478964029594      -0.67073207166957738        1.0000000149011612       0.78336684963679759     
  0.14481615810895171      -0.65078956823593892        1.0000000149011612       0.79560571448944162     
  0.17699752657760748      -0.63064803670324698        1.0000000149011612       0.80764555124599791     
  0.20917889504626325      -0.61029824417577005        1.0000000149011612       0.81947712701087250     
  0.24136026351491902      -0.58973039530973681        1.0000000149011612       0.83109064644044017     
  0.27354163198357478      -0.56893408126028988        1.0000000149011612       0.84247570068999855     
  0.30572300045223055      -0.54789822268161892        1.0000000149011612       0.85362121041390226     
  0.33790436892088632      -0.52661100591413745        1.0000000149011612       0.86451536195274103     
  0.37008573738954209      -0.50505981134042732        1.0000000149011612       0.87514553568928477     
  0.40226710585819786      -0.48323113270795176        1.0000000149011612       0.88549822537119782     
  0.43444847432685363      -0.46111048599363325        1.0000000149011612       0.89555894697561866     
  0.46662984279550940      -0.43868230611357578        1.0000000149011612       0.90531213541888311     
  0.49881121126416517      -0.41592982944800594        1.0000000149011612       0.91474102708146765     
  0.53099257973282088      -0.39283495974075794        1.0000000149011612       0.92382752570747595     
  0.56317394820147659      -0.36937811442329077        1.0000000149011612       0.93255204872865904     
  0.59535531667013231      -0.34553804777770336        1.0000000149011612       0.94089335042743216     
  0.62753668513878802      -0.32129164655496512        1.0000000149011612       0.94882831755510944     
  0.65971805360744373      -0.29661369265489268        1.0000000149011612       0.95633173201188315     
  0.69189942207609945      -0.27147658618770643        1.0000000149011612       0.96337599390838491     
  0.72408079054475516      -0.24585002058417646        1.0000000149011612       0.96993079667583648     
  0.75626215901341087      -0.21970059923513974        1.0000000149011612       0.97596274370557246     
  0.78844352748206659      -0.19299138060697710        1.0000000149011612       0.98143489346452406     
  0.82062489595072230      -0.16568133438467408        1.0000000149011612       0.98630621563828857     
  0.85280626441937801      -0.13772468730316956        1.0000000149011612       0.99053093696248640     
  0.88498763288803373      -0.10907012972858827        1.0000000149011612       0.99405774780400735     
  0.91716900135668944       -7.9659845476444960E-002   1.0000000149011612       0.99682883197922734     
  0.94935036982534515       -4.9428314604318180E-002   1.0000000149011612       0.99877866954670136     
  0.98153173829400087       -1.8300821249225191E-002   1.0000000149011612       0.99983254464456006     
   1.0137131067626566        1.3808426671662950E-002   1.0000000149011612       0.99990466519125309     
   1.0458944752313124        4.6998695765948964E-002   1.0000000149011612       0.99889576458065665     
   1.0780758436999682        8.1385827693971402E-002   1.0000000149011612       0.99669000115415851     
   1.1102572121686241       0.11710630840544385        1.0000000149011612       0.99315088896407866     
   1.1424385806372799       0.15432270014597363        1.0000000149011612       0.98811586576723243     
   1.1746199491059357       0.19323103358607499        1.0000000149011612       0.98138890089602648     
   1.2068013175745915       0.23407109153402997        1.0000000149011612       0.97273021154575190     
   1.2389826860432473       0.27714108459152675        1.0000000149011612       0.96184158711916401     
   1.2711640545119032       0.32281922835258337        1.0000000149011612       0.94834481202788090     
   1.3033454229805590       0.37159661060776245        1.0000000149011612       0.93174879848865755     
   1.3355267914492148       0.42412944035086675        1.0000000149011612       0.91139733751746943     
   1.3677081599178706       0.48132660093427060        1.0000000149011612       0.88638154577548578     
   1.3998895283865265       0.54450647857346657        1.0000000149011612       0.85538303706685936     
   1.4320708968551823       0.61570357146605614        1.0000000149011612       0.81636731322430522     
   1.4642522653238381       0.69834481599200060        1.0000000149011612       0.76590743791892735     
   1.4964336337924939       0.79903496445081990        1.0000000149011612       0.69739865894962416     
   1.5286150022611498       0.93396053705377879        1.0000000149011612       0.59465445634632907     
   1.5607963707298056        1.1783034406601556        1.0000000149011612       0.38249292437006127     
   1.5707963705062866        1.5707963705062866        1.0000000149011612        0.0000000000000000     
  -1.5707963705062866       -1.5707963705062866        1.2000000178813934        0.0000000000000000     
  -1.5607963707298040       -1.5662508837192572        1.2000000178813934        4.5454274234788599E-003
  -1.5286150022611482       -1.5516223567980945        1.2000000178813934        1.9172795161758294E-002
  -1.4964336337924924       -1.5369915912961605        1.2000000178813934        3.3798297416089529E-002
  -1.4642522653238366       -1.5223568770626219        1.2000000178813934        4.8420509060799304E-002
  -1.4320708968551807       -1.5077165001739221        1.2000000178813934        6.3038001826278389E-002
  -1.3998895283865249       -1.4930687412949097        1.2000000178813934        7.7649342933255316E-002
  -1.3677081599178691       -1.4784118740133378        1.2000000178813934        9.2253093704879080E-002
  -1.3355267914492133       -1.4637441631659789        1.2000000178813934       0.10684780817181494     
  -1.3033454229805574       -1.4490638631376935        1.2000000178813934       0.12143203165480179     
  -1.2711640545119016       -1.4343692161337591        1.2000000178813934       0.13600429932492591     
  -1.2389826860432458       -1.4196584504200362        1.2000000178813934       0.15056313473709318     
  -1.2068013175745900       -1.4049297785260904        1.2000000178813934       0.16510704833263024     
  -1.1746199491059341       -1.3901813954061972        1.2000000178813934       0.17963453590678941     
  -1.1424385806372783       -1.3754114765529404        1.2000000178813934       0.19414407703674619     
  -1.1102572121686225       -1.3606181760578542        1.2000000178813934       0.20863413346546889     
  -1.0780758436999667       -1.3457996246132842        1.2000000178813934       0.22310314743660195     
  -1.0458944752313108       -1.3309539274493183        1.2000000178813934       0.23754953997524220     
  -1.0137131067626550       -1.3160791621992833        1.2000000178813934       0.25197170910918587     
 -0.98153173829399931       -1.3011733766869036        1.2000000178813934       0.26636802802489395     
 -0.94935036982534360       -1.2862345866348410        1.2000000178813934       0.28073684315794289     
 -0.91716900135668789       -1.2712607732429473        1.2000000178813934       0.29507647217490074     
 -0.88498763288803217       -1.2562498807411386        1.2000000178813934       0.30938520193405661     
 -0.85280626441937646       -1.2411998137517313        1.2000000178813934       0.32366128628736668     
 -0.82062489595072075       -1.2261084345725948        1.2000000178813934       0.33790294381641545     
 -0.78844352748206503       -1.2109735603207543        1.2000000178813934       0.35210835545208435     
 -0.75626215901340932       -1.1957929599337853        1.2000000178813934       0.36627566197571398     
 -0.72408079054475361       -1.1805643510168540        1.2000000178813934       0.38040296139163782     
 -0.69189942207609789       -1.1652853965222458        1.2000000178813934       0.39448830616012276     
 -0.65971805360744218       -1.1499537012470915        1.2000000178813934       0.40852970027880753     
 -0.62753668513878647       -1.1345668081337650        1.2000000178813934       0.42252509619970086     
 -0.59535531667013075       -1.1191221943560281        1.2000000178813934       0.43647239156763568     
 -0.56317394820147504       -1.1036172671724684        1.2000000178813934       0.45036942576480044     
 -0.53099257973281933       -1.0880493595270486        1.2000000178813934       0.46421397624453048     
 -0.49881121126416356       -1.0724157253746800        1.2000000178813934       0.47800375463595263     
 -0.46662984279550779       -1.0567135347076013        1.2000000178813934       0.49173640259930124     
 -0.43444847432685202       -1.0409398682559465        1.2000000178813934       0.50540948740972391     
 -0.40226710585819625       -1.0250917118332314        1.2000000178813934       0.51902049724518795     
 -0.37008573738954048       -1.0091659502944887        1.2000000178813934       0.53256683615159262     
 -0.33790436892088471      -0.99315936108079972        1.2000000178813934       0.54604581866321245     
 -0.30572300045222894      -0.97706860724520783        1.2000000178813934       0.55945466399095822     
 -0.27354163198357317      -0.96089023011322472        1.2000000178813934       0.57279048990613290     
 -0.24136026351491741      -0.94462064120138811        1.2000000178813934       0.58605030600589558     
 -0.20917889504626164      -0.92825611366811622        1.2000000178813934       0.59923100658897432     
 -0.17699752657760587      -0.91179277304000872        1.2000000178813934       0.61232936292758378     
 -0.14481615810895010      -0.89522658721226744        1.2000000178813934       0.62534201493444230     
 -0.11263478964029434      -0.87855335563901260        1.2000000178813934       0.63826546215470192     
  -8.0453421171638589E-002 -0.86176869762963770        1.2000000178813934       0.65109605401291204     
  -4.8272052702982834E-002 -0.84486803965706769        1.2000000178813934       0.66382997923656650     
  -1.6090684234327080E-002 -0.82784660157203271        1.2000000178813934       0.67646325436800003     
   1.6090684234328675E-002 -0.81069938160399191        1.2000000178813934       0.68899171126515724     
   4.8272052702984430E-002 -0.79342113997566632        1.2000000178813934       0.70141098344703745     
   8.0453421171640185E-002 -0.77600638116490539        1.2000000178813934       0.71371649131191683     
  0.11263478964029594      -0.75844933424112326        1.2000000178813934       0.72590342575104538     
  0.14481615810895171      -0.74074393154460560        1.2000000178813934       0.73796673038140326     
  0.17699752657760748      -0.72288378517128260        1.2000000178813934       0.74990108194967819     
  0.20917889504626325      -0.70486216111701461        1.2000000178813934       0.76170086878583754     
  0.24136026351491902      -0.68667195076758258        1.2000000178813934       0.77336016704478683     
  0.27354163198357478      -0.66830563939278209        1.2000000178813934       0.78487271445144913     
  0.30572300045223055      -0.64975527125011701        1.2000000178813934       0.79623188122051003     
  0.33790436892088632      -0.63101241084101234        1.2000000178813934       0.80743063776992818     
  0.37008573738954209      -0.61206809978818066        1.2000000178813934       0.81846151878540863     
  0.40226710585819786      -0.59291280871422358        1.2000000178813934       0.82931658311923773     
  0.43444847432685363      -0.57353638339556634        1.2000000178813934       0.83998736891856274     
  0.46662984279550940      -0.55392798433840151        1.2000000178813934       0.85046484327201199     
  0.49881121126416517      -0.53407601876944000        1.2000000178813934       0.86073934553532194     
  0.53099257973282088      -0.51396806384751870        1.2000000178813934       0.87080052334101066     
  0.56317394820147659      -0.49359077967434040        1.2000000178813934       0.88063726010732968     
  0.59535531667013231      -0.47292981040328824        1.2000000178813934       0.89023759262894331     
  0.62753668513878802      -0.45196967140079386        1.2000000178813934       0.89958861704473658     
  0.65971805360744373      -0.43069361998735511        1.2000000178813934       0.90867638112199911     
  0.69189942207609945      -0.40908350675171939        1.2000000178813934       0.91748576035157914     
  0.72408079054475516      -0.38711960376104620        1.2000000178813934       0.92600031478968781     
  0.75626215901341087      -0.36478040514078847        1.2000000178813934       0.93420212287446980     
  0.78844352748206659      -0.34204239441490752        1.2000000178813934       0.94207158754285114     
  0.82062489595072230      -0.31887977160411690        1.2000000178813934       0.94958720881241399     
  0.85280626441937801      -0.29526413127285656        1.2000000178813934       0.95672531548721074     
  0.88498763288803373      -0.27116408029740058        1.2000000178813934       0.96345974663119283     
  0.91716900135668944      -0.24654478130672572        1.2000000178813934       0.96976147110227395     
  0.94935036982534515      -0.22136740274998404        1.2000000178813934       0.97559812927522938     
  0.98153173829400087      -0.19558845209730655        1.2000000178813934       0.98093347737570824     
   1.0137131067626566      -0.16915895982637186        1.2000000178813934       0.98572670746905111     
   1.0458944752313124      -0.14202347168164747        1.2000000178813934       0.98993160767633614     
   1.0780758436999682      -0.11411879132010444        1.2000000178813934       0.99349551437915717     
   1.1102572121686241       -8.5372393709768721E-002   1.2000000178813934       0.99635799005176973     
   1.1424385806372799       -5.5700397859545205E-002   1.2000000178813934       0.99844913386930267     
   1.1746199491059357       -2.5004940098554519E-002   1.2000000178813934       0.99968739277390561     
   1.2068013175745915        6.8292830490292921E-003   1.2000000178813934       0.99997668053715483     
   1.2389826860432473        3.9939646154617051E-002   1.2000000178813934       0.99920251835124740     
   1.2711640545119032        7.4491925552128510E-002   1.2000000178813934       0.99722675927330884     
   1.3033454229805590       0.11068915616361533        1.2000000178813934       0.99388020753748385     
   1.3355267914492148       0.14878436175193441        1.2000000178813934       0.98895201001120037     
   1.3677081599178706       0.18909944459886302        1.2000000178813934       0.98217391479697458     
   1.3998895283865265       0.23205430416779152        1.2000000178813934       0.97319600568052855     
   1.4320708968551823       0.27821386265501169        1.2000000178813934       0.96154751417196771     
   1.4642522653238381       0.32836855857219260        1.2000000178813934       0.94656974152138285     
   1.4964336337924939       0.38368287114630384        1.2000000178813934       0.92729228838742661     
   1.5286150022611498       0.44599850444241335        1.2000000178813934       0.90218040140541145     
   1.5607963707298056       0.51854966243871647        1.2000000178813934       0.86853891063366928     
   1.5707963705062866        1.5707963705062866        1.2000000178813934        0.0000000000000000     
  -1.5707963705062866       -1.5707963705062866        1.4000000208616257        0.0000000000000000     
  -1.5607963707298040       -1.5666296714379642        1.4000000208616257        4.1666433008836958E-003
  -1.5286150022611482       -1.5532202471912104        1.4000000208616257        1.7575174688153932E-002
  -1.4964336337924924       -1.5398089789831197        1.4000000208616257        3.0982388960203111E-002
  -1.4642522653238366       -1.5263944582956748        1.4000000208616257        4.4387280032748132E-002
  -1.4320708968551807       -1.5129752737772344        1.4000000208616257        5.7788839797488938E-002
  -1.3998895283865249       -1.4995500100147034        1.4000000208616257        7.1186057245086892E-002
  -1.3677081599178691       -1.4861172462829459        1.4000000208616257        8.4577917571888567E-002
  -1.3355267914492133       -1.4726755552916417        1.4000000208616257        9.7963401284823323E-002
  -1.3033454229805574       -1.4592235019123123        1.4000000208616257       0.11134148329213608     
  -1.2711640545119016       -1.4457596418872047        1.4000000208616257       0.12471113198116154     
  -1.2389826860432458       -1.4322825205161229        1.4000000208616257       0.13807130828034656     
  -1.2068013175745900       -1.4187906713178882        1.4000000208616257       0.15142096470315050     
  -1.1746199491059341       -1.4052826146629871        1.4000000208616257       0.16475904437136532     
  -1.1424385806372783       -1.3917568563738323        1.4000000208616257       0.17808448001530158     
  -1.1102572121686225       -1.3782118862888979        1.4000000208616257       0.19139619294817120     
  -1.0780758436999667       -1.3646461767868197        1.4000000208616257       0.20469309201187308     
  -1.0458944752313108       -1.3510581812663482        1.4000000208616257       0.21797407249124565     
  -1.0137131067626550       -1.3374463325778239        1.4000000208616257       0.23123801499369137     
 -0.98153173829399931       -1.3238090414015937        1.4000000208616257       0.24448378429090373     
 -0.94935036982534360       -1.3101446945685213        1.4000000208616257       0.25771022811923100     
 -0.91716900135668789       -1.2964516533174308        1.4000000208616257       0.27091617593499362     
 -0.88498763288803217       -1.2827282514839997        1.4000000208616257       0.28410043762083609     
 -0.85280626441937646       -1.2689727936152393        1.4000000208616257       0.29726180213892744     
 -0.82062489595072075       -1.2551835530103097        1.4000000208616257       0.31039903613154318     
 -0.78844352748206503       -1.2413587696371884        1.4000000208616257       0.32351088243297171     
 -0.75626215901340932       -1.2274966480318323        1.4000000208616257       0.33659605856891572     
 -0.72408079054475361       -1.2135953550139811        1.4000000208616257       0.34965325512492296     
 -0.69189942207609789       -1.1996530173347537        1.4000000208616257       0.36268113406609842     
 -0.65971805360744218       -1.1856677191955305        1.4000000208616257       0.37567832696487691     
 -0.62753668513878647       -1.1716374996372707        1.4000000208616257       0.38864343313625033     
 -0.59535531667013075       -1.1575603497896767        1.4000000208616257       0.40157501767288445     
 -0.56317394820147504       -1.1434342099687036        1.4000000208616257       0.41447160937191213     
 -0.53099257973281933       -1.1292569666099237        1.4000000208616257       0.42733169854447889     
 -0.49881121126416356       -1.1150264490241368        1.4000000208616257       0.44015373469832197     
 -0.46662984279550779       -1.1007404259603959        1.4000000208616257       0.45293612408278872     
 -0.43444847432685202       -1.0863966019602509        1.4000000208616257       0.46567722708472498     
 -0.40226710585819625       -1.0719926134854918        1.4000000208616257       0.47837535546257709     
 -0.37008573738954048       -1.0575260247999851        1.4000000208616257       0.49102876940484730     
 -0.33790436892088471       -1.0429943235843144        1.4000000208616257       0.50363567439769341     
 -0.30572300045222894       -1.0283949162598272        1.4000000208616257       0.51619421788496267     
 -0.27354163198357317       -1.0137251229963413        1.4000000208616257       0.52870248570226774     
 -0.24136026351491741      -0.99898217237513176        1.4000000208616257       0.54115849826483453     
 -0.20917889504626164      -0.98416319567582300        1.4000000208616257       0.55356020648671111     
 -0.17699752657760587      -0.96926522075264210        1.4000000208616257       0.56590548740666269     
 -0.14481615810895010      -0.95428516546144260        1.4000000208616257       0.57819213949318893     
 -0.11263478964029434      -0.93921983059508429        1.4000000208616257       0.59041787759836650     
  -8.0453421171638589E-002 -0.92406589227968616        1.4000000208616257       0.60258032752660173     
  -4.8272052702982834E-002 -0.90881989377903405        1.4000000208616257       0.61467702018063519     
  -1.6090684234327080E-002 -0.89347823664828407        1.4000000208616257       0.62670538524275987     
   1.6090684234328675E-002 -0.87803717117116276        1.4000000208616257       0.63866274434424886     
   4.8272052702984430E-002 -0.86249278600697588        1.4000000208616257       0.65054630367036204     
   8.0453421171640185E-002 -0.84684099696472603        1.4000000208616257       0.66235314594185923     
  0.11263478964029594      -0.83107753481134039        1.4000000208616257       0.67408022170659077     
  0.14481615810895171      -0.81519793200920954        1.4000000208616257       0.68572433986631198     
  0.17699752657760748      -0.79919750821459457        1.4000000208616257       0.69728215731840193     
  0.20917889504626325      -0.78307135465108102        1.4000000208616257       0.70875016779404532     
  0.24136026351491902      -0.76681431667029476        1.4000000208616257       0.72012468940160146     
  0.27354163198357478      -0.75042097495557769        1.4000000208616257       0.73140185120065782     
  0.30572300045223055      -0.73388562474809638        1.4000000208616257       0.74257757836353677     
  0.33790436892088632      -0.71720225302203400        1.4000000208616257       0.75364757587186193     
  0.37008573738954209      -0.70036451332558258        1.4000000208616257       0.76460731054583808     
  0.40226710585819786      -0.68336569798859748        1.4000000208616257       0.77545199119257580     
  0.43444847432685363      -0.66619870735156916        1.4000000208616257       0.78617654662678715     
  0.46662984279550940      -0.64885601561595341        1.4000000208616257       0.79677560127816327     
  0.49881121126416517      -0.63132963285108046        1.4000000208616257       0.80724344805345360     
  0.53099257973282088      -0.61361106261562148        1.4000000208616257       0.81757401806608521     
  0.56317394820147659      -0.59569125455918415        1.4000000208616257       0.82776084678015982     
  0.59535531667013231      -0.57756055125854666        1.4000000208616257       0.83779703603633626     
  0.62753668513878802      -0.55920862840896701        1.4000000208616257       0.84767521133133716     
  0.65971805360744373      -0.54062442732835692        1.4000000208616257       0.85738747360664569     
  0.69189942207609945      -0.52179607853378995        1.4000000208616257       0.86692534466029825     
  0.72408079054475516      -0.50271081490671188        1.4000000208616257       0.87627970512203424     
  0.75626215901341087      -0.48335487266351695        1.4000000208616257       0.88544072371799631     
  0.78844352748206659      -0.46371337797646189        1.4000000208616257       0.89439777628566919     
  0.82062489595072230      -0.44377021662598004        1.4000000208616257       0.90313935266839085     
  0.85280626441937801      -0.42350788348254398        1.4000000208616257       0.91165294920239959     
  0.88498763288803373      -0.40290730787852208        1.4000000208616257       0.91992494398244717     
  0.91716900135668944      -0.38194764998973790        1.4000000208616257       0.92794045142005788     
  0.94935036982534515      -0.36060606213699320        1.4000000208616257       0.93568315174461913     
  0.98153173829400087      -0.33885740734933623        1.4000000208616257       0.94313508997714701     
   1.0137131067626566      -0.31667392547768153        1.4000000208616257       0.95027643744001922     
   1.0458944752313124      -0.29402483433869636        1.4000000208616257       0.95708520685975396     
   1.0780758436999682      -0.27087585029807931        1.4000000208616257       0.96353690992650087     
   1.1102572121686241      -0.24718860631912590        1.4000000208616257       0.96960414161445097     
   1.1424385806372799      -0.22291994098503393        1.4000000208616257       0.97525607234063338     
   1.1746199491059357      -0.19802102066312338        1.4000000208616257       0.98045782093936795     
   1.2068013175745915      -0.17243624491879567        1.4000000208616257       0.98516967281510448     
   1.2389826860432473      -0.14610186607599701        1.4000000208616257       0.98934609391419748     
   1.2711640545119032      -0.11894422631323692        1.4000000208616257       0.99293447150779490     
   1.3033454229805590       -9.0877474628893881E-002   1.4000000208616257       0.99587348345279503     
   1.3355267914492148       -6.1800563431629131E-002   1.4000000208616257       0.99809095289931726     
   1.3677081599178706       -3.1593226667154653E-002   1.4000000208616257       0.99950097552415007     
   1.3998895283865265       -1.1048393046826418E-004   1.4000000208616257       0.99999999389669225     
   1.4320708968551823        3.2825046875296353E-002   1.4000000208616257       0.99946130652107013     
   1.4642522653238381        6.7434198201392237E-002   1.4000000208616257       0.99772717593445359     
   1.4964336337924939       0.10399764974549550        1.4000000208616257       0.99459711664148975     
   1.5286150022611498       0.14288121553115243        1.4000000208616257       0.98980983291496794     
   1.5607963707298056       0.18457671646779411        1.4000000208616257       0.98301402411052929     
   1.5707963705062866        1.5707963705062866        1.4000000208616257        0.0000000000000000     
