   9.99999978E-03   56.2818108    
   1.99999996E-02  -11.5551319    
   2.99999993E-02  -17.4677982    
   3.99999991E-02   14.2528152    
   4.99999970E-02  -58.6980820    
   5.99999987E-02   6.98887444    
   7.00000003E-02   74.2938080    
   7.99999982E-02  -91.0140228    
   8.99999961E-02   6.44498444    
   9.99999940E-02   155.461487    
  0.109999999      -147.604950    
  0.119999997      -86.8596039    
  0.129999995       291.168488    
  0.140000001      -98.7133026    
  0.149999991      -330.893433    
  0.159999996       343.144714    
  0.170000002       238.777786    
  0.179999992      -561.114807    
  0.189999998      -47.7857971    
  0.199999988       704.355347    
  0.209999993      -175.815552    
  0.219999999      -772.849792    
  0.229999989       369.882660    
  0.239999995       798.073853    
  0.250000000      -492.741364    
  0.259999990      -815.886658    
  0.269999981       521.605957    
  0.280000001       844.751099    
  0.289999992      -446.064270    
  0.299999982      -874.255249    
  0.310000002       268.477478    
  0.319999993       865.511658    
  0.329999983      -14.6592407    
  0.340000004      -766.800293    
  0.349999994      -253.471313    
  0.359999985       546.421204    
  0.370000005       442.054321    
  0.379999995      -231.983780    
  0.389999986      -464.164032    
  0.399999976      -74.2822571    
  0.409999996       303.745880    
  0.419999987       243.000519    
  0.429999977      -60.0659409    
  0.439999998      -209.082489    
  0.449999988      -111.623474    
  0.459999979       53.6844177    
  0.469999999       120.989372    
  0.479999989       55.3023758    
  0.489999980      -17.6485710    
  0.500000000      -49.3691788    
  0.509999990      -55.2818069    
  0.519999981       12.5551510    
  0.529999971       18.4677982    
  0.539999962      -13.2528038    
  0.550000012       59.6980629    
  0.560000002      -5.98889923    
  0.569999993      -73.2937317    
  0.579999983       92.0140076    
  0.589999974      -5.44508743    
  0.599999964      -154.461395    
  0.610000014       148.604996    
  0.620000005       87.8595352    
  0.629999995      -290.168518    
  0.639999986       99.7133789    
  0.649999976       331.893433    
  0.659999967      -342.144775    
  0.669999957      -237.777832    
  0.680000007       562.114868    
  0.689999998       48.7857666    
  0.699999988      -703.355469    
  0.709999979       176.815674    
  0.719999969       773.849976    
  0.729999959      -368.882812    
  0.740000010      -797.073914    
  0.750000000       493.741364    
  0.759999990       816.886597    
  0.769999981      -520.605896    
  0.779999971      -843.750977    
  0.789999962       447.064178    
  0.799999952       875.255188    
  0.810000002      -267.477478    
  0.819999993      -864.511658    
  0.829999983       15.6593018    
  0.839999974       767.800354    
  0.849999964       254.471222    
  0.859999955      -545.421265    
  0.870000005      -441.054352    
  0.879999995       232.983841    
  0.889999986       465.164062    
  0.899999976       75.2823029    
  0.909999967      -302.745819    
  0.919999957      -242.000534    
  0.930000007       61.0658951    
  0.939999998       210.082443    
  0.949999988       112.623459    
  0.959999979      -52.6843796    
  0.969999969      -119.989334    
  0.979999959      -54.3023758    
  0.989999950       18.6485291    
   1.00000000       50.3691483    
