   9.99999978E-03   3.14414734E-03
   1.99999996E-02   3.14414734E-03
   2.99999993E-02   8.88045062E-04
   3.99999991E-02   8.88045062E-04
   4.99999970E-02   2.04558251E-04
   5.99999987E-02   2.04558251E-04
   7.00000003E-02   3.80426281E-05
   7.99999982E-02   3.80426281E-05
   8.99999961E-02   1.12099842E-05
   9.99999940E-02   1.12099842E-05
  0.109999999       2.83497702E-05
  0.119999997       2.83497702E-05
  0.129999995       1.08848384E-04
  0.140000001       1.08848384E-04
  0.149999991       3.78490775E-04
  0.159999996       3.78490775E-04
  0.170000002       1.18105020E-03
  0.179999992       1.18105020E-03
  0.189999998       3.32120806E-03
  0.199999988       3.32120806E-03
  0.209999993       8.44866969E-03
  0.219999999       8.44866969E-03
  0.229999989       1.95078999E-02
  0.239999995       1.95078999E-02
  0.250000000       4.10119593E-02
  0.259999990       4.10119593E-02
  0.269999981       7.87383765E-02
  0.280000001       7.87383765E-02
  0.289999992      0.138471887    
  0.299999982      0.138471887    
  0.310000002      0.223805457    
  0.319999993      0.223805457    
  0.329999983      0.333704799    
  0.340000004      0.333704799    
  0.349999994      0.461124301    
  0.359999985      0.461124301    
  0.370000005      0.593852937    
  0.379999995      0.593852937    
  0.389999986      0.717733026    
  0.399999976      0.717733026    
  0.409999996      0.820966423    
  0.419999987      0.820966423    
  0.429999977      0.897435546    
  0.439999998      0.897435546    
  0.449999988      0.947504699    
  0.459999979      0.947504699    
  0.469999999      0.976280153    
  0.479999989      0.976280153    
  0.489999980      0.990667760    
  0.500000000      0.990667760    
  0.509999990      0.996855915    
  0.519999981      0.996855915    
  0.529999971      0.999112010    
  0.539999962      0.999112010    
  0.550000012      0.999795437    
  0.560000002      0.999795437    
  0.569999993      0.999961972    
  0.579999983      0.999961972    
  0.589999974      0.999988735    
  0.599999964      0.999988735    
  0.610000014      0.999971628    
  0.620000005      0.999971628    
  0.629999995      0.999891102    
  0.639999986      0.999891102    
  0.649999976      0.999621511    
  0.659999967      0.999621511    
  0.669999957      0.998819053    
  0.680000007      0.998819053    
  0.689999998      0.996678829    
  0.699999988      0.996678829    
  0.709999979      0.991551340    
  0.719999969      0.991551340    
  0.729999959      0.980492115    
  0.740000010      0.980492115    
  0.750000000      0.958988011    
  0.759999990      0.958988011    
  0.769999981      0.921261609    
  0.779999971      0.921261609    
  0.789999962      0.861528099    
  0.799999952      0.861528099    
  0.810000002      0.776194513    
  0.819999993      0.776194513    
  0.829999983      0.666295290    
  0.839999974      0.666295290    
  0.849999964      0.538875759    
  0.859999955      0.538875759    
  0.870000005      0.406147093    
  0.879999995      0.406147093    
  0.889999986      0.282267094    
  0.899999976      0.282267094    
  0.909999967      0.179033697    
  0.919999957      0.179033697    
  0.930000007      0.102564514    
  0.939999998      0.102564514    
  0.949999988       5.24954125E-02
  0.959999979       5.24954125E-02
  0.969999969       2.37200633E-02
  0.979999959       2.37200633E-02
  0.989999950       9.33239050E-03
   1.00000000       9.33239050E-03
