   9.99999978E-03   0.00000000    
   1.99999996E-02   0.00000000    
   2.99999993E-02   0.00000000    
   3.99999991E-02   0.00000000    
   4.99999970E-02   0.00000000    
   5.99999987E-02   0.00000000    
   7.00000003E-02   0.00000000    
   7.99999982E-02   0.00000000    
   8.99999961E-02   0.00000000    
   9.99999940E-02   5.73497516E-08
  0.109999999       5.73497516E-08
  0.119999997       1.68225949E-06
  0.129999995       1.68225949E-06
  0.140000001       2.33477185E-05
  0.149999991       2.33477185E-05
  0.159999996       2.03893214E-04
  0.170000002       2.03893214E-04
  0.179999992       1.25707546E-03
  0.189999998       1.25707546E-03
  0.199999988       5.82086528E-03
  0.209999993       5.82086528E-03
  0.219999999       2.10334975E-02
  0.229999989       2.10334975E-02
  0.239999995       6.08761013E-02
  0.250000000       6.08761013E-02
  0.259999990      0.143881530    
  0.269999981      0.143881530    
  0.280000001      0.282223910    
  0.289999992      0.282223910    
  0.299999982      0.466680408    
  0.310000002      0.466680408    
  0.319999993      0.662316084    
  0.329999983      0.662316084    
  0.340000004      0.825345933    
  0.349999994      0.825345933    
  0.359999985      0.929852128    
  0.370000005      0.929852128    
  0.379999995      0.979616940    
  0.389999986      0.979616940    
  0.399999976      0.996205270    
  0.409999996      0.996205270    
  0.419999987      0.999661148    
  0.429999977      0.999661148    
  0.439999998       1.00000000    
  0.449999988       1.00000000    
  0.459999979       1.00000000    
  0.469999999       1.00000000    
  0.479999989       1.00000000    
  0.489999980       1.00000000    
  0.500000000       1.00000000    
  0.509999990       1.00000000    
  0.519999981       1.00000000    
  0.529999971       1.00000000    
  0.539999962       1.00000000    
  0.550000012       1.00000000    
  0.560000002       1.00000000    
  0.569999993       1.00000000    
  0.579999983       1.00000000    
  0.589999974       1.00000000    
  0.599999964      0.999999881    
  0.610000014      0.999999881    
  0.620000005      0.999998331    
  0.629999995      0.999998331    
  0.639999986      0.999976695    
  0.649999976      0.999976695    
  0.659999967      0.999796152    
  0.669999957      0.999796152    
  0.680000007      0.998742938    
  0.689999998      0.998742938    
  0.699999988      0.994179130    
  0.709999979      0.994179130    
  0.719999969      0.978966534    
  0.729999959      0.978966534    
  0.740000010      0.939123869    
  0.750000000      0.939123869    
  0.759999990      0.856118441    
  0.769999981      0.856118441    
  0.779999971      0.717776060    
  0.789999962      0.717776060    
  0.799999952      0.533319592    
  0.810000002      0.533319592    
  0.819999993      0.337683916    
  0.829999983      0.337683916    
  0.839999974      0.174654141    
  0.849999964      0.174654141    
  0.859999955       7.01478794E-02
  0.870000005       7.01478794E-02
  0.879999995       2.03830004E-02
  0.889999986       2.03830004E-02
  0.899999976       3.79470782E-03
  0.909999967       3.79470782E-03
  0.919999957       3.38813174E-04
  0.930000007       3.38813174E-04
  0.939999998       0.00000000    
  0.949999988       0.00000000    
  0.959999979       0.00000000    
  0.969999969       0.00000000    
  0.979999959       0.00000000    
  0.989999950       0.00000000    
   1.00000000       0.00000000    
