   9.99999978E-03  0.915820360    
   1.99999996E-02  0.915820360    
   2.99999993E-02  0.892383993    
   3.99999991E-02  0.892383993    
   4.99999970E-02  0.862718880    
   5.99999987E-02  0.862718880    
   7.00000003E-02  0.826749682    
   7.99999982E-02  0.826749682    
   8.99999961E-02  0.784579396    
   9.99999940E-02  0.784579396    
  0.109999999      0.736552238    
  0.119999997      0.736552238    
  0.129999995      0.683296084    
  0.140000001      0.683296084    
  0.149999991      0.625732005    
  0.159999996      0.625732005    
  0.170000002      0.565051198    
  0.179999992      0.565051198    
  0.189999998      0.502656221    
  0.199999988      0.502656221    
  0.209999993      0.440076917    
  0.219999999      0.440076917    
  0.229999989      0.378867388    
  0.239999995      0.378867388    
  0.250000000      0.320499808    
  0.259999990      0.320499808    
  0.269999981      0.266267955    
  0.280000001      0.266267955    
  0.289999992      0.217213735    
  0.299999982      0.217213735    
  0.310000002      0.174084604    
  0.319999993      0.174084604    
  0.329999983      0.137327358    
  0.340000004      0.137327358    
  0.349999994      0.107115887    
  0.359999985      0.107115887    
  0.370000005       8.34075511E-02
  0.379999995       8.34075511E-02
  0.389999986       6.60175383E-02
  0.399999976       6.60175383E-02
  0.409999996       5.46998754E-02
  0.419999987       5.46998754E-02
  0.429999977       4.92227226E-02
  0.439999998       4.92227226E-02
  0.449999988       4.94274534E-02
  0.459999979       4.94274534E-02
  0.469999999       5.52636459E-02
  0.479999989       5.52636459E-02
  0.489999980       6.67955503E-02
  0.500000000       6.67955503E-02
  0.509999990       8.41795951E-02
  0.519999981       8.41795951E-02
  0.529999971      0.107615985    
  0.539999962      0.107615985    
  0.550000012      0.137281179    
  0.560000002      0.137281179    
  0.569999993      0.173250332    
  0.579999983      0.173250332    
  0.589999974      0.215420753    
  0.599999964      0.215420753    
  0.610000014      0.263447940    
  0.620000005      0.263447940    
  0.629999995      0.316704124    
  0.639999986      0.316704124    
  0.649999976      0.374268115    
  0.659999967      0.374268115    
  0.669999957      0.434949011    
  0.680000007      0.434949011    
  0.689999998      0.497343987    
  0.699999988      0.497343987    
  0.709999979      0.559923291    
  0.719999969      0.559923291    
  0.729999959      0.621132851    
  0.740000010      0.621132851    
  0.750000000      0.679500401    
  0.759999990      0.679500401    
  0.769999981      0.733732224    
  0.779999971      0.733732224    
  0.789999962      0.782786429    
  0.799999952      0.782786429    
  0.810000002      0.825915515    
  0.819999993      0.825915515    
  0.829999983      0.862672746    
  0.839999974      0.862672746    
  0.849999964      0.892884195    
  0.859999955      0.892884195    
  0.870000005      0.916592479    
  0.879999995      0.916592479    
  0.889999986      0.933982491    
  0.899999976      0.933982491    
  0.909999967      0.945300102    
  0.919999957      0.945300102    
  0.930000007      0.950777173    
  0.939999998      0.950777173    
  0.949999988      0.950572431    
  0.959999979      0.950572431    
  0.969999969      0.944736242    
  0.979999959      0.944736242    
  0.989999950      0.933204353    
   1.00000000      0.933204353    
