   9.99999978E-03  0.651791811    
   1.99999996E-02  0.651791811    
   2.99999993E-02  0.579013407    
   3.99999991E-02  0.579013407    
   4.99999970E-02  0.503202379    
   5.99999987E-02  0.503202379    
   7.00000003E-02  0.427045941    
   7.99999982E-02  0.427045941    
   8.99999961E-02  0.353293270    
   9.99999940E-02  0.353293270    
  0.109999999      0.284463137    
  0.119999997      0.284463137    
  0.129999995      0.222588733    
  0.140000001      0.222588733    
  0.149999991      0.169043586    
  0.159999996      0.169043586    
  0.170000002      0.124474593    
  0.179999992      0.124474593    
  0.189999998       8.88455957E-02
  0.199999988       8.88455957E-02
  0.209999993       6.15727194E-02
  0.219999999       6.15727194E-02
  0.229999989       4.17189412E-02
  0.239999995       4.17189412E-02
  0.250000000       2.82090791E-02
  0.259999990       2.82090791E-02
  0.269999981       2.00309325E-02
  0.280000001       2.00309325E-02
  0.289999992       1.63978748E-02
  0.299999982       1.63978748E-02
  0.310000002       1.68594923E-02
  0.319999993       1.68594923E-02
  0.329999983       2.13562381E-02
  0.340000004       2.13562381E-02
  0.349999994       3.02193761E-02
  0.359999985       3.02193761E-02
  0.370000005       4.41193990E-02
  0.379999995       4.41193990E-02
  0.389999986       6.39663488E-02
  0.399999976       6.39663488E-02
  0.409999996       9.07669365E-02
  0.419999987       9.07669365E-02
  0.429999977      0.125447437    
  0.439999998      0.125447437    
  0.449999988      0.168658778    
  0.459999979      0.168658778    
  0.469999999      0.220588475    
  0.479999989      0.220588475    
  0.489999980      0.280810982    
  0.500000000      0.280810982    
  0.509999990      0.348208308    
  0.519999981      0.348208308    
  0.529999971      0.420986712    
  0.539999962      0.420986712    
  0.550000012      0.496797800    
  0.560000002      0.496797800    
  0.569999993      0.572954178    
  0.579999983      0.572954178    
  0.589999974      0.646706939    
  0.599999964      0.646706939    
  0.610000014      0.715537071    
  0.620000005      0.715537071    
  0.629999995      0.777411461    
  0.639999986      0.777411461    
  0.649999976      0.830956519    
  0.659999967      0.830956519    
  0.669999957      0.875525534    
  0.680000007      0.875525534    
  0.689999998      0.911154509    
  0.699999988      0.911154509    
  0.709999979      0.938427329    
  0.719999969      0.938427329    
  0.729999959      0.958281100    
  0.740000010      0.958281100    
  0.750000000      0.971790910    
  0.759999990      0.971790910    
  0.769999981      0.979969025    
  0.779999971      0.979969025    
  0.789999962      0.983601987    
  0.799999952      0.983601987    
  0.810000002      0.983140469    
  0.819999993      0.983140469    
  0.829999983      0.978643715    
  0.839999974      0.978643715    
  0.849999964      0.969780564    
  0.859999955      0.969780564    
  0.870000005      0.955880523    
  0.879999995      0.955880523    
  0.889999986      0.936033547    
  0.899999976      0.936033547    
  0.909999967      0.909232974    
  0.919999957      0.909232974    
  0.930000007      0.874552369    
  0.939999998      0.874552369    
  0.949999988      0.831341088    
  0.959999979      0.831341088    
  0.969999969      0.779411495    
  0.979999959      0.779411495    
  0.989999950      0.719189048    
   1.00000000      0.719189048    
