   9.99999978E-03   3.03482239E-12
   1.99999996E-02  -2.70058975E-12
   2.99999993E-02   6.77806700E-11
   3.99999991E-02  -1.25666744E-09
   4.99999970E-02   1.84399518E-08
   5.99999987E-02  -2.19525134E-07
   7.00000003E-02   2.15600448E-06
   7.99999982E-02  -1.76642243E-05
   8.99999961E-02   1.21566976E-04
   9.99999940E-02  -7.05078128E-04
  0.109999999       3.44552472E-03
  0.119999997      -1.41267488E-02
  0.129999995       4.81382422E-02
  0.140000001     -0.133943871    
  0.149999991      0.294377416    
  0.159999996     -0.475861132    
  0.170000002      0.455119073    
  0.179999992       7.61767626E-02
  0.189999998      -1.01058948    
  0.199999988       1.31309557    
  0.209999993      0.134022772    
  0.219999999      -2.17168283    
  0.229999989       1.42009115    
  0.239999995       2.16488743    
  0.250000000      -2.59950972    
  0.259999990      -2.04297280    
  0.269999981       2.98223329    
  0.280000001       2.42569613    
  0.289999992      -2.33870101    
  0.299999982      -3.08349705    
  0.310000002      0.508277297    
  0.319999993       2.81398273    
  0.329999983       1.63491035    
  0.340000004     -0.688774347    
  0.349999994      -1.77554083    
  0.359999985      -1.39659858    
  0.370000005     -0.465617865    
  0.379999995      0.304620713    
  0.389999986      0.732941568    
  0.399999976      0.915023685    
  0.409999996      0.977288663    
  0.419999987      0.994861007    
  0.429999977      0.999011636    
  0.439999998      0.999838352    
  0.449999988      0.999977529    
  0.459999979      0.999997377    
  0.469999999      0.999999821    
  0.479999989       1.00000000    
  0.489999980       1.00000000    
  0.500000000       1.00000000    
  0.509999990       1.00000000    
  0.519999981       1.00000000    
  0.529999971       1.00000000    
  0.539999962       1.00000000    
  0.550000012       1.00000000    
  0.560000002       1.00000012    
  0.569999993      0.999997914    
  0.579999983       1.00001752    
  0.589999974      0.999878407    
  0.599999964       1.00070512    
  0.610000014      0.996554494    
  0.620000005       1.01412654    
  0.629999995      0.951861739    
  0.639999986       1.13394392    
  0.649999976      0.705622852    
  0.659999967       1.47586083    
  0.669999957      0.544880807    
  0.680000007      0.923823953    
  0.689999998       2.01058936    
  0.699999988     -0.313096136    
  0.709999979      0.865977407    
  0.719999969       3.17168283    
  0.729999959     -0.420091450    
  0.740000010      -1.16488683    
  0.750000000       3.59950900    
  0.759999990       3.04297185    
  0.769999981      -1.98223329    
  0.779999971      -1.42569578    
  0.789999962       3.33870125    
  0.799999952       4.08349705    
  0.810000002      0.491722703    
  0.819999993      -1.81398296    
  0.829999983     -0.634910226    
  0.839999974       1.68877435    
  0.849999964       2.77554035    
  0.859999955       2.39659834    
  0.870000005       1.46561801    
  0.879999995      0.695379496    
  0.889999986      0.267058283    
  0.899999976       8.49761963E-02
  0.909999967       2.27112062E-02
  0.919999957       5.13893412E-03
  0.930000007       9.88331158E-04
  0.939999998       1.61686039E-04
  0.949999988       2.24548203E-05
  0.959999979       2.63458924E-06
  0.969999969       2.59059675E-07
  0.979999959       2.10945821E-08
  0.989999950       1.39796419E-09
   1.00000000       7.35160821E-11
