   9.99999978E-03  0.449750096    
   1.99999996E-02  0.365573406    
   2.99999993E-02  0.365573406    
   3.99999991E-02  0.287104100    
   4.99999970E-02  0.287104100    
   5.99999987E-02  0.217354849    
   7.00000003E-02  0.217354849    
   7.99999982E-02  0.158280849    
   8.99999961E-02  0.158280849    
   9.99999940E-02  0.110648520    
  0.109999999      0.110648520    
  0.119999997       7.41242021E-02
  0.129999995       7.41242021E-02
  0.140000001       4.75350358E-02
  0.149999991       4.75350358E-02
  0.159999996       2.92209703E-02
  0.170000002       2.92209703E-02
  0.179999992       1.73918977E-02
  0.189999998       1.73918977E-02
  0.199999988       1.04248850E-02
  0.209999993       1.04248850E-02
  0.219999999       7.07015162E-03
  0.229999989       7.07015162E-03
  0.239999995       6.56640809E-03
  0.250000000       6.56640809E-03
  0.259999990       8.68577696E-03
  0.269999981       8.68577696E-03
  0.280000001       1.37317805E-02
  0.289999992       1.37317805E-02
  0.299999982       2.25040969E-02
  0.310000002       2.25040969E-02
  0.319999993       3.62282470E-02
  0.329999983       3.62282470E-02
  0.340000004       5.64359613E-02
  0.349999994       5.64359613E-02
  0.359999985       8.47796723E-02
  0.370000005       8.47796723E-02
  0.379999995      0.122775860    
  0.389999986      0.122775860    
  0.399999976      0.171495527    
  0.409999996      0.171495527    
  0.419999987      0.231248111    
  0.429999977      0.231248111    
  0.439999998      0.301328927    
  0.449999988      0.301328927    
  0.459999979      0.379904568    
  0.469999999      0.379904568    
  0.479999989      0.464092702    
  0.489999980      0.464092702    
  0.500000000      0.550250113    
  0.509999990      0.550250113    
  0.519999981      0.634426773    
  0.529999971      0.634426773    
  0.539999962      0.712895989    
  0.550000012      0.712895989    
  0.560000002      0.782645285    
  0.569999993      0.782645285    
  0.579999983      0.841719270    
  0.589999974      0.841719270    
  0.599999964      0.889351487    
  0.610000014      0.889351487    
  0.620000005      0.925875783    
  0.629999995      0.925875783    
  0.639999986      0.952464998    
  0.649999976      0.952464998    
  0.659999967      0.970779002    
  0.669999957      0.970779002    
  0.680000007      0.982608020    
  0.689999998      0.982608020    
  0.699999988      0.989575088    
  0.709999979      0.989575088    
  0.719999969      0.992929816    
  0.729999959      0.992929816    
  0.740000010      0.993433535    
  0.750000000      0.993433535    
  0.759999990      0.991314232    
  0.769999981      0.991314232    
  0.779999971      0.986268222    
  0.789999962      0.986268222    
  0.799999952      0.977495968    
  0.810000002      0.977495968    
  0.819999993      0.963771760    
  0.829999983      0.963771760    
  0.839999974      0.943564057    
  0.849999964      0.943564057    
  0.859999955      0.915220261    
  0.870000005      0.915220261    
  0.879999995      0.877224147    
  0.889999986      0.877224147    
  0.899999976      0.828504443    
  0.909999967      0.828504443    
  0.919999957      0.768751860    
  0.930000007      0.768751860    
  0.939999998      0.698671103    
  0.949999988      0.698671103    
  0.959999979      0.620095670    
  0.969999969      0.620095670    
  0.979999959      0.535907507    
  0.989999950      0.535907507    
   1.00000000      0.449750096    
