   9.99999978E-03  0.418183833    
   1.99999996E-02  0.418183833    
   2.99999993E-02  0.336147428    
   3.99999991E-02  0.336147428    
   4.99999970E-02  0.260948151    
   5.99999987E-02  0.260948151    
   7.00000003E-02  0.195202097    
   7.99999982E-02  0.195202097    
   8.99999961E-02  0.140418723    
   9.99999940E-02  0.140418723    
  0.109999999       9.69519019E-02
  0.119999997       9.69519019E-02
  0.129999995       6.41532615E-02
  0.140000001       6.41532615E-02
  0.149999991       4.06672619E-02
  0.159999996       4.06672619E-02
  0.170000002       2.47850679E-02
  0.179999992       2.47850679E-02
  0.189999998       1.47792688E-02
  0.199999988       1.47792688E-02
  0.209999993       9.16686002E-03
  0.219999999       9.16686002E-03
  0.229999989       6.88124774E-03
  0.239999995       6.88124774E-03
  0.250000000       7.36117130E-03
  0.259999990       7.36117130E-03
  0.269999981       1.05780279E-02
  0.280000001       1.05780279E-02
  0.289999992       1.70213990E-02
  0.299999982       1.70213990E-02
  0.310000002       2.76506543E-02
  0.319999993       2.76506543E-02
  0.329999983       4.38061431E-02
  0.340000004       4.38061431E-02
  0.349999994       6.70648515E-02
  0.359999985       6.70648515E-02
  0.370000005       9.90282446E-02
  0.379999995       9.90282446E-02
  0.389999986      0.141045734    
  0.399999976      0.141045734    
  0.409999996      0.193902746    
  0.419999987      0.193902746    
  0.429999977      0.257528424    
  0.439999998      0.257528424    
  0.449999988      0.330794811    
  0.459999979      0.330794811    
  0.469999999      0.411475092    
  0.479999989      0.411475092    
  0.489999980      0.496401727    
  0.500000000      0.496401727    
  0.509999990      0.581816375    
  0.519999981      0.581816375    
  0.529999971      0.663852692    
  0.539999962      0.663852692    
  0.550000012      0.739051998    
  0.560000002      0.739051998    
  0.569999993      0.804798067    
  0.579999983      0.804798067    
  0.589999974      0.859581351    
  0.599999964      0.859581351    
  0.610000014      0.903048098    
  0.620000005      0.903048098    
  0.629999995      0.935846686    
  0.639999986      0.935846686    
  0.649999976      0.959332764    
  0.659999967      0.959332764    
  0.669999957      0.975214899    
  0.680000007      0.975214899    
  0.689999998      0.985220671    
  0.699999988      0.985220671    
  0.709999979      0.990833104    
  0.719999969      0.990833104    
  0.729999959      0.993118763    
  0.740000010      0.993118763    
  0.750000000      0.992638826    
  0.759999990      0.992638826    
  0.769999981      0.989421964    
  0.779999971      0.989421964    
  0.789999962      0.982978642    
  0.799999952      0.982978642    
  0.810000002      0.972349405    
  0.819999993      0.972349405    
  0.829999983      0.956193864    
  0.839999974      0.956193864    
  0.849999964      0.932935119    
  0.859999955      0.932935119    
  0.870000005      0.900971770    
  0.879999995      0.900971770    
  0.889999986      0.858954251    
  0.899999976      0.858954251    
  0.909999967      0.806097209    
  0.919999957      0.806097209    
  0.930000007      0.742471576    
  0.939999998      0.742471576    
  0.949999988      0.669205368    
  0.959999979      0.669205368    
  0.969999969      0.588525116    
  0.979999959      0.588525116    
  0.989999950      0.503598452    
   1.00000000      0.503598452    
