   9.99999978E-03   2.19308455E-02
   1.99999996E-02   9.34367068E-03
   2.99999993E-02   9.34367068E-03
   3.99999991E-02   3.51644843E-03
   4.99999970E-02   3.51644843E-03
   5.99999987E-02   1.15487969E-03
   7.00000003E-02   1.15487969E-03
   7.99999982E-02   3.29736096E-04
   8.99999961E-02   3.29736096E-04
   9.99999940E-02   9.62075937E-05
  0.109999999       9.62075937E-05
  0.119999997       8.39643035E-05
  0.129999995       8.39643035E-05
  0.140000001       2.26831937E-04
  0.149999991       2.26831937E-04
  0.159999996       6.66848209E-04
  0.170000002       6.66848209E-04
  0.179999992       1.81258365E-03
  0.189999998       1.81258365E-03
  0.199999988       4.52670129E-03
  0.209999993       4.52670129E-03
  0.219999999       1.04073277E-02
  0.229999989       1.04073277E-02
  0.239999995       2.20752377E-02
  0.250000000       2.20752377E-02
  0.259999990       4.32896130E-02
  0.269999981       4.32896130E-02
  0.280000001       7.86469132E-02
  0.289999992       7.86469132E-02
  0.299999982      0.132665008    
  0.310000002      0.132665008    
  0.319999993      0.208290368    
  0.329999983      0.208290368    
  0.340000004      0.305245996    
  0.349999994      0.305245996    
  0.359999985      0.418959290    
  0.370000005      0.418959290    
  0.379999995      0.540795028    
  0.389999986      0.540795028    
  0.399999976      0.659829974    
  0.409999996      0.659829974    
  0.419999987      0.765638709    
  0.429999977      0.765638709    
  0.439999998      0.850968361    
  0.449999988      0.850968361    
  0.459999979      0.913187921    
  0.469999999      0.913187921    
  0.479999989      0.954039097    
  0.489999980      0.954039097    
  0.500000000      0.978069246    
  0.509999990      0.978069246    
  0.519999981      0.990656435    
  0.529999971      0.990656435    
  0.539999962      0.996483624    
  0.550000012      0.996483624    
  0.560000002      0.998845160    
  0.569999993      0.998845160    
  0.579999983      0.999670148    
  0.589999974      0.999670148    
  0.599999964      0.999903738    
  0.610000014      0.999903738    
  0.620000005      0.999916017    
  0.629999995      0.999916017    
  0.639999986      0.999773145    
  0.649999976      0.999773145    
  0.659999967      0.999333143    
  0.669999957      0.999333143    
  0.680000007      0.998187482    
  0.689999998      0.998187482    
  0.699999988      0.995473385    
  0.709999979      0.995473385    
  0.719999969      0.989592731    
  0.729999959      0.989592731    
  0.740000010      0.977924764    
  0.750000000      0.977924764    
  0.759999990      0.956710339    
  0.769999981      0.956710339    
  0.779999971      0.921353042    
  0.789999962      0.921353042    
  0.799999952      0.867334962    
  0.810000002      0.867334962    
  0.819999993      0.791709661    
  0.829999983      0.791709661    
  0.839999974      0.694754064    
  0.849999964      0.694754064    
  0.859999955      0.581040740    
  0.870000005      0.581040740    
  0.879999995      0.459205061    
  0.889999986      0.459205061    
  0.899999976      0.340170205    
  0.909999967      0.340170205    
  0.919999957      0.234361440    
  0.930000007      0.234361440    
  0.939999998      0.149031743    
  0.949999988      0.149031743    
  0.959999979       8.68121907E-02
  0.969999969       8.68121907E-02
  0.979999959       4.59609702E-02
  0.989999950       4.59609702E-02
   1.00000000       2.19308455E-02
