   9.99999978E-03  0.645964742    
   1.99999996E-02  0.571179271    
   2.99999993E-02  0.571179271    
   3.99999991E-02  0.493503511    
   4.99999970E-02  0.493503511    
   5.99999987E-02  0.415828377    
   7.00000003E-02  0.415828377    
   7.99999982E-02  0.341072500    
   8.99999961E-02  0.341072500    
   9.99999940E-02  0.271858573    
  0.109999999      0.271858573    
  0.119999997      0.210239679    
  0.129999995      0.210239679    
  0.140000001      0.157524243    
  0.149999991      0.157524243    
  0.159999996      0.114224821    
  0.170000002      0.114224821    
  0.179999992       8.01298246E-02
  0.189999998       8.01298246E-02
  0.199999988       5.44715598E-02
  0.209999993       5.44715598E-02
  0.219999999       3.61499563E-02
  0.229999989       3.61499563E-02
  0.239999995       2.39679776E-02
  0.250000000       2.39679776E-02
  0.259999990       1.68421473E-02
  0.269999981       1.68421473E-02
  0.280000001       1.39647909E-02
  0.289999992       1.39647909E-02
  0.299999982       1.49081051E-02
  0.310000002       1.49081051E-02
  0.319999993       1.96698233E-02
  0.329999983       1.96698233E-02
  0.340000004       2.86644120E-02
  0.349999994       2.86644120E-02
  0.359999985       4.26637046E-02
  0.370000005       4.26637046E-02
  0.379999995       6.26892522E-02
  0.389999986       6.26892522E-02
  0.399999976       8.98593068E-02
  0.409999996       8.98593068E-02
  0.419999987      0.125198126    
  0.429999977      0.125198126    
  0.439999998      0.169424027    
  0.449999988      0.169424027    
  0.459999979      0.222743854    
  0.469999999      0.222743854    
  0.479999989      0.284689754    
  0.489999980      0.284689754    
  0.500000000      0.354035348    
  0.509999990      0.354035348    
  0.519999981      0.428820848    
  0.529999971      0.428820848    
  0.539999962      0.506496727    
  0.550000012      0.506496727    
  0.560000002      0.584171832    
  0.569999993      0.584171832    
  0.579999983      0.658927679    
  0.589999974      0.658927679    
  0.599999964      0.728141606    
  0.610000014      0.728141606    
  0.620000005      0.789760530    
  0.629999995      0.789760530    
  0.639999986      0.842475891    
  0.649999976      0.842475891    
  0.659999967      0.885775328    
  0.669999957      0.885775328    
  0.680000007      0.919870257    
  0.689999998      0.919870257    
  0.699999988      0.945528507    
  0.709999979      0.945528507    
  0.719999969      0.963850081    
  0.729999959      0.963850081    
  0.740000010      0.976032019    
  0.750000000      0.976032019    
  0.759999990      0.983157814    
  0.769999981      0.983157814    
  0.779999971      0.986035109    
  0.789999962      0.986035109    
  0.799999952      0.985091865    
  0.810000002      0.985091865    
  0.819999993      0.980330169    
  0.829999983      0.980330169    
  0.839999974      0.971335590    
  0.849999964      0.971335590    
  0.859999955      0.957336247    
  0.870000005      0.957336247    
  0.879999995      0.937310576    
  0.889999986      0.937310576    
  0.899999976      0.910140514    
  0.909999967      0.910140514    
  0.919999957      0.874801755    
  0.930000007      0.874801755    
  0.939999998      0.830575943    
  0.949999988      0.830575943    
  0.959999979      0.777256072    
  0.969999969      0.777256072    
  0.979999959      0.715310216    
  0.989999950      0.715310216    
   1.00000000      0.645964742    
