   9.99999978E-03  0.835919321    
   1.99999996E-02  0.790033996    
   2.99999993E-02  0.790033996    
   3.99999991E-02  0.737145424    
   4.99999970E-02  0.737145424    
   5.99999987E-02  0.677993238    
   7.00000003E-02  0.677993238    
   7.99999982E-02  0.613778234    
   8.99999961E-02  0.613778234    
   9.99999940E-02  0.546111345    
  0.109999999      0.546111345    
  0.119999997      0.476906091    
  0.129999995      0.476906091    
  0.140000001      0.408224821    
  0.149999991      0.408224821    
  0.159999996      0.342100948    
  0.170000002      0.342100948    
  0.179999992      0.280364037    
  0.189999998      0.280364037    
  0.199999988      0.224494159    
  0.209999993      0.224494159    
  0.219999999      0.175526142    
  0.229999989      0.175526142    
  0.239999995      0.134016335    
  0.250000000      0.134016335    
  0.259999990      0.100072905    
  0.269999981      0.100072905    
  0.280000001       7.34402314E-02
  0.289999992       7.34402314E-02
  0.299999982       5.36204688E-02
  0.310000002       5.36204688E-02
  0.319999993       4.00113612E-02
  0.329999983       4.00113612E-02
  0.340000004       3.20395306E-02
  0.349999994       3.20395306E-02
  0.359999985       2.92715468E-02
  0.370000005       2.92715468E-02
  0.379999995       3.14900205E-02
  0.389999986       3.14900205E-02
  0.399999976       3.87272686E-02
  0.409999996       3.87272686E-02
  0.419999987       5.12542948E-02
  0.429999977       5.12542948E-02
  0.439999998       6.95270374E-02
  0.449999988       6.95270374E-02
  0.459999979       9.40959826E-02
  0.469999999       9.40959826E-02
  0.479999989      0.125488967    
  0.489999980      0.125488967    
  0.500000000      0.164080739    
  0.509999990      0.164080739    
  0.519999981      0.209965989    
  0.529999971      0.209965989    
  0.539999962      0.262854606    
  0.550000012      0.262854606    
  0.560000002      0.322006732    
  0.569999993      0.322006732    
  0.579999983      0.386221856    
  0.589999974      0.386221856    
  0.599999964      0.453888834    
  0.610000014      0.453888834    
  0.620000005      0.523094058    
  0.629999995      0.523094058    
  0.639999986      0.591775358    
  0.649999976      0.591775358    
  0.659999967      0.657899261    
  0.669999957      0.657899261    
  0.680000007      0.719636142    
  0.689999998      0.719636142    
  0.699999988      0.775506020    
  0.709999979      0.775506020    
  0.719999969      0.824474037    
  0.729999959      0.824474037    
  0.740000010      0.865983903    
  0.750000000      0.865983903    
  0.759999990      0.899927258    
  0.769999981      0.899927258    
  0.779999971      0.926559806    
  0.789999962      0.926559806    
  0.799999952      0.946379542    
  0.810000002      0.946379542    
  0.819999993      0.959988594    
  0.829999983      0.959988594    
  0.839999974      0.967960417    
  0.849999964      0.967960417    
  0.859999955      0.970728397    
  0.870000005      0.970728397    
  0.879999995      0.968509853    
  0.889999986      0.968509853    
  0.899999976      0.961272717    
  0.909999967      0.961272717    
  0.919999957      0.948745668    
  0.930000007      0.948745668    
  0.939999998      0.930472910    
  0.949999988      0.930472910    
  0.959999979      0.905903995    
  0.969999969      0.905903995    
  0.979999959      0.874511063    
  0.989999950      0.874511063    
   1.00000000      0.835919321    
