   9.99999978E-03   0.00000000    
   1.99999996E-02   0.00000000    
   2.99999993E-02   0.00000000    
   3.99999991E-02  -1.42108547E-14
   4.99999970E-02   1.29318778E-12
   5.99999987E-02  -5.59055024E-11
   7.00000003E-02   1.52604684E-09
   7.99999982E-02  -2.94838145E-08
   8.99999961E-02   4.28261274E-07
   9.99999940E-02  -4.84761085E-06
  0.109999999       4.37226372E-05
  0.119999997      -3.18459992E-04
  0.129999995       1.88561995E-03
  0.140000001      -9.08093341E-03
  0.149999991       3.53472307E-02
  0.159999996     -0.109465770    
  0.170000002      0.261056274    
  0.179999992     -0.445889413    
  0.189999998      0.435631692    
  0.199999988       8.64808559E-02
  0.209999993     -0.945926845    
  0.219999999       1.01253486    
  0.229999989      0.526776373    
  0.239999995      -1.82646298    
  0.250000000      0.142791629    
  0.259999990       2.20780015    
  0.269999981     -0.291826129    
  0.280000001      -2.35683465    
  0.289999992     -0.387579799    
  0.299999982       1.96565962    
  0.310000002       1.47990119    
  0.319999993     -0.478560209    
  0.329999983      -1.51096797    
  0.340000004      -1.16181731    
  0.349999994     -0.280295968    
  0.359999985      0.426649809    
  0.370000005      0.797171772    
  0.379999995      0.941984475    
  0.389999986      0.986412704    
  0.399999976      0.997379422    
  0.409999996      0.999583423    
  0.419999987      0.999945760    
  0.429999977      0.999994278    
  0.439999998      0.999999523    
  0.449999988       1.00000000    
  0.459999979       1.00000000    
  0.469999999       1.00000000    
  0.479999989       1.00000000    
  0.489999980       1.00000000    
  0.500000000       1.00000000    
  0.509999990       1.00000000    
  0.519999981       1.00000000    
  0.529999971       1.00000000    
  0.539999962       1.00000000    
  0.550000012       1.00000000    
  0.560000002       1.00000000    
  0.569999993       1.00000000    
  0.579999983       1.00000000    
  0.589999974      0.999999642    
  0.599999964       1.00000477    
  0.610000014      0.999956250    
  0.620000005       1.00031841    
  0.629999995      0.998114467    
  0.639999986       1.00908089    
  0.649999976      0.964652777    
  0.659999967       1.10946572    
  0.669999957      0.738944054    
  0.680000007       1.44588923    
  0.689999998      0.564368010    
  0.699999988      0.913519502    
  0.709999979       1.94592690    
  0.719999969      -1.25349760E-02
  0.729999959      0.473223686    
  0.740000010       2.82646298    
  0.750000000      0.857208014    
  0.759999990      -1.20779991    
  0.769999981       1.29182625    
  0.779999971       3.35683465    
  0.789999962       1.38757968    
  0.799999952     -0.965659738    
  0.810000002     -0.479901254    
  0.819999993       1.47856021    
  0.829999983       2.51096797    
  0.839999974       2.16181707    
  0.849999964       1.28029597    
  0.859999955      0.573350310    
  0.870000005      0.202828318    
  0.879999995       5.80153167E-02
  0.889999986       1.35871526E-02
  0.899999976       2.62059923E-03
  0.909999967       4.16519179E-04
  0.919999957       5.43365168E-05
  0.930000007       5.76626735E-06
  0.939999998       4.90395450E-07
  0.949999988       3.26503340E-08
  0.959999979       1.64047265E-09
  0.969999969       5.85202997E-11
  0.979999959       1.32160949E-12
  0.989999950       1.42108547E-14
   1.00000000       0.00000000    
