   9.99999978E-03  0.934985280    
   1.99999996E-02  0.921112001    
   2.99999993E-02  0.921112001    
   3.99999991E-02  0.901303887    
   4.99999970E-02  0.901303887    
   5.99999987E-02  0.875433862    
   7.00000003E-02  0.875433862    
   7.99999982E-02  0.843432367    
   8.99999961E-02  0.843432367    
   9.99999940E-02  0.805353761    
  0.109999999      0.805353761    
  0.119999997      0.761439025    
  0.129999995      0.761439025    
  0.140000001      0.712162614    
  0.149999991      0.712162614    
  0.159999996      0.658256888    
  0.170000002      0.658256888    
  0.179999992      0.600708544    
  0.189999998      0.600708544    
  0.199999988      0.540724754    
  0.209999993      0.540724754    
  0.219999999      0.479672462    
  0.229999989      0.479672462    
  0.239999995      0.418996990    
  0.250000000      0.418996990    
  0.259999990      0.360130548    
  0.269999981      0.360130548    
  0.280000001      0.304401070    
  0.289999992      0.304401070    
  0.299999982      0.252954185    
  0.310000002      0.252954185    
  0.319999993      0.206697479    
  0.329999983      0.206697479    
  0.340000004      0.166273147    
  0.349999994      0.166273147    
  0.359999985      0.132061347    
  0.370000005      0.132061347    
  0.379999995      0.104211919    
  0.389999986      0.104211919    
  0.399999976       8.26977268E-02
  0.409999996       8.26977268E-02
  0.419999987       6.73809946E-02
  0.429999977       6.73809946E-02
  0.439999998       5.80818206E-02
  0.449999988       5.80818206E-02
  0.459999979       5.46390116E-02
  0.469999999       5.46390116E-02
  0.479999989       5.69543615E-02
  0.489999980       5.69543615E-02
  0.500000000       6.50145859E-02
  0.509999990       6.50145859E-02
  0.519999981       7.88879097E-02
  0.529999971       7.88879097E-02
  0.539999962       9.86961424E-02
  0.550000012       9.86961424E-02
  0.560000002      0.124566145    
  0.569999993      0.124566145    
  0.579999983      0.156567708    
  0.589999974      0.156567708    
  0.599999964      0.194646314    
  0.610000014      0.194646314    
  0.620000005      0.238561079    
  0.629999995      0.238561079    
  0.639999986      0.287837565    
  0.649999976      0.287837565    
  0.659999967      0.341743320    
  0.669999957      0.341743320    
  0.680000007      0.399291664    
  0.689999998      0.399291664    
  0.699999988      0.459275454    
  0.709999979      0.459275454    
  0.719999969      0.520327747    
  0.729999959      0.520327747    
  0.740000010      0.581003189    
  0.750000000      0.581003189    
  0.759999990      0.639869630    
  0.769999981      0.639869630    
  0.779999971      0.695599198    
  0.789999962      0.695599198    
  0.799999952      0.747045994    
  0.810000002      0.747045994    
  0.819999993      0.793302715    
  0.829999983      0.793302715    
  0.839999974      0.833727002    
  0.849999964      0.833727002    
  0.859999955      0.867938817    
  0.870000005      0.867938817    
  0.879999995      0.895788193    
  0.889999986      0.895788193    
  0.899999976      0.917302310    
  0.909999967      0.917302310    
  0.919999957      0.932618976    
  0.930000007      0.932618976    
  0.939999998      0.941918135    
  0.949999988      0.941918135    
  0.959999979      0.945360899    
  0.969999969      0.945360899    
  0.979999959      0.943045557    
  0.989999950      0.943045557    
   1.00000000      0.934985280    
