   9.99999978E-03   28.2285881    
   1.99999996E-02   105.805809    
   2.99999993E-02  -10.9984655    
   3.99999991E-02   24.7153206    
   4.99999970E-02   57.7684250    
   5.99999987E-02  -148.715485    
   7.00000003E-02   14.5538750    
   7.99999982E-02   166.335403    
   8.99999961E-02  -217.057648    
   9.99999940E-02  -30.4193649    
  0.109999999       369.866333    
  0.119999997      -248.680664    
  0.129999995      -314.133636    
  0.140000001       578.971375    
  0.149999991       51.6789703    
  0.159999996      -793.641663    
  0.170000002       357.845123    
  0.179999992       833.477661    
  0.189999998      -791.416992    
  0.199999988      -719.183105    
  0.209999993       1158.42456    
  0.219999999       532.810181    
  0.229999989      -1419.37109    
  0.239999995      -367.407196    
  0.250000000       1574.18677    
  0.259999990       295.318909    
  0.269999981      -1632.27173    
  0.280000001      -353.403503    
  0.289999992       1588.19006    
  0.299999982       536.225708    
  0.310000002      -1415.95544    
  0.319999993      -790.340576    
  0.329999983       1087.26709    
  0.340000004       1015.03308    
  0.349999994      -609.861328    
  0.359999985      -1085.49365    
  0.370000005       65.9929504    
  0.379999995       911.313660    
  0.389999986       384.021423    
  0.399999976      -509.083618    
  0.409999996      -574.536743    
  0.419999987       44.0102844    
  0.429999977       444.296021    
  0.439999998       257.657745    
  0.449999988      -125.735367    
  0.459999979      -277.516998    
  0.469999999      -114.247589    
  0.479999989       92.2364349    
  0.489999980       125.289551    
  0.500000000       89.5756912    
  0.509999990      -27.2286530    
  0.519999981      -104.805824    
  0.529999971       11.9984627    
  0.539999962      -23.7153206    
  0.550000012      -56.7683487    
  0.560000002       149.715439    
  0.569999993      -13.5539703    
  0.579999983      -165.335236    
  0.589999974       218.057648    
  0.599999964       31.4192047    
  0.610000014      -368.866302    
  0.620000005       249.680817    
  0.629999995       315.133575    
  0.639999986      -577.971436    
  0.649999976      -50.6789246    
  0.659999967       794.641785    
  0.669999957      -356.845276    
  0.680000007      -832.477783    
  0.689999998       792.417114    
  0.699999988       720.183105    
  0.709999979      -1157.42493    
  0.719999969      -531.810059    
  0.729999959       1420.37146    
  0.740000010       368.406982    
  0.750000000      -1573.18689    
  0.759999990      -294.318939    
  0.769999981       1633.27161    
  0.779999971       354.403717    
  0.789999962      -1587.18994    
  0.799999952      -535.225708    
  0.810000002       1416.95544    
  0.819999993       791.340576    
  0.829999983      -1086.26709    
  0.839999974      -1014.03308    
  0.849999964       610.861450    
  0.859999955       1086.49390    
  0.870000005      -64.9931335    
  0.879999995      -910.313843    
  0.889999986      -383.021393    
  0.899999976       510.083710    
  0.909999967       575.536743    
  0.919999957      -43.0102234    
  0.930000007      -443.295929    
  0.939999998      -256.657715    
  0.949999988       126.735321    
  0.959999979       278.516907    
  0.969999969       115.247566    
  0.979999959      -91.2363739    
  0.989999950      -124.289497    
   1.00000000      -88.5756989    
