   9.99999978E-03   622.658997    
   1.99999996E-02  -3040.25317    
   2.99999993E-02  -384.597900    
   3.99999991E-02   1164.41992    
   4.99999970E-02  -1838.68286    
   5.99999987E-02   1419.19922    
   7.00000003E-02   3384.08057    
   7.99999982E-02  -4059.20752    
   8.99999961E-02  -2092.70776    
   9.99999940E-02   6261.83887    
  0.109999999      -1915.64209    
  0.119999997      -7142.11719    
  0.129999995       6968.40527    
  0.140000001       5752.47266    
  0.149999991      -11515.5576    
  0.159999996      -2031.11719    
  0.170000002       14806.8047    
  0.179999992      -2975.16455    
  0.189999998      -16568.6133    
  0.199999988       8035.65234    
  0.209999993       16990.1504    
  0.219999999      -12330.6406    
  0.229999989      -16728.0391    
  0.239999995       15360.2803    
  0.250000000       16521.6348    
  0.259999990      -16798.7852    
  0.269999981      -16803.9355    
  0.280000001       16516.4824    
  0.289999992       17677.8398    
  0.299999982      -14410.4727    
  0.310000002      -18807.8672    
  0.319999993       10512.9199    
  0.329999983       19467.4062    
  0.340000004      -5136.85449    
  0.349999994      -18730.2969    
  0.359999985      -948.330078    
  0.370000005       15889.5879    
  0.379999995       6405.14844    
  0.389999986      -10862.8809    
  0.399999976      -9646.94922    
  0.409999996       4463.57227    
  0.419999987       9690.04688    
  0.429999977       1512.56592    
  0.439999998      -6841.98145    
  0.449999988      -4875.48242    
  0.459999979       2567.80518    
  0.469999999       4532.68848    
  0.479999989       1274.80725    
  0.489999980      -1728.29700    
  0.500000000      -3277.31445    
  0.509999990      -621.657959    
  0.519999981       3041.25293    
  0.529999971       385.598022    
  0.539999962      -1163.41895    
  0.550000012       1839.68176    
  0.560000002      -1418.20056    
  0.569999993      -3383.07886    
  0.579999983       4060.20898    
  0.589999974       2093.70605    
  0.599999964      -6260.84082    
  0.610000014       1916.64380    
  0.620000005       7143.11914    
  0.629999995      -6967.40820    
  0.639999986      -5751.47412    
  0.649999976       11516.5605    
  0.659999967       2032.11621    
  0.669999957      -14805.8047    
  0.680000007       2976.16504    
  0.689999998       16569.6113    
  0.699999988      -8034.65771    
  0.709999979      -16989.1484    
  0.719999969       12331.6465    
  0.729999959       16729.0391    
  0.740000010      -15359.2783    
  0.750000000      -16520.6348    
  0.759999990       16799.7852    
  0.769999981       16804.9355    
  0.779999971      -16515.4824    
  0.789999962      -17676.8379    
  0.799999952       14411.4688    
  0.810000002       18808.8672    
  0.819999993      -10511.9199    
  0.829999983      -19466.4102    
  0.839999974       5137.85400    
  0.849999964       18731.2988    
  0.859999955       949.332031    
  0.870000005      -15888.5908    
  0.879999995      -6404.14893    
  0.889999986       10863.8838    
  0.899999976       9647.95117    
  0.909999967      -4462.57520    
  0.919999957      -9689.04980    
  0.930000007      -1511.56519    
  0.939999998       6842.98242    
  0.949999988       4876.48340    
  0.959999979      -2566.80518    
  0.969999969      -4531.68848    
  0.979999959      -1273.80786    
  0.989999950       1729.29590    
   1.00000000       3278.31445    
