   9.99999978E-03   0.00000000    
   1.99999996E-02   0.00000000    
   2.99999993E-02   0.00000000    
   3.99999991E-02   0.00000000    
   4.99999970E-02   4.25292690E-10
   5.99999987E-02   4.25292690E-10
   7.00000003E-02   1.60193565E-08
   7.99999982E-02   1.60193565E-08
   8.99999961E-02   2.88915430E-07
   9.99999940E-02   2.88915430E-07
  0.109999999       3.32109448E-06
  0.119999997       3.32109448E-06
  0.129999995       2.73258393E-05
  0.140000001       2.73258393E-05
  0.149999991       1.71354361E-04
  0.159999996       1.71354361E-04
  0.170000002       8.51489021E-04
  0.179999992       8.51489021E-04
  0.189999998       3.44247813E-03
  0.199999988       3.44247813E-03
  0.209999993       1.15393186E-02
  0.219999999       1.15393186E-02
  0.229999989       3.25311273E-02
  0.239999995       3.25311273E-02
  0.250000000       7.80133754E-02
  0.259999990       7.80133754E-02
  0.269999981      0.160708368    
  0.280000001      0.160708368    
  0.289999992      0.287047952    
  0.299999982      0.287047952    
  0.310000002      0.449021816    
  0.319999993      0.449021816    
  0.329999983      0.622565269    
  0.340000004      0.622565269    
  0.349999994      0.776826084    
  0.359999985      0.776826084    
  0.370000005      0.889307916    
  0.379999995      0.889307916    
  0.389999986      0.955473661    
  0.399999976      0.955473661    
  0.409999996      0.986105978    
  0.419999987      0.986105978    
  0.429999977      0.996854186    
  0.439999998      0.996854186    
  0.449999988      0.999541163    
  0.459999979      0.999541163    
  0.469999999      0.999967694    
  0.479999989      0.999967694    
  0.489999980       1.00000000    
  0.500000000       1.00000000    
  0.509999990       1.00000000    
  0.519999981       1.00000000    
  0.529999971       1.00000000    
  0.539999962       1.00000000    
  0.550000012       1.00000000    
  0.560000002       1.00000000    
  0.569999993       1.00000000    
  0.579999983       1.00000000    
  0.589999974      0.999999762    
  0.599999964      0.999999762    
  0.610000014      0.999996722    
  0.620000005      0.999996722    
  0.629999995      0.999972701    
  0.639999986      0.999972701    
  0.649999976      0.999828696    
  0.659999967      0.999828696    
  0.669999957      0.999148607    
  0.680000007      0.999148607    
  0.689999998      0.996557593    
  0.699999988      0.996557593    
  0.709999979      0.988460660    
  0.719999969      0.988460660    
  0.729999959      0.967468858    
  0.740000010      0.967468858    
  0.750000000      0.921986580    
  0.759999990      0.921986580    
  0.769999981      0.839291573    
  0.779999971      0.839291573    
  0.789999962      0.712952018    
  0.799999952      0.712952018    
  0.810000002      0.550978184    
  0.819999993      0.550978184    
  0.829999983      0.377434790    
  0.839999974      0.377434790    
  0.849999964      0.223173976    
  0.859999955      0.223173976    
  0.870000005      0.110692143    
  0.879999995      0.110692143    
  0.889999986       4.45263572E-02
  0.899999976       4.45263572E-02
  0.909999967       1.38940476E-02
  0.919999957       1.38940476E-02
  0.930000007       3.14587122E-03
  0.939999998       3.14587122E-03
  0.949999988       4.58826747E-04
  0.959999979       4.58826747E-04
  0.969999969       3.23117420E-05
  0.979999959       3.23117420E-05
  0.989999950       0.00000000    
   1.00000000       0.00000000    
