   9.99999978E-03  0.937392235    
   1.99999996E-02  0.930719972    
   2.99999993E-02  0.930719972    
   3.99999991E-02  0.918199122    
   4.99999970E-02  0.918199122    
   5.99999987E-02  0.899767339    
   7.00000003E-02  0.899767339    
   7.99999982E-02  0.875359774    
   8.99999961E-02  0.875359774    
   9.99999940E-02  0.844959319    
  0.109999999      0.844959319    
  0.119999997      0.808652580    
  0.129999995      0.808652580    
  0.140000001      0.766683400    
  0.149999991      0.766683400    
  0.159999996      0.719495177    
  0.170000002      0.719495177    
  0.179999992      0.667755365    
  0.189999998      0.667755365    
  0.199999988      0.612356722    
  0.209999993      0.612356722    
  0.219999999      0.554392993    
  0.229999989      0.554392993    
  0.239999995      0.495111227    
  0.250000000      0.495111227    
  0.259999990      0.435845256    
  0.269999981      0.435845256    
  0.280000001      0.377937883    
  0.289999992      0.377937883    
  0.299999982      0.322661310    
  0.310000002      0.322661310    
  0.319999993      0.271146089    
  0.329999983      0.271146089    
  0.340000004      0.224326521    
  0.349999994      0.224326521    
  0.359999985      0.182908922    
  0.370000005      0.182908922    
  0.379999995      0.147365838    
  0.389999986      0.147365838    
  0.399999976      0.117954671    
  0.409999996      0.117954671    
  0.419999987       9.47571844E-02
  0.429999977       9.47571844E-02
  0.439999998       7.77320862E-02
  0.449999988       7.77320862E-02
  0.459999979       6.67726919E-02
  0.469999999       6.67726919E-02
  0.479999989       6.17606416E-02
  0.489999980       6.17606416E-02
  0.500000000       6.26077056E-02
  0.509999990       6.26077056E-02
  0.519999981       6.92799464E-02
  0.529999971       6.92799464E-02
  0.539999962       8.18007439E-02
  0.550000012       8.18007439E-02
  0.560000002      0.100232579    
  0.569999993      0.100232579    
  0.579999983      0.124640226    
  0.589999974      0.124640226    
  0.599999964      0.155040726    
  0.610000014      0.155040726    
  0.620000005      0.191347480    
  0.629999995      0.191347480    
  0.639999986      0.233316705    
  0.649999976      0.233316705    
  0.659999967      0.280504972    
  0.669999957      0.280504972    
  0.680000007      0.332244754    
  0.689999998      0.332244754    
  0.699999988      0.387643486    
  0.709999979      0.387643486    
  0.719999969      0.445607275    
  0.729999959      0.445607275    
  0.740000010      0.504889011    
  0.750000000      0.504889011    
  0.759999990      0.564154983    
  0.769999981      0.564154983    
  0.779999971      0.622062385    
  0.789999962      0.622062385    
  0.799999952      0.677338898    
  0.810000002      0.677338898    
  0.819999993      0.728854060    
  0.829999983      0.728854060    
  0.839999974      0.775673747    
  0.849999964      0.775673747    
  0.859999955      0.817091346    
  0.870000005      0.817091346    
  0.879999995      0.852634430    
  0.889999986      0.852634430    
  0.899999976      0.882045507    
  0.909999967      0.882045507    
  0.919999957      0.905242980    
  0.930000007      0.905242980    
  0.939999998      0.922268033    
  0.949999988      0.922268033    
  0.959999979      0.933227301    
  0.969999969      0.933227301    
  0.979999959      0.938239336    
  0.989999950      0.938239336    
   1.00000000      0.937392235    
