   9.99999978E-03   14343.8818    
   1.99999996E-02  -19561.4141    
   2.99999993E-02  -10506.0254    
   3.99999991E-02   12721.9561    
   4.99999970E-02  -7876.34863    
   5.99999987E-02  -3920.71973    
   7.00000003E-02   27593.8340    
   7.99999982E-02  -8822.03125    
   8.99999961E-02  -35889.6250    
   9.99999940E-02   27187.3262    
  0.109999999       28324.3770    
  0.119999997      -48563.5898    
  0.129999995      -8420.95312    
  0.140000001       66292.0469    
  0.149999991      -17952.1484    
  0.159999996      -74572.1719    
  0.170000002       46376.2930    
  0.179999992       72815.6250    
  0.189999998      -73445.3203    
  0.199999988      -64830.7422    
  0.209999993       95990.3047    
  0.219999999       55216.7500    
  0.229999989      -112089.031    
  0.239999995      -47521.3164    
  0.250000000       121602.617    
  0.259999990       44490.4492    
  0.269999981      -124823.586    
  0.280000001      -47711.4062    
  0.289999992       121412.516    
  0.299999982       56844.8281    
  0.310000002      -110460.898    
  0.319999993      -69687.3516    
  0.329999983       91133.6406    
  0.340000004       82519.0469    
  0.349999994      -63741.8633    
  0.359999985      -90181.1719    
  0.370000005       30767.2812    
  0.379999995       87387.2969    
  0.389999986       3143.09766    
  0.399999976      -71569.8906    
  0.409999996      -31427.2402    
  0.419999987       45460.7383    
  0.429999977       46597.7891    
  0.439999998      -16479.1660    
  0.449999988      -43546.7617    
  0.459999979      -7130.90332    
  0.469999999       24383.6582    
  0.479999989       20428.0371    
  0.489999980      -170.280273    
  0.500000000      -23398.2734    
  0.509999990      -14342.8789    
  0.519999981       19562.4121    
  0.529999971       10507.0234    
  0.539999962      -12720.9551    
  0.550000012       7877.35107    
  0.560000002       3921.71240    
  0.569999993      -27592.8379    
  0.579999983       8823.04102    
  0.589999974       35890.6289    
  0.599999964      -27186.3438    
  0.610000014      -28323.3828    
  0.620000005       48564.6172    
  0.629999995       8421.94727    
  0.639999986      -66291.0547    
  0.649999976       17953.1484    
  0.659999967       74573.1875    
  0.669999957      -46375.3008    
  0.680000007      -72814.6172    
  0.689999998       73446.3359    
  0.699999988       64831.7188    
  0.709999979      -95989.3203    
  0.719999969      -55215.7305    
  0.729999959       112090.047    
  0.740000010       47522.3008    
  0.750000000      -121601.633    
  0.759999990      -44489.4297    
  0.769999981       124824.562    
  0.779999971       47712.4023    
  0.789999962      -121411.500    
  0.799999952      -56843.8242    
  0.810000002       110461.922    
  0.819999993       69688.3672    
  0.829999983      -91132.6562    
  0.839999974      -82518.0625    
  0.849999964       63742.8516    
  0.859999955       90182.1875    
  0.870000005      -30766.2734    
  0.879999995      -87386.3047    
  0.889999986      -3142.10352    
  0.899999976       71570.8984    
  0.909999967       31428.2363    
  0.919999957      -45459.7422    
  0.930000007      -46596.7812    
  0.939999998       16480.1680    
  0.949999988       43547.7656    
  0.959999979       7131.89648    
  0.969999969      -24382.6602    
  0.979999959      -20427.0352    
  0.989999950       171.276367    
   1.00000000       23399.2715    
