   9.99999978E-03  -494573.562    
   1.99999996E-02   20696.1562    
   2.99999993E-02   404029.719    
   3.99999991E-02  -93590.5781    
   4.99999970E-02  -158156.141    
   5.99999987E-02   269496.531    
   7.00000003E-02  -156066.781    
   7.99999982E-02  -419622.812    
   8.99999961E-02   458404.688    
   9.99999940E-02   424100.125    
  0.109999999      -708209.500    
  0.119999997      -240211.156    
  0.129999995       897153.562    
  0.140000001      -84801.3750    
  0.149999991      -1020955.00    
  0.159999996       459810.375    
  0.170000002       1068033.25    
  0.179999992      -810098.625    
  0.189999998      -1036488.38    
  0.199999988       1102579.00    
  0.209999993       952908.375    
  0.219999999      -1329903.38    
  0.229999989      -864651.875    
  0.239999995       1487055.62    
  0.250000000       813372.438    
  0.259999990      -1565662.00    
  0.269999981      -819512.250    
  0.280000001       1559522.00    
  0.289999992       885839.250    
  0.299999982      -1465867.75    
  0.310000002      -1000616.94    
  0.319999993       1282194.25    
  0.329999983       1132523.38    
  0.340000004      -1006543.75    
  0.349999994      -1232933.38    
  0.359999985       645198.250    
  0.370000005       1253421.00    
  0.379999995      -227344.375    
  0.389999986      -1163497.62    
  0.399999976      -181542.781    
  0.409999996       955821.875    
  0.419999987       487823.375    
  0.429999977      -644486.125    
  0.439999998      -610181.500    
  0.449999988       267846.031    
  0.459999979       531402.125    
  0.469999999       105838.906    
  0.479999989      -321813.906    
  0.489999980      -386379.500    
  0.500000000       111241.016    
  0.509999990       494574.500    
  0.519999981      -20695.2188    
  0.529999971      -404028.688    
  0.539999962       93591.6484    
  0.550000012       158157.062    
  0.560000002      -269495.625    
  0.569999993       156067.812    
  0.579999983       419623.906    
  0.589999974      -458403.812    
  0.599999964      -424099.156    
  0.610000014       708210.750    
  0.620000005       240212.031    
  0.629999995      -897152.938    
  0.639999986       84802.5000    
  0.649999976       1020956.25    
  0.659999967      -459809.531    
  0.669999957      -1068032.25    
  0.680000007       810099.875    
  0.689999998       1036489.38    
  0.699999988      -1102578.50    
  0.709999979      -952907.250    
  0.719999969       1329904.50    
  0.729999959       864652.938    
  0.740000010      -1487054.75    
  0.750000000      -813371.375    
  0.759999990       1565663.38    
  0.769999981       819513.250    
  0.779999971      -1559521.38    
  0.789999962      -885838.188    
  0.799999952       1465869.25    
  0.810000002       1000618.06    
  0.819999993      -1282193.25    
  0.829999983      -1132522.50    
  0.839999974       1006544.31    
  0.849999964       1232934.25    
  0.859999955      -645197.125    
  0.870000005      -1253419.88    
  0.879999995       227345.250    
  0.889999986       1163498.62    
  0.899999976       181543.812    
  0.909999967      -955820.875    
  0.919999957      -487822.438    
  0.930000007       644487.250    
  0.939999998       610182.500    
  0.949999988      -267845.094    
  0.959999979      -531401.250    
  0.969999969      -105837.891    
  0.979999959       321814.938    
  0.989999950       386380.438    
   1.00000000      -111239.984    
