   9.99999978E-03  -641.347900    
   1.99999996E-02   1045.32727    
   2.99999993E-02   381.352051    
   3.99999991E-02  -424.591858    
   4.99999970E-02   849.601074    
   5.99999987E-02  -386.858215    
   7.00000003E-02  -1638.41846    
   7.99999982E-02   1488.84497    
   8.99999961E-02   1038.30225    
   9.99999940E-02  -2678.06055    
  0.109999999       788.883057    
  0.119999997       3247.26392    
  0.129999995      -3092.89209    
  0.140000001      -2545.49414    
  0.149999991       5242.69287    
  0.159999996       653.492188    
  0.170000002      -6782.25635    
  0.179999992       1840.49414    
  0.189999998       7481.72754    
  0.199999988      -4359.36914    
  0.209999993      -7479.49219    
  0.219999999       6505.23389    
  0.229999989       7185.72607    
  0.239999995      -7993.00879    
  0.250000000      -6962.51465    
  0.259999990       8715.39648    
  0.269999981       7073.54590    
  0.280000001      -8604.36328    
  0.289999992      -7573.86963    
  0.299999982       7604.86035    
  0.310000002       8285.34961    
  0.319999993      -5699.37451    
  0.329999983      -8819.49414    
  0.340000004       3021.60132    
  0.349999994       8662.83203    
  0.359999985       40.0820312    
  0.370000005      -7395.66504    
  0.379999995      -2806.46655    
  0.389999986       4981.71973    
  0.399999976       4434.32227    
  0.409999996      -1905.83289    
  0.419999987      -4364.21387    
  0.429999977      -897.270142    
  0.439999998       2819.09302    
  0.449999988       2368.55127    
  0.459999979      -758.712097    
  0.469999999      -2010.27295    
  0.479999989      -773.813904    
  0.489999980       500.379578    
  0.500000000       1306.32336    
  0.509999990       642.347534    
  0.519999981      -1044.32727    
  0.529999971      -380.352051    
  0.539999962       425.591339    
  0.550000012      -848.600525    
  0.560000002       387.858948    
  0.569999993       1639.41772    
  0.579999983      -1487.84570    
  0.589999974      -1037.30127    
  0.599999964       2679.06128    
  0.610000014      -787.884033    
  0.620000005      -3246.26440    
  0.629999995       3093.89307    
  0.639999986       2546.49463    
  0.649999976      -5241.69385    
  0.659999967      -652.492188    
  0.669999957       6783.25732    
  0.680000007      -1839.49536    
  0.689999998      -7480.72705    
  0.699999988       4360.37158    
  0.709999979       7480.49219    
  0.719999969      -6504.23535    
  0.729999959      -7184.72510    
  0.740000010       7994.00928    
  0.750000000       6963.51465    
  0.759999990      -8714.39648    
  0.769999981      -7072.54590    
  0.779999971       8605.36328    
  0.789999962       7574.86963    
  0.799999952      -7603.86035    
  0.810000002      -8284.34961    
  0.819999993       5700.37402    
  0.829999983       8820.49609    
  0.839999974      -3020.60083    
  0.849999964      -8661.83301    
  0.859999955      -39.0822754    
  0.870000005       7396.66650    
  0.879999995       2807.46631    
  0.889999986      -4980.72168    
  0.899999976      -4433.32324    
  0.909999967       1906.83398    
  0.919999957       4365.21484    
  0.930000007       898.270264    
  0.939999998      -2818.09326    
  0.949999988      -2367.55127    
  0.959999979       759.712036    
  0.969999969       2011.27283    
  0.979999959       774.813965    
  0.989999950      -499.379211    
   1.00000000      -1305.32324    
