   9.99999978E-03   413.021088    
   1.99999996E-02  -275.354187    
   2.99999993E-02  -220.656250    
   3.99999991E-02   157.375366    
   4.99999970E-02  -379.146484    
   5.99999987E-02   17.7847748    
   7.00000003E-02   744.335144    
   7.99999982E-02  -496.382141    
   8.99999961E-02  -498.932617    
   9.99999940E-02   1154.57825    
  0.109999999      -273.797424    
  0.119999997      -1477.70276    
  0.129999995       1333.34314    
  0.140000001       1132.15015    
  0.149999991      -2377.35620    
  0.159999996      -199.487793    
  0.170000002       3099.51025    
  0.179999992      -1033.27319    
  0.189999998      -3354.61182    
  0.199999988       2300.87744    
  0.209999993       3266.82764    
  0.219999999      -3358.39282    
  0.229999989      -3031.78247    
  0.239999995       4090.86572    
  0.250000000       2862.80176    
  0.259999990      -4450.35254    
  0.269999981      -2902.01221    
  0.280000001       4411.14160    
  0.289999992       3183.07739    
  0.299999982      -3939.56982    
  0.310000002      -3612.95801    
  0.319999993       3012.26172    
  0.329999983       3978.21143    
  0.340000004      -1677.27759    
  0.349999994      -3998.61572    
  0.359999985       134.167358    
  0.370000005       3433.16504    
  0.379999995       1255.29736    
  0.389999986      -2254.20898    
  0.399999976      -2053.01611    
  0.409999996       758.029907    
  0.419999987       1961.93530    
  0.429999977       533.559875    
  0.439999998      -1119.95117    
  0.449999988      -1122.50208    
  0.459999979       118.215332    
  0.469999999       844.765808    
  0.479999989       447.834595    
  0.489999980      -88.6875458    
  0.500000000      -466.719299    
  0.509999990      -412.021057    
  0.519999981       276.354279    
  0.529999971       221.656219    
  0.539999962      -156.375107    
  0.550000012       380.146301    
  0.560000002      -16.7851715    
  0.569999993      -743.334717    
  0.579999983       497.382446    
  0.589999974       499.932190    
  0.599999964      -1153.57849    
  0.610000014       274.797943    
  0.620000005       1478.70288    
  0.629999995      -1332.34363    
  0.639999986      -1131.15039    
  0.649999976       2378.35645    
  0.659999967       200.487793    
  0.669999957      -3098.51074    
  0.680000007       1034.27380    
  0.689999998       3355.61230    
  0.699999988      -2299.87817    
  0.709999979      -3265.82739    
  0.719999969       3359.39331    
  0.729999959       3032.78174    
  0.740000010      -4089.86572    
  0.750000000      -2861.80176    
  0.759999990       4451.35254    
  0.769999981       2903.01221    
  0.779999971      -4410.14160    
  0.789999962      -3182.07739    
  0.799999952       3940.56982    
  0.810000002       3613.95801    
  0.819999993      -3011.26172    
  0.829999983      -3977.21143    
  0.839999974       1678.27747    
  0.849999964       3999.61621    
  0.859999955      -133.167725    
  0.870000005      -3432.16577    
  0.879999995      -1254.29712    
  0.889999986       2255.20972    
  0.899999976       2054.01660    
  0.909999967      -757.030090    
  0.919999957      -1960.93567    
  0.930000007      -532.559875    
  0.939999998       1120.95117    
  0.949999988       1123.50195    
  0.959999979      -117.215210    
  0.969999969      -843.765625    
  0.979999959      -446.834473    
  0.989999950       89.6874390    
   1.00000000       467.719086    
