   9.99999978E-03  0.328947306    
   1.99999996E-02  0.328947306    
   2.99999993E-02  0.251238525    
   3.99999991E-02  0.251238525    
   4.99999970E-02  0.184169278    
   5.99999987E-02  0.184169278    
   7.00000003E-02  0.129261062    
   7.99999982E-02  0.129261062    
   8.99999961E-02   8.66658837E-02
   9.99999940E-02   8.66658837E-02
  0.109999999       5.53963520E-02
  0.119999997       5.53963520E-02
  0.129999995       3.37173380E-02
  0.140000001       3.37173380E-02
  0.149999991       1.95834246E-02
  0.159999996       1.95834246E-02
  0.170000002       1.10224364E-02
  0.179999992       1.10224364E-02
  0.189999998       6.40805811E-03
  0.199999988       6.40805811E-03
  0.209999993       4.61257761E-03
  0.219999999       4.61257761E-03
  0.229999989       5.06569957E-03
  0.239999995       5.06569957E-03
  0.250000000       7.75822392E-03
  0.259999990       7.75822392E-03
  0.269999981       1.32209659E-02
  0.280000001       1.32209659E-02
  0.289999992       2.24879906E-02
  0.299999982       2.24879906E-02
  0.310000002       3.70301157E-02
  0.319999993       3.70301157E-02
  0.329999983       5.86299337E-02
  0.340000004       5.86299337E-02
  0.349999994       8.91706795E-02
  0.359999985       8.91706795E-02
  0.370000005      0.130331010    
  0.379999995      0.130331010    
  0.389999986      0.183212370    
  0.399999976      0.183212370    
  0.409999996      0.247965515    
  0.419999987      0.247965515    
  0.429999977      0.323511004    
  0.439999998      0.323511004    
  0.449999988      0.407450408    
  0.459999979      0.407450408    
  0.469999999      0.496232450    
  0.479999989      0.496232450    
  0.489999980      0.585572958    
  0.500000000      0.585572958    
  0.509999990      0.671052814    
  0.519999981      0.671052814    
  0.529999971      0.748761654    
  0.539999962      0.748761654    
  0.550000012      0.815830827    
  0.560000002      0.815830827    
  0.569999993      0.870739043    
  0.579999983      0.870739043    
  0.589999974      0.913334191    
  0.599999964      0.913334191    
  0.610000014      0.944603682    
  0.620000005      0.944603682    
  0.629999995      0.966282666    
  0.639999986      0.966282666    
  0.649999976      0.980416596    
  0.659999967      0.980416596    
  0.669999957      0.988977551    
  0.680000007      0.988977551    
  0.689999998      0.993591964    
  0.699999988      0.993591964    
  0.709999979      0.995387375    
  0.719999969      0.995387375    
  0.729999959      0.994934261    
  0.740000010      0.994934261    
  0.750000000      0.992241740    
  0.759999990      0.992241740    
  0.769999981      0.986779034    
  0.779999971      0.986779034    
  0.789999962      0.977512002    
  0.799999952      0.977512002    
  0.810000002      0.962969899    
  0.819999993      0.962969899    
  0.829999983      0.941370070    
  0.839999974      0.941370070    
  0.849999964      0.910829365    
  0.859999955      0.910829365    
  0.870000005      0.869668961    
  0.879999995      0.869668961    
  0.889999986      0.816787601    
  0.899999976      0.816787601    
  0.909999967      0.752034426    
  0.919999957      0.752034426    
  0.930000007      0.676489115    
  0.939999998      0.676489115    
  0.949999988      0.592549741    
  0.959999979      0.592549741    
  0.969999969      0.503767669    
  0.979999959      0.503767669    
  0.989999950      0.414427221    
   1.00000000      0.414427221    
