   9.99999978E-03  -11530.8936    
   1.99999996E-02  -13698.5098    
   2.99999993E-02   8438.72949    
   3.99999991E-02   3750.87158    
   4.99999970E-02  -7062.15234    
   5.99999987E-02   12202.4824    
   7.00000003E-02   3886.11426    
   7.99999982E-02  -24522.6445    
   8.99999961E-02   5530.86328    
   9.99999940E-02   27445.3105    
  0.109999999      -21598.2812    
  0.119999997      -20731.0898    
  0.129999995       39476.5195    
  0.140000001       6812.56445    
  0.149999991      -52914.4141    
  0.159999996       11830.2910    
  0.170000002       58996.1250    
  0.179999992      -32496.0234    
  0.189999998      -58868.4609    
  0.199999988       51864.4688    
  0.209999993       55288.3438    
  0.219999999      -67216.5000    
  0.229999989      -50863.9492    
  0.239999995       77512.9297    
  0.250000000       47981.8750    
  0.259999990      -82577.5547    
  0.269999981      -48421.4727    
  0.280000001       82137.9688    
  0.289999992       52606.9258    
  0.299999982      -75769.9219    
  0.310000002      -59417.3828    
  0.319999993       63087.4141    
  0.329999983       66511.2656    
  0.340000004      -44221.6328    
  0.349999994      -70594.0547    
  0.359999985       20898.0820    
  0.370000005       68063.9062    
  0.379999995       3319.19336    
  0.389999986      -56407.7773    
  0.399999976      -23743.8125    
  0.409999996       36463.8047    
  0.419999987       35596.6094    
  0.429999977      -13446.9883    
  0.439999998      -35361.4375    
  0.449999988      -5307.93066    
  0.459999979       23100.8301    
  0.469999999       14784.4668    
  0.479999989      -4480.17480    
  0.489999980      -15293.2090    
  0.500000000      -10605.3477    
  0.509999990       11531.8955    
  0.519999981       13699.5078    
  0.529999971      -8437.72949    
  0.539999962      -3749.87134    
  0.550000012       7063.14893    
  0.560000002      -12201.4863    
  0.569999993      -3885.10791    
  0.579999983       24523.6484    
  0.589999974      -5529.87305    
  0.599999964      -27444.3184    
  0.610000014       21599.2969    
  0.620000005       20732.0938    
  0.629999995      -39475.5391    
  0.639999986      -6811.56445    
  0.649999976       52915.4219    
  0.659999967      -11829.2910    
  0.669999957      -58995.1328    
  0.680000007       32497.0332    
  0.689999998       58869.4570    
  0.699999988      -51863.4922    
  0.709999979      -55287.3281    
  0.719999969       67217.5156    
  0.729999959       50864.9492    
  0.740000010      -77511.9453    
  0.750000000      -47980.8789    
  0.759999990       82578.5625    
  0.769999981       48422.4688    
  0.779999971      -82136.9531    
  0.789999962      -52605.9258    
  0.799999952       75770.9297    
  0.810000002       59418.3906    
  0.819999993      -63086.4258    
  0.829999983      -66510.2891    
  0.839999974       44222.6328    
  0.849999964       70595.0625    
  0.859999955      -20897.0703    
  0.870000005      -68062.9062    
  0.879999995      -3318.20312    
  0.889999986       56408.7812    
  0.899999976       23744.8105    
  0.909999967      -36462.8086    
  0.919999957      -35595.6055    
  0.930000007       13447.9961    
  0.939999998       35362.4375    
  0.949999988       5308.92676    
  0.959999979      -23099.8340    
  0.969999969      -14783.4648    
  0.979999959       4481.17383    
  0.989999950       15294.2070    
   1.00000000       10606.3496    
