   9.99999978E-03   7.01179914E-03
   1.99999996E-02   2.29810900E-03
   2.99999993E-02   2.29810900E-03
   3.99999991E-02   6.31737523E-04
   4.99999970E-02   6.31737523E-04
   5.99999987E-02   1.42114892E-04
   7.00000003E-02   1.42114892E-04
   7.99999982E-02   2.79803862E-05
   8.99999961E-02   2.79803862E-05
   9.99999940E-02   1.76374033E-05
  0.109999999       1.76374033E-05
  0.119999997       5.85367488E-05
  0.129999995       5.85367488E-05
  0.140000001       2.09964288E-04
  0.149999991       2.09964288E-04
  0.159999996       6.79450575E-04
  0.170000002       6.79450575E-04
  0.179999992       1.98360952E-03
  0.189999998       1.98360952E-03
  0.199999988       5.24400640E-03
  0.209999993       5.24400640E-03
  0.219999999       1.25958808E-02
  0.229999989       1.25958808E-02
  0.239999995       2.75719222E-02
  0.250000000       2.75719222E-02
  0.259999990       5.51593676E-02
  0.269999981       5.51593676E-02
  0.280000001      0.101138443    
  0.289999992      0.101138443    
  0.299999982      0.170471966    
  0.310000002      0.170471966    
  0.319999993      0.265017718    
  0.329999983      0.265017718    
  0.340000004      0.381487131    
  0.349999994      0.381487131    
  0.359999985      0.510897517    
  0.370000005      0.510897517    
  0.379999995      0.640307963    
  0.389999986      0.640307963    
  0.399999976      0.756445527    
  0.409999996      0.756445527    
  0.419999987      0.849642336    
  0.429999977      0.849642336    
  0.439999998      0.916211426    
  0.449999988      0.916211426    
  0.459999979      0.958295465    
  0.469999999      0.958295465    
  0.479999989      0.981675506    
  0.489999980      0.981675506    
  0.500000000      0.992988348    
  0.509999990      0.992988348    
  0.519999981      0.997701943    
  0.529999971      0.997701943    
  0.539999962      0.999368310    
  0.550000012      0.999368310    
  0.560000002      0.999857903    
  0.569999993      0.999857903    
  0.579999983      0.999971986    
  0.589999974      0.999971986    
  0.599999964      0.999982357    
  0.610000014      0.999982357    
  0.620000005      0.999941409    
  0.629999995      0.999941409    
  0.639999986      0.999790013    
  0.649999976      0.999790013    
  0.659999967      0.999320567    
  0.669999957      0.999320567    
  0.680000007      0.998016477    
  0.689999998      0.998016477    
  0.699999988      0.994756043    
  0.709999979      0.994756043    
  0.719999969      0.987404168    
  0.729999959      0.987404168    
  0.740000010      0.972428024    
  0.750000000      0.972428024    
  0.759999990      0.944840610    
  0.769999981      0.944840610    
  0.779999971      0.898861527    
  0.789999962      0.898861527    
  0.799999952      0.829527974    
  0.810000002      0.829527974    
  0.819999993      0.734982312    
  0.829999983      0.734982312    
  0.839999974      0.618512988    
  0.849999964      0.618512988    
  0.859999955      0.489102483    
  0.870000005      0.489102483    
  0.879999995      0.359692097    
  0.889999986      0.359692097    
  0.899999976      0.243554562    
  0.909999967      0.243554562    
  0.919999957      0.150357753    
  0.930000007      0.150357753    
  0.939999998       8.37886035E-02
  0.949999988       8.37886035E-02
  0.959999979       4.17046547E-02
  0.969999969       4.17046547E-02
  0.979999959       1.83246844E-02
  0.989999950       1.83246844E-02
   1.00000000       7.01179914E-03
