   9.99999978E-03   450518.094    
   1.99999996E-02  -731551.562    
   2.99999993E-02  -372627.812    
   3.99999991E-02   554149.375    
   4.99999970E-02  -65177.1094    
   5.99999987E-02  -317443.375    
   7.00000003E-02   645982.625    
   7.99999982E-02   25244.2188    
   8.99999961E-02  -1109353.12    
   9.99999940E-02   350664.562    
  0.109999999       1287005.12    
  0.119999997      -828894.188    
  0.129999995      -1162932.25    
  0.140000001       1373665.88    
  0.149999991       831034.250    
  0.159999996      -1894978.50    
  0.170000002      -405026.875    
  0.179999992       2302043.75    
  0.189999998      -37556.1250    
  0.199999988      -2561615.25    
  0.209999993       448897.875    
  0.219999999       2705986.25    
  0.229999989      -782167.250    
  0.239999995      -2789952.00    
  0.250000000       986750.812    
  0.259999990       2848009.75    
  0.269999981      -1025977.62    
  0.280000001      -2887236.50    
  0.289999992       889465.750    
  0.299999982       2897251.50    
  0.310000002      -590901.125    
  0.319999993      -2847989.50    
  0.329999983       162522.625    
  0.340000004       2686581.00    
  0.349999994       346981.250    
  0.359999985      -2360089.50    
  0.370000005      -870137.625    
  0.379999995       1855874.50    
  0.389999986       1313242.88    
  0.399999976      -1223355.00    
  0.409999996      -1557393.00    
  0.419999987       558506.250    
  0.429999977       1494846.75    
  0.439999998       34829.1875    
  0.449999988      -1099768.00    
  0.459999979      -479029.594    
  0.469999999       484396.438    
  0.479999989       736662.938    
  0.489999980       117336.188    
  0.500000000      -809441.062    
  0.509999990      -450517.000    
  0.519999981       731552.625    
  0.529999971       372628.625    
  0.539999962      -554148.375    
  0.550000012       65178.2500    
  0.560000002       317444.375    
  0.569999993      -645981.875    
  0.579999983      -25243.1875    
  0.589999974       1109354.25    
  0.599999964      -350663.688    
  0.610000014      -1287004.25    
  0.620000005       828895.688    
  0.629999995       1162933.62    
  0.639999986      -1373665.50    
  0.649999976      -831033.500    
  0.659999967       1894979.88    
  0.669999957       405027.812    
  0.680000007      -2302043.25    
  0.689999998       37557.8750    
  0.699999988       2561616.50    
  0.709999979      -448897.250    
  0.719999969      -2705985.50    
  0.729999959       782168.375    
  0.740000010       2789953.25    
  0.750000000      -986750.375    
  0.759999990      -2848009.00    
  0.769999981       1025979.50    
  0.779999971       2887238.00    
  0.789999962      -889465.375    
  0.799999952      -2897250.50    
  0.810000002       590902.562    
  0.819999993       2847990.50    
  0.829999983      -162521.375    
  0.839999974      -2686579.75    
  0.849999964      -346980.500    
  0.859999955       2360089.75    
  0.870000005       870138.688    
  0.879999995      -1855873.38    
  0.889999986      -1313242.00    
  0.899999976       1223356.00    
  0.909999967       1557394.00    
  0.919999957      -558505.125    
  0.930000007      -1494845.75    
  0.939999998      -34828.1250    
  0.949999988       1099769.25    
  0.959999979       479030.688    
  0.969999969      -484395.625    
  0.979999959      -736662.000    
  0.989999950      -117335.266    
   1.00000000       809442.062    
