   9.99999978E-03   5.03903627E-02
   1.99999996E-02   5.03903627E-02
   2.99999993E-02   2.62413323E-02
   3.99999991E-02   2.62413323E-02
   4.99999970E-02   1.24986172E-02
   5.99999987E-02   1.24986172E-02
   7.00000003E-02   5.41150849E-03
   7.99999982E-02   5.41150849E-03
   8.99999961E-02   2.12338334E-03
   9.99999940E-02   2.12338334E-03
  0.109999999       7.79353781E-04
  0.119999997       7.79353781E-04
  0.129999995       3.57898418E-04
  0.140000001       3.57898418E-04
  0.149999991       4.27894964E-04
  0.159999996       4.27894964E-04
  0.170000002       9.70667636E-04
  0.179999992       9.70667636E-04
  0.189999998       2.32699048E-03
  0.199999988       2.32699048E-03
  0.209999993       5.26914932E-03
  0.219999999       5.26914932E-03
  0.229999989       1.11577492E-02
  0.239999995       1.11577492E-02
  0.250000000       2.21051760E-02
  0.259999990       2.21051760E-02
  0.269999981       4.10267413E-02
  0.280000001       4.10267413E-02
  0.289999992       7.14364052E-02
  0.299999982       7.14364052E-02
  0.310000002      0.116876125    
  0.319999993      0.116876125    
  0.329999983      0.179986864    
  0.340000004      0.179986864    
  0.349999994      0.261420101    
  0.359999985      0.261420101    
  0.370000005      0.358970314    
  0.379999995      0.358970314    
  0.389999986      0.467359424    
  0.399999976      0.467359424    
  0.409999996      0.578936458    
  0.419999987      0.578936458    
  0.429999977      0.685200274    
  0.439999998      0.685200274    
  0.449999988      0.778673112    
  0.459999979      0.778673112    
  0.469999999      0.854461908    
  0.479999989      0.854461908    
  0.489999980      0.910971045    
  0.500000000      0.910971045    
  0.509999990      0.949609697    
  0.519999981      0.949609697    
  0.529999971      0.973758698    
  0.539999962      0.973758698    
  0.550000012      0.987501442    
  0.560000002      0.987501442    
  0.569999993      0.994588554    
  0.579999983      0.994588554    
  0.589999974      0.997876585    
  0.599999964      0.997876585    
  0.610000014      0.999220610    
  0.620000005      0.999220610    
  0.629999995      0.999642015    
  0.639999986      0.999642015    
  0.649999976      0.999572098    
  0.659999967      0.999572098    
  0.669999957      0.999029338    
  0.680000007      0.999029338    
  0.689999998      0.997673035    
  0.699999988      0.997673035    
  0.709999979      0.994731009    
  0.719999969      0.994731009    
  0.729999959      0.988842428    
  0.740000010      0.988842428    
  0.750000000      0.977894843    
  0.759999990      0.977894843    
  0.769999981      0.958973229    
  0.779999971      0.958973229    
  0.789999962      0.928563595    
  0.799999952      0.928563595    
  0.810000002      0.883123815    
  0.819999993      0.883123815    
  0.829999983      0.820013046    
  0.839999974      0.820013046    
  0.849999964      0.738579988    
  0.859999955      0.738579988    
  0.870000005      0.641029775    
  0.879999995      0.641029775    
  0.889999986      0.532640636    
  0.899999976      0.532640636    
  0.909999967      0.421063602    
  0.919999957      0.421063602    
  0.930000007      0.314799786    
  0.939999998      0.314799786    
  0.949999988      0.221326992    
  0.959999979      0.221326992    
  0.969999969      0.145538226    
  0.979999959      0.145538226    
  0.989999950       8.90290737E-02
   1.00000000       8.90290737E-02
