   9.99999978E-03  0.313471526    
   1.99999996E-02  0.235378832    
   2.99999993E-02  0.235378832    
   3.99999991E-02  0.169074208    
   4.99999970E-02  0.169074208    
   5.99999987E-02  0.115868255    
   7.00000003E-02  0.115868255    
   7.99999982E-02   7.55647719E-02
   8.99999961E-02   7.55647719E-02
   9.99999940E-02   4.67873216E-02
  0.109999999       4.67873216E-02
  0.119999997       2.74610035E-02
  0.129999995       2.74610035E-02
  0.140000001       1.53073892E-02
  0.149999991       1.53073892E-02
  0.159999996       8.24296661E-03
  0.170000002       8.24296661E-03
  0.179999992       4.63136146E-03
  0.189999998       4.63136146E-03
  0.199999988       3.39803169E-03
  0.209999993       3.39803169E-03
  0.219999999       4.05228557E-03
  0.229999989       4.05228557E-03
  0.239999995       6.66846707E-03
  0.250000000       6.66846707E-03
  0.259999990       1.18610095E-02
  0.269999981       1.18610095E-02
  0.280000001       2.07587015E-02
  0.289999992       2.07587015E-02
  0.299999982       3.49547714E-02
  0.310000002       3.49547714E-02
  0.319999993       5.63921258E-02
  0.329999983       5.63921258E-02
  0.340000004       8.71451274E-02
  0.349999994       8.71451274E-02
  0.359999985      0.129083753    
  0.370000005      0.129083753    
  0.379999995      0.183449328    
  0.389999986      0.183449328    
  0.399999976      0.250421584    
  0.409999996      0.250421584    
  0.419999987      0.328793406    
  0.429999977      0.328793406    
  0.439999998      0.415873170    
  0.449999988      0.415873170    
  0.459999979      0.507691979    
  0.469999999      0.507691979    
  0.479999989      0.599510789    
  0.489999980      0.599510789    
  0.500000000      0.686528623    
  0.509999990      0.686528623    
  0.519999981      0.764621258    
  0.529999971      0.764621258    
  0.539999962      0.830925822    
  0.550000012      0.830925822    
  0.560000002      0.884131789    
  0.569999993      0.884131789    
  0.579999983      0.924435258    
  0.589999974      0.924435258    
  0.599999964      0.953212678    
  0.610000014      0.953212678    
  0.620000005      0.972539127    
  0.629999995      0.972539127    
  0.639999986      0.984692633    
  0.649999976      0.984692633    
  0.659999967      0.991757095    
  0.669999957      0.991757095    
  0.680000007      0.995368600    
  0.689999998      0.995368600    
  0.699999988      0.996601939    
  0.709999979      0.996601939    
  0.719999969      0.995947719    
  0.729999959      0.995947719    
  0.740000010      0.993331611    
  0.750000000      0.993331611    
  0.759999990      0.988139033    
  0.769999981      0.988139033    
  0.779999971      0.979241371    
  0.789999962      0.979241371    
  0.799999952      0.965045273    
  0.810000002      0.965045273    
  0.819999993      0.943607867    
  0.829999983      0.943607867    
  0.839999974      0.912854791    
  0.849999964      0.912854791    
  0.859999955      0.870916128    
  0.870000005      0.870916128    
  0.879999995      0.816550612    
  0.889999986      0.816550612    
  0.899999976      0.749578476    
  0.909999967      0.749578476    
  0.919999957      0.671206772    
  0.930000007      0.671206772    
  0.939999998      0.584127069    
  0.949999988      0.584127069    
  0.959999979      0.492308199    
  0.969999969      0.492308199    
  0.979999959      0.400489330    
  0.989999950      0.400489330    
   1.00000000      0.313471526    
