   9.99999978E-03  0.762310088    
   1.99999996E-02  0.702711403    
   2.99999993E-02  0.702711403    
   3.99999991E-02  0.636909962    
   4.99999970E-02  0.636909962    
   5.99999987E-02  0.566605210    
   7.00000003E-02  0.566605210    
   7.99999982E-02  0.493926644    
   8.99999961E-02  0.493926644    
   9.99999940E-02  0.421250135    
  0.109999999      0.421250135    
  0.119999997      0.350971788    
  0.129999995      0.350971788    
  0.140000001      0.285276324    
  0.149999991      0.285276324    
  0.159999996      0.225937173    
  0.170000002      0.225937173    
  0.179999992      0.174180508    
  0.189999998      0.174180508    
  0.199999988      0.130632281    
  0.209999993      0.130632281    
  0.219999999       9.53508094E-02
  0.229999989       9.53508094E-02
  0.239999995       6.79326728E-02
  0.250000000       6.79326728E-02
  0.259999990       4.76677567E-02
  0.269999981       4.76677567E-02
  0.280000001       3.37151028E-02
  0.289999992       3.37151028E-02
  0.299999982       2.52719689E-02
  0.310000002       2.52719689E-02
  0.319999993       2.17145290E-02
  0.329999983       2.17145290E-02
  0.340000004       2.26958394E-02
  0.349999994       2.26958394E-02
  0.359999985       2.81941742E-02
  0.370000005       2.81941742E-02
  0.379999995       3.85100357E-02
  0.389999986       3.85100357E-02
  0.399999976       5.42139523E-02
  0.409999996       5.42139523E-02
  0.419999987       7.60499090E-02
  0.429999977       7.60499090E-02
  0.439999998      0.104802355    
  0.449999988      0.104802355    
  0.459999979      0.141139239    
  0.469999999      0.141139239    
  0.479999989      0.185448408    
  0.489999980      0.185448408    
  0.500000000      0.237689957    
  0.509999990      0.237689957    
  0.519999981      0.297288686    
  0.529999971      0.297288686    
  0.539999962      0.363090187    
  0.550000012      0.363090187    
  0.560000002      0.433394998    
  0.569999993      0.433394998    
  0.579999983      0.506073534    
  0.589999974      0.506073534    
  0.599999964      0.578750074    
  0.610000014      0.578750074    
  0.620000005      0.649028480    
  0.629999995      0.649028480    
  0.639999986      0.714724004    
  0.649999976      0.714724004    
  0.659999967      0.774063051    
  0.669999957      0.774063051    
  0.680000007      0.825819731    
  0.689999998      0.825819731    
  0.699999988      0.869367957    
  0.709999979      0.869367957    
  0.719999969      0.904649436    
  0.729999959      0.904649436    
  0.740000010      0.932067454    
  0.750000000      0.932067454    
  0.759999990      0.952332258    
  0.769999981      0.952332258    
  0.779999971      0.966284871    
  0.789999962      0.966284871    
  0.799999952      0.974727988    
  0.810000002      0.974727988    
  0.819999993      0.978285491    
  0.829999983      0.978285491    
  0.839999974      0.977304101    
  0.849999964      0.977304101    
  0.859999955      0.971805811    
  0.870000005      0.971805811    
  0.879999995      0.961489916    
  0.889999986      0.961489916    
  0.899999976      0.945785999    
  0.909999967      0.945785999    
  0.919999957      0.923949957    
  0.930000007      0.923949957    
  0.939999998      0.895197570    
  0.949999988      0.895197570    
  0.959999979      0.858860672    
  0.969999969      0.858860672    
  0.979999959      0.814551592    
  0.989999950      0.814551592    
   1.00000000      0.762310088    
