   9.99999978E-03  0.523773015    
   1.99999996E-02  0.523773015    
   2.99999993E-02  0.442397207    
   3.99999991E-02  0.442397207    
   4.99999970E-02  0.363108605    
   5.99999987E-02  0.363108605    
   7.00000003E-02  0.289027393    
   7.99999982E-02  0.289027393    
   8.99999961E-02  0.222689837    
   9.99999940E-02  0.222689837    
  0.109999999      0.165791541    
  0.119999997      0.165791541    
  0.129999995      0.119083464    
  0.140000001      0.119083464    
  0.149999991       8.24273154E-02
  0.159999996       8.24273154E-02
  0.170000002       5.49813956E-02
  0.179999992       5.49813956E-02
  0.189999998       3.54641937E-02
  0.199999988       3.54641937E-02
  0.209999993       2.24372223E-02
  0.219999999       2.24372223E-02
  0.229999989       1.45578673E-02
  0.239999995       1.45578673E-02
  0.250000000       1.07727097E-02
  0.259999990       1.07727097E-02
  0.269999981       1.04416637E-02
  0.280000001       1.04416637E-02
  0.289999992       1.33976238E-02
  0.299999982       1.33976238E-02
  0.310000002       1.99515335E-02
  0.319999993       1.99515335E-02
  0.329999983       3.08500547E-02
  0.340000004       3.08500547E-02
  0.349999994       4.71868590E-02
  0.359999985       4.71868590E-02
  0.370000005       7.02640787E-02
  0.379999995       7.02640787E-02
  0.389999986      0.101402521    
  0.399999976      0.101402521    
  0.409999996      0.141708732    
  0.419999987      0.141708732    
  0.429999977      0.191822872    
  0.439999998      0.191822872    
  0.449999988      0.251687258    
  0.459999979      0.251687258    
  0.469999999      0.320386142    
  0.479999989      0.320386142    
  0.489999980      0.396103233    
  0.500000000      0.396103233    
  0.509999990      0.476227194    
  0.519999981      0.476227194    
  0.529999971      0.557602882    
  0.539999962      0.557602882    
  0.550000012      0.636891544    
  0.560000002      0.636891544    
  0.569999993      0.710972846    
  0.579999983      0.710972846    
  0.589999974      0.777310312    
  0.599999964      0.777310312    
  0.610000014      0.834208548    
  0.620000005      0.834208548    
  0.629999995      0.880916595    
  0.639999986      0.880916595    
  0.649999976      0.917572796    
  0.659999967      0.917572796    
  0.669999957      0.945018649    
  0.680000007      0.945018649    
  0.689999998      0.964535773    
  0.699999988      0.964535773    
  0.709999979      0.977562785    
  0.719999969      0.977562785    
  0.729999959      0.985442102    
  0.740000010      0.985442102    
  0.750000000      0.989227235    
  0.759999990      0.989227235    
  0.769999981      0.989558339    
  0.779999971      0.989558339    
  0.789999962      0.986602426    
  0.799999952      0.986602426    
  0.810000002      0.980048537    
  0.819999993      0.980048537    
  0.829999983      0.969149947    
  0.839999974      0.969149947    
  0.849999964      0.952813089    
  0.859999955      0.952813089    
  0.870000005      0.929735899    
  0.879999995      0.929735899    
  0.889999986      0.898597419    
  0.899999976      0.898597419    
  0.909999967      0.858291149    
  0.919999957      0.858291149    
  0.930000007      0.808177114    
  0.939999998      0.808177114    
  0.949999988      0.748312712    
  0.959999979      0.748312712    
  0.969999969      0.679613888    
  0.979999959      0.679613888    
  0.989999950      0.603896916    
   1.00000000      0.603896916    
