   9.99999978E-03  0.931518912    
   1.99999996E-02  0.931518912    
   2.99999993E-02  0.916867435    
   3.99999991E-02  0.916867435    
   4.99999970E-02  0.896266818    
   5.99999987E-02  0.896266818    
   7.00000003E-02  0.869616210    
   7.99999982E-02  0.869616210    
   8.99999961E-02  0.836881101    
   9.99999940E-02  0.836881101    
  0.109999999      0.798156798    
  0.119999997      0.798156798    
  0.129999995      0.753726304    
  0.140000001      0.753726304    
  0.149999991      0.704102039    
  0.159999996      0.704102039    
  0.170000002      0.650045633    
  0.179999992      0.650045633    
  0.189999998      0.592559636    
  0.199999988      0.592559636    
  0.209999993      0.532852173    
  0.219999999      0.532852173    
  0.229999989      0.472275436    
  0.239999995      0.472275436    
  0.250000000      0.412245780    
  0.259999990      0.412245780    
  0.269999981      0.354156077    
  0.280000001      0.354156077    
  0.289999992      0.299289465    
  0.299999982      0.299289465    
  0.310000002      0.248746812    
  0.319999993      0.248746812    
  0.329999983      0.203395978    
  0.340000004      0.203395978    
  0.349999994      0.163848922    
  0.359999985      0.163848922    
  0.370000005      0.130467564    
  0.379999995      0.130467564    
  0.389999986      0.103396147    
  0.399999976      0.103396147    
  0.409999996       8.26135203E-02
  0.419999987       8.26135203E-02
  0.429999977       6.79965541E-02
  0.439999998       6.79965541E-02
  0.449999988       5.93848974E-02
  0.459999979       5.93848974E-02
  0.469999999       5.66371866E-02
  0.479999989       5.66371866E-02
  0.489999980       5.96709996E-02
  0.500000000       5.96709996E-02
  0.509999990       6.84809387E-02
  0.519999981       6.84809387E-02
  0.529999971       8.31325501E-02
  0.539999962       8.31325501E-02
  0.550000012      0.103733167    
  0.560000002      0.103733167    
  0.569999993      0.130383775    
  0.579999983      0.130383775    
  0.589999974      0.163118944    
  0.599999964      0.163118944    
  0.610000014      0.201843247    
  0.620000005      0.201843247    
  0.629999995      0.246273771    
  0.639999986      0.246273771    
  0.649999976      0.295898050    
  0.659999967      0.295898050    
  0.669999957      0.349954575    
  0.680000007      0.349954575    
  0.689999998      0.407440573    
  0.699999988      0.407440573    
  0.709999979      0.467147976    
  0.719999969      0.467147976    
  0.729999959      0.527724802    
  0.740000010      0.527724802    
  0.750000000      0.587754428    
  0.759999990      0.587754428    
  0.769999981      0.645844162    
  0.779999971      0.645844162    
  0.789999962      0.700710773    
  0.799999952      0.700710773    
  0.810000002      0.751253426    
  0.819999993      0.751253426    
  0.829999983      0.796604216    
  0.839999974      0.796604216    
  0.849999964      0.836151302    
  0.859999955      0.836151302    
  0.870000005      0.869532585    
  0.879999995      0.869532585    
  0.889999986      0.896604002    
  0.899999976      0.896604002    
  0.909999967      0.917386532    
  0.919999957      0.917386532    
  0.930000007      0.932003438    
  0.939999998      0.932003438    
  0.949999988      0.940615118    
  0.959999979      0.940615118    
  0.969999969      0.943362772    
  0.979999959      0.943362772    
  0.989999950      0.940328956    
   1.00000000      0.940328956    
