   9.99999978E-03  0.934397876    
   1.99999996E-02  0.934397876    
   2.99999993E-02  0.928443432    
   3.99999991E-02  0.928443432    
   4.99999970E-02  0.916624427    
   5.99999987E-02  0.916624427    
   7.00000003E-02  0.898902059    
   7.99999982E-02  0.898902059    
   8.99999961E-02  0.875237763    
   9.99999940E-02  0.875237763    
  0.109999999      0.845637202    
  0.119999997      0.845637202    
  0.129999995      0.810201705    
  0.140000001      0.810201705    
  0.149999991      0.769177437    
  0.159999996      0.769177437    
  0.170000002      0.722995222    
  0.179999992      0.722995222    
  0.189999998      0.672295094    
  0.199999988      0.672295094    
  0.209999993      0.617929220    
  0.219999999      0.617929220    
  0.229999989      0.560941398    
  0.239999995      0.560941398    
  0.250000000      0.502524972    
  0.259999990      0.502524972    
  0.269999981      0.443962544    
  0.280000001      0.443962544    
  0.289999992      0.386554539    
  0.299999982      0.386554539    
  0.310000002      0.331545055    
  0.319999993      0.331545055    
  0.329999983      0.280053824    
  0.340000004      0.280053824    
  0.349999994      0.233023033    
  0.359999985      0.233023033    
  0.370000005      0.191184133    
  0.379999995      0.191184133    
  0.389999986      0.155048326    
  0.399999976      0.155048326    
  0.409999996      0.124920018    
  0.419999987      0.124920018    
  0.429999977      0.100930043    
  0.439999998      0.100930043    
  0.449999988       8.30821991E-02
  0.459999979       8.30821991E-02
  0.469999999       7.13057667E-02
  0.479999989       7.13057667E-02
  0.489999980       6.55055344E-02
  0.500000000       6.55055344E-02
  0.509999990       6.56021088E-02
  0.519999981       6.56021088E-02
  0.529999971       7.15564638E-02
  0.539999962       7.15564638E-02
  0.550000012       8.33754912E-02
  0.560000002       8.33754912E-02
  0.569999993      0.101097859    
  0.579999983      0.101097859    
  0.589999974      0.124762267    
  0.599999964      0.124762267    
  0.610000014      0.154362857    
  0.620000005      0.154362857    
  0.629999995      0.189798355    
  0.639999986      0.189798355    
  0.649999976      0.230822742    
  0.659999967      0.230822742    
  0.669999957      0.277004957    
  0.680000007      0.277004957    
  0.689999998      0.327705055    
  0.699999988      0.327705055    
  0.709999979      0.382070929    
  0.719999969      0.382070929    
  0.729999959      0.439058840    
  0.740000010      0.439058840    
  0.750000000      0.497475326    
  0.759999990      0.497475326    
  0.769999981      0.556037724    
  0.779999971      0.556037724    
  0.789999962      0.613445699    
  0.799999952      0.613445699    
  0.810000002      0.668455243    
  0.819999993      0.668455243    
  0.829999983      0.719946384    
  0.839999974      0.719946384    
  0.849999964      0.766977191    
  0.859999955      0.766977191    
  0.870000005      0.808816135    
  0.879999995      0.808816135    
  0.889999986      0.844951928    
  0.899999976      0.844951928    
  0.909999967      0.875080168    
  0.919999957      0.875080168    
  0.930000007      0.899070084    
  0.939999998      0.899070084    
  0.949999988      0.916917861    
  0.959999979      0.916917861    
  0.969999969      0.928694248    
  0.979999959      0.928694248    
  0.989999950      0.934494436    
   1.00000000      0.934494436    
