   9.99999978E-03   4015965.75    
   1.99999996E-02  -3348697.50    
   2.99999993E-02  -3447095.75    
   3.99999991E-02   2925175.50    
   4.99999970E-02   1008675.94    
   5.99999987E-02  -2655599.75    
   7.00000003E-02   2372683.50    
   7.99999982E-02   2268714.50    
   8.99999961E-02  -5567948.50    
   9.99999940E-02  -1341393.38    
  0.109999999       7767231.00    
  0.119999997      -443437.250    
  0.129999995      -8745424.00    
  0.140000001       3058611.25    
  0.149999991       8753087.00    
  0.159999996      -6098676.00    
  0.170000002      -8191819.00    
  0.179999992       8999401.00    
  0.189999998       7360797.50    
  0.199999988      -11343357.0    
  0.209999993      -6433658.00    
  0.219999999       13005744.0    
  0.229999989       5581331.00    
  0.239999995      -14060040.0    
  0.250000000      -5038359.00    
  0.259999990       14593426.0    
  0.269999981       5020037.00    
  0.280000001      -14611748.0    
  0.289999992      -5590067.50    
  0.299999982       14051304.0    
  0.310000002       6626896.00    
  0.319999993      -12812506.0    
  0.329999983      -7902808.00    
  0.340000004       10801345.0    
  0.349999994       9162743.00    
  0.359999985      -8028471.50    
  0.370000005      -10121614.0    
  0.379999995       4730145.00    
  0.389999986       10424620.0    
  0.399999976      -1379415.00    
  0.409999996      -9681402.00    
  0.419999987      -1470733.25    
  0.429999977       7637890.50    
  0.439999998       3411337.50    
  0.449999988      -4425324.00    
  0.459999979      -4321356.00    
  0.469999999       706928.000    
  0.479999989       4371205.00    
  0.489999980       2454704.50    
  0.500000000      -3917567.25    
  0.509999990      -4015964.25    
  0.519999981       3348699.00    
  0.529999971       3447096.00    
  0.539999962      -2925175.50    
  0.550000012      -1008674.38    
  0.560000002       2655601.50    
  0.569999993      -2372683.50    
  0.579999983      -2268714.00    
  0.589999974       5567951.00    
  0.599999964       1341395.00    
  0.610000014      -7767233.00    
  0.620000005       443439.750    
  0.629999995       8745428.00    
  0.639999986      -3058612.00    
  0.649999976      -8753088.00    
  0.659999967       6098678.00    
  0.669999957       8191819.00    
  0.680000007      -8999401.00    
  0.689999998      -7360796.00    
  0.699999988       11343362.0    
  0.709999979       6433657.00    
  0.719999969      -13005747.0    
  0.729999959      -5581328.50    
  0.740000010       14060046.0    
  0.750000000       5038356.50    
  0.759999990      -14593428.0    
  0.769999981      -5020033.00    
  0.779999971       14611751.0    
  0.789999962       5590064.50    
  0.799999952      -14051306.0    
  0.810000002      -6626892.50    
  0.819999993       12812508.0    
  0.829999983       7902808.50    
  0.839999974      -10801343.0    
  0.849999964      -9162742.00    
  0.859999955       8028472.00    
  0.870000005       10121614.0    
  0.879999995      -4730143.00    
  0.889999986      -10424616.0    
  0.899999976       1379415.50    
  0.909999967       9681402.00    
  0.919999957       1470734.50    
  0.930000007      -7637890.50    
  0.939999998      -3411336.50    
  0.949999988       4425326.00    
  0.959999979       4321357.00    
  0.969999969      -706927.500    
  0.979999959      -4371204.00    
  0.989999950      -2454703.50    
   1.00000000       3917568.00    
