   9.99999978E-03  0.752736926    
   1.99999996E-02  0.752736926    
   2.99999993E-02  0.692734361    
   3.99999991E-02  0.692734361    
   4.99999970E-02  0.626897275    
   5.99999987E-02  0.626897275    
   7.00000003E-02  0.556940973    
   7.99999982E-02  0.556940973    
   8.99999961E-02  0.484969020    
   9.99999940E-02  0.484969020    
  0.109999999      0.413292497    
  0.119999997      0.413292497    
  0.129999995      0.344213903    
  0.140000001      0.344213903    
  0.149999991      0.279810607    
  0.159999996      0.279810607    
  0.170000002      0.221751630    
  0.179999992      0.221751630    
  0.189999998      0.171176940    
  0.199999988      0.171176940    
  0.209999993      0.128655016    
  0.219999999      0.128655016    
  0.229999989       9.42205191E-02
  0.239999995       9.42205191E-02
  0.250000000       6.74788281E-02
  0.259999990       6.74788281E-02
  0.269999981       4.77552935E-02
  0.280000001       4.77552935E-02
  0.289999992       3.42624485E-02
  0.299999982       3.42624485E-02
  0.310000002       2.62594335E-02
  0.319999993       2.62594335E-02
  0.329999983       2.31834874E-02
  0.340000004       2.31834874E-02
  0.349999994       2.47399695E-02
  0.359999985       2.47399695E-02
  0.370000005       3.09439506E-02
  0.379999995       3.09439506E-02
  0.389999986       4.21118401E-02
  0.399999976       4.21118401E-02
  0.409999996       5.88052645E-02
  0.419999987       5.88052645E-02
  0.429999977       8.17325264E-02
  0.439999998       8.17325264E-02
  0.449999988      0.111616544    
  0.459999979      0.111616544    
  0.469999999      0.149042547    
  0.479999989      0.149042547    
  0.489999980      0.194303185    
  0.500000000      0.194303185    
  0.509999990      0.247263074    
  0.519999981      0.247263074    
  0.529999971      0.307265729    
  0.539999962      0.307265729    
  0.550000012      0.373102903    
  0.560000002      0.373102903    
  0.569999993      0.443059206    
  0.579999983      0.443059206    
  0.589999974      0.515031099    
  0.599999964      0.515031099    
  0.610000014      0.586707711    
  0.620000005      0.586707711    
  0.629999995      0.655786395    
  0.639999986      0.655786395    
  0.649999976      0.720189691    
  0.659999967      0.720189691    
  0.669999957      0.778248668    
  0.680000007      0.778248668    
  0.689999998      0.828823328    
  0.699999988      0.828823328    
  0.709999979      0.871345162    
  0.719999969      0.871345162    
  0.729999959      0.905779660    
  0.740000010      0.905779660    
  0.750000000      0.932521284    
  0.759999990      0.932521284    
  0.769999981      0.952244699    
  0.779999971      0.952244699    
  0.789999962      0.965737522    
  0.799999952      0.965737522    
  0.810000002      0.973740578    
  0.819999993      0.973740578    
  0.829999983      0.976816475    
  0.839999974      0.976816475    
  0.849999964      0.975259960    
  0.859999955      0.975259960    
  0.870000005      0.969056010    
  0.879999995      0.969056010    
  0.889999986      0.957888126    
  0.899999976      0.957888126    
  0.909999967      0.941194713    
  0.919999957      0.941194713    
  0.930000007      0.918267429    
  0.939999998      0.918267429    
  0.949999988      0.888383389    
  0.959999979      0.888383389    
  0.969999969      0.850957334    
  0.979999959      0.850957334    
  0.989999950      0.805696785    
   1.00000000      0.805696785    
