   9.99999978E-03  0.903776824    
   1.99999996E-02  0.875083804    
   2.99999993E-02  0.875083804    
   3.99999991E-02  0.839849472    
   4.99999970E-02  0.839849472    
   5.99999987E-02  0.798055530    
   7.00000003E-02  0.798055530    
   7.99999982E-02  0.749950409    
   8.99999961E-02  0.749950409    
   9.99999940E-02  0.696105540    
  0.109999999      0.696105540    
  0.119999997      0.637436271    
  0.129999995      0.637436271    
  0.140000001      0.575181246    
  0.149999991      0.575181246    
  0.159999996      0.510841191    
  0.170000002      0.510841191    
  0.179999992      0.446080863    
  0.189999998      0.446080863    
  0.199999988      0.382609963    
  0.209999993      0.382609963    
  0.219999999      0.322055101    
  0.229999989      0.322055101    
  0.239999995      0.265843153    
  0.250000000      0.265843153    
  0.259999990      0.215110794    
  0.269999981      0.215110794    
  0.280000001      0.170651913    
  0.289999992      0.170651913    
  0.299999982      0.132908598    
  0.310000002      0.132908598    
  0.319999993      0.102004141    
  0.329999983      0.102004141    
  0.340000004       7.78108537E-02
  0.349999994       7.78108537E-02
  0.359999985       6.00401163E-02
  0.370000005       6.00401163E-02
  0.379999995       4.83404920E-02
  0.389999986       4.83404920E-02
  0.399999976       4.23894078E-02
  0.409999996       4.23894078E-02
  0.419999987       4.19657640E-02
  0.429999977       4.19657640E-02
  0.439999998       4.69943732E-02
  0.449999988       4.69943732E-02
  0.459999979       5.75568676E-02
  0.469999999       5.75568676E-02
  0.479999989       7.38684013E-02
  0.489999980       7.38684013E-02
  0.500000000       9.62232128E-02
  0.509999990       9.62232128E-02
  0.519999981      0.124916181    
  0.529999971      0.124916181    
  0.539999962      0.160150617    
  0.550000012      0.160150617    
  0.560000002      0.201944634    
  0.569999993      0.201944634    
  0.579999983      0.250049770    
  0.589999974      0.250049770    
  0.599999964      0.303894609    
  0.610000014      0.303894609    
  0.620000005      0.362563878    
  0.629999995      0.362563878    
  0.639999986      0.424818844    
  0.649999976      0.424818844    
  0.659999967      0.489158988    
  0.669999957      0.489158988    
  0.680000007      0.553919256    
  0.689999998      0.553919256    
  0.699999988      0.617390156    
  0.709999979      0.617390156    
  0.719999969      0.677945077    
  0.729999959      0.677945077    
  0.740000010      0.734157145    
  0.750000000      0.734157145    
  0.759999990      0.784889400    
  0.769999981      0.784889400    
  0.779999971      0.829348266    
  0.789999962      0.829348266    
  0.799999952      0.867091596    
  0.810000002      0.867091596    
  0.819999993      0.897996008    
  0.829999983      0.897996008    
  0.839999974      0.922189236    
  0.849999964      0.922189236    
  0.859999955      0.939959884    
  0.870000005      0.939959884    
  0.879999995      0.951659381    
  0.889999986      0.951659381    
  0.899999976      0.957610428    
  0.909999967      0.957610428    
  0.919999957      0.958034098    
  0.930000007      0.958034098    
  0.939999998      0.953005612    
  0.949999988      0.953005612    
  0.959999979      0.942443132    
  0.969999969      0.942443132    
  0.979999959      0.926131606    
  0.989999950      0.926131606    
   1.00000000      0.903776824    
