   9.99999978E-03  0.887367308    
   1.99999996E-02  0.887367308    
   2.99999993E-02  0.854611397    
   3.99999991E-02  0.854611397    
   4.99999970E-02  0.815246224    
   5.99999987E-02  0.815246224    
   7.00000003E-02  0.769404292    
   7.99999982E-02  0.769404292    
   8.99999961E-02  0.717527270    
   9.99999940E-02  0.717527270    
  0.109999999      0.660402656    
  0.119999997      0.660402656    
  0.129999995      0.599158883    
  0.140000001      0.599158883    
  0.149999991      0.535218656    
  0.159999996      0.535218656    
  0.170000002      0.470212013    
  0.179999992      0.470212013    
  0.189999998      0.405862242    
  0.199999988      0.405862242    
  0.209999993      0.343856186    
  0.219999999      0.343856186    
  0.229999989      0.285719961    
  0.239999995      0.285719961    
  0.250000000      0.232715145    
  0.259999990      0.232715145    
  0.269999981      0.185770214    
  0.280000001      0.185770214    
  0.289999992      0.145454779    
  0.299999982      0.145454779    
  0.310000002      0.111998290    
  0.319999993      0.111998290    
  0.329999983       8.53472352E-02
  0.340000004       8.53472352E-02
  0.349999994       6.52502254E-02
  0.359999985       6.52502254E-02
  0.370000005       5.13565987E-02
  0.379999995       5.13565987E-02
  0.389999986       4.33136560E-02
  0.399999976       4.33136560E-02
  0.409999996       4.08489890E-02
  0.419999987       4.08489890E-02
  0.429999977       4.38270569E-02
  0.439999998       4.38270569E-02
  0.449999988       5.22732288E-02
  0.459999979       5.22732288E-02
  0.469999999       6.63629323E-02
  0.479999989       6.63629323E-02
  0.489999980       8.63775238E-02
  0.500000000       8.63775238E-02
  0.509999990      0.112632707    
  0.519999981      0.112632707    
  0.529999971      0.145388663    
  0.539999962      0.145388663    
  0.550000012      0.184753895    
  0.560000002      0.184753895    
  0.569999993      0.230595902    
  0.579999983      0.230595902    
  0.589999974      0.282472879    
  0.599999964      0.282472879    
  0.610000014      0.339597493    
  0.620000005      0.339597493    
  0.629999995      0.400841236    
  0.639999986      0.400841236    
  0.649999976      0.464781523    
  0.659999967      0.464781523    
  0.669999957      0.529788077    
  0.680000007      0.529788077    
  0.689999998      0.594137907    
  0.699999988      0.594137907    
  0.709999979      0.656143963    
  0.719999969      0.656143963    
  0.729999959      0.714280307    
  0.740000010      0.714280307    
  0.750000000      0.767285109    
  0.759999990      0.767285109    
  0.769999981      0.814230025    
  0.779999971      0.814230025    
  0.789999962      0.854545355    
  0.799999952      0.854545355    
  0.810000002      0.888001859    
  0.819999993      0.888001859    
  0.829999983      0.914652884    
  0.839999974      0.914652884    
  0.849999964      0.934749842    
  0.859999955      0.934749842    
  0.870000005      0.948643327    
  0.879999995      0.948643327    
  0.889999986      0.956686199    
  0.899999976      0.956686199    
  0.909999967      0.959150910    
  0.919999957      0.959150910    
  0.930000007      0.956172884    
  0.939999998      0.956172884    
  0.949999988      0.947726727    
  0.959999979      0.947726727    
  0.969999969      0.933637083    
  0.979999959      0.933637083    
  0.989999950      0.913622499    
   1.00000000      0.913622499    
