   9.99999978E-03  0.907772303    
   1.99999996E-02  0.907772303    
   2.99999993E-02  0.881312251    
   3.99999991E-02  0.881312251    
   4.99999970E-02  0.848497987    
   5.99999987E-02  0.848497987    
   7.00000003E-02  0.809299231    
   7.99999982E-02  0.809299231    
   8.99999961E-02  0.763906837    
   9.99999940E-02  0.763906837    
  0.109999999      0.712791383    
  0.119999997      0.712791383    
  0.129999995      0.656732321    
  0.140000001      0.656732321    
  0.149999991      0.596812427    
  0.159999996      0.596812427    
  0.170000002      0.534374177    
  0.179999992      0.534374177    
  0.189999998      0.470943511    
  0.199999988      0.470943511    
  0.209999993      0.408127934    
  0.219999999      0.408127934    
  0.229999989      0.347503871    
  0.239999995      0.347503871    
  0.250000000      0.290506601    
  0.259999990      0.290506601    
  0.269999981      0.238338739    
  0.280000001      0.238338739    
  0.289999992      0.191908240    
  0.299999982      0.191908240    
  0.310000002      0.151803359    
  0.319999993      0.151803359    
  0.329999983      0.118306145    
  0.340000004      0.118306145    
  0.349999994       9.14397910E-02
  0.359999985       9.14397910E-02
  0.370000005       7.10410401E-02
  0.379999995       7.10410401E-02
  0.389999986       5.68454377E-02
  0.399999976       5.68454377E-02
  0.409999996       4.85725552E-02
  0.419999987       4.85725552E-02
  0.429999977       4.59987074E-02
  0.439999998       4.59987074E-02
  0.449999988       4.90076654E-02
  0.459999979       4.90076654E-02
  0.469999999       5.76126799E-02
  0.479999989       5.76126799E-02
  0.489999980       7.19474927E-02
  0.500000000       7.19474927E-02
  0.509999990       9.22277048E-02
  0.519999981       9.22277048E-02
  0.529999971      0.118687756    
  0.539999962      0.118687756    
  0.550000012      0.151502043    
  0.560000002      0.151502043    
  0.569999993      0.190700874    
  0.579999983      0.190700874    
  0.589999974      0.236093283    
  0.599999964      0.236093283    
  0.610000014      0.287208796    
  0.620000005      0.287208796    
  0.629999995      0.343267769    
  0.639999986      0.343267769    
  0.649999976      0.403187692    
  0.659999967      0.403187692    
  0.669999957      0.465625912    
  0.680000007      0.465625912    
  0.689999998      0.529056668    
  0.699999988      0.529056668    
  0.709999979      0.591872275    
  0.719999969      0.591872275    
  0.729999959      0.652496397    
  0.740000010      0.652496397    
  0.750000000      0.709493637    
  0.759999990      0.709493637    
  0.769999981      0.761661410    
  0.779999971      0.761661410    
  0.789999962      0.808091879    
  0.799999952      0.808091879    
  0.810000002      0.848196745    
  0.819999993      0.848196745    
  0.829999983      0.881693959    
  0.839999974      0.881693959    
  0.849999964      0.908560276    
  0.859999955      0.908560276    
  0.870000005      0.928959012    
  0.879999995      0.928959012    
  0.889999986      0.943154454    
  0.899999976      0.943154454    
  0.909999967      0.951427281    
  0.919999957      0.951427281    
  0.930000007      0.954001129    
  0.939999998      0.954001129    
  0.949999988      0.950992227    
  0.959999979      0.950992227    
  0.969999969      0.942387283    
  0.979999959      0.942387283    
  0.989999950      0.928052425    
   1.00000000      0.928052425    
