   9.99999978E-03  0.306510568    
   1.99999996E-02  0.306510568    
   2.99999993E-02  0.230659470    
   3.99999991E-02  0.230659470    
   4.99999970E-02  0.166301772    
   5.99999987E-02  0.166301772    
   7.00000003E-02  0.114588141    
   7.99999982E-02  0.114588141    
   8.99999961E-02   7.52799585E-02
   9.99999940E-02   7.52799585E-02
  0.109999999       4.70571890E-02
  0.119999997       4.70571890E-02
  0.129999995       2.79613268E-02
  0.140000001       2.79613268E-02
  0.149999991       1.58488974E-02
  0.159999996       1.58488974E-02
  0.170000002       8.75990652E-03
  0.179999992       8.75990652E-03
  0.189999998       5.15736919E-03
  0.199999988       5.15736919E-03
  0.209999993       4.04410996E-03
  0.219999999       4.04410996E-03
  0.229999989       4.99415724E-03
  0.239999995       4.99415724E-03
  0.250000000       8.14191811E-03
  0.259999990       8.14191811E-03
  0.269999981       1.41572058E-02
  0.280000001       1.41572058E-02
  0.289999992       2.42086258E-02
  0.299999982       2.42086258E-02
  0.310000002       3.98935899E-02
  0.319999993       3.98935899E-02
  0.329999983       6.31004423E-02
  0.340000004       6.31004423E-02
  0.349999994       9.57736373E-02
  0.359999985       9.57736373E-02
  0.370000005      0.139578179    
  0.379999995      0.139578179    
  0.389999986      0.195499808    
  0.399999976      0.195499808    
  0.409999996      0.263460368    
  0.419999987      0.263460368    
  0.429999977      0.342054218    
  0.439999998      0.342054218    
  0.449999988      0.428507507    
  0.459999979      0.428507507    
  0.469999999      0.518916130    
  0.479999989      0.518916130    
  0.489999980      0.608745217    
  0.500000000      0.608745217    
  0.509999990      0.693489552    
  0.519999981      0.693489552    
  0.529999971      0.769340634    
  0.539999962      0.769340634    
  0.550000012      0.833698273    
  0.560000002      0.833698273    
  0.569999993      0.885411918    
  0.579999983      0.885411918    
  0.589999974      0.924720049    
  0.599999964      0.924720049    
  0.610000014      0.952942848    
  0.620000005      0.952942848    
  0.629999995      0.972038686    
  0.639999986      0.972038686    
  0.649999976      0.984151125    
  0.659999967      0.984151125    
  0.669999957      0.991240084    
  0.680000007      0.991240084    
  0.689999998      0.994842649    
  0.699999988      0.994842649    
  0.709999979      0.995955825    
  0.719999969      0.995955825    
  0.729999959      0.995005786    
  0.740000010      0.995005786    
  0.750000000      0.991858125    
  0.759999990      0.991858125    
  0.769999981      0.985842824    
  0.779999971      0.985842824    
  0.789999962      0.975791395    
  0.799999952      0.975791395    
  0.810000002      0.960106373    
  0.819999993      0.960106373    
  0.829999983      0.936899602    
  0.839999974      0.936899602    
  0.849999964      0.904226303    
  0.859999955      0.904226303    
  0.870000005      0.860421777    
  0.879999995      0.860421777    
  0.889999986      0.804500163    
  0.899999976      0.804500163    
  0.909999967      0.736539662    
  0.919999957      0.736539662    
  0.930000007      0.657945871    
  0.939999998      0.657945871    
  0.949999988      0.571492672    
  0.959999979      0.571492672    
  0.969999969      0.481083989    
  0.979999959      0.481083989    
  0.989999950      0.391254902    
   1.00000000      0.391254902    
