   9.99999978E-03  0.860490859    
   1.99999996E-02  0.820102036    
   2.99999993E-02  0.820102036    
   3.99999991E-02  0.772734642    
   4.99999970E-02  0.772734642    
   5.99999987E-02  0.718819320    
   7.00000003E-02  0.718819320    
   7.99999982E-02  0.659205556    
   8.99999961E-02  0.659205556    
   9.99999940E-02  0.595155478    
  0.109999999      0.595155478    
  0.119999997      0.528282583    
  0.129999995      0.528282583    
  0.140000001      0.460441619    
  0.149999991      0.460441619    
  0.159999996      0.393582612    
  0.170000002      0.393582612    
  0.179999992      0.329589635    
  0.189999998      0.329589635    
  0.199999988      0.270127475    
  0.209999993      0.270127475    
  0.219999999      0.216519669    
  0.229999989      0.216519669    
  0.239999995      0.169673115    
  0.250000000      0.169673115    
  0.259999990      0.130059898    
  0.269999981      0.130059898    
  0.280000001       9.77540687E-02
  0.289999992       9.77540687E-02
  0.299999982       7.25145712E-02
  0.310000002       7.25145712E-02
  0.319999993       5.38985915E-02
  0.329999983       5.38985915E-02
  0.340000004       4.13864106E-02
  0.349999994       4.13864106E-02
  0.359999985       3.44994366E-02
  0.370000005       3.44994366E-02
  0.379999995       3.28957923E-02
  0.389999986       3.28957923E-02
  0.399999976       3.64322737E-02
  0.409999996       3.64322737E-02
  0.419999987       4.51861732E-02
  0.429999977       4.51861732E-02
  0.439999998       5.94356172E-02
  0.449999988       5.94356172E-02
  0.459999979       7.96010196E-02
  0.469999999       7.96010196E-02
  0.479999989      0.106154718    
  0.489999980      0.106154718    
  0.500000000      0.139509231    
  0.509999990      0.139509231    
  0.519999981      0.179898128    
  0.529999971      0.179898128    
  0.539999962      0.227265432    
  0.550000012      0.227265432    
  0.560000002      0.281180710    
  0.569999993      0.281180710    
  0.579999983      0.340794444    
  0.589999974      0.340794444    
  0.599999964      0.404844582    
  0.610000014      0.404844582    
  0.620000005      0.471717536    
  0.629999995      0.471717536    
  0.639999986      0.539558530    
  0.649999976      0.539558530    
  0.659999967      0.606417477    
  0.669999957      0.606417477    
  0.680000007      0.670410573    
  0.689999998      0.670410573    
  0.699999988      0.729872704    
  0.709999979      0.729872704    
  0.719999969      0.783480525    
  0.729999959      0.783480525    
  0.740000010      0.830327094    
  0.750000000      0.830327094    
  0.759999990      0.869940281    
  0.769999981      0.869940281    
  0.779999971      0.902246058    
  0.789999962      0.902246058    
  0.799999952      0.927485466    
  0.810000002      0.927485466    
  0.819999993      0.946101367    
  0.829999983      0.946101367    
  0.839999974      0.958613455    
  0.849999964      0.958613455    
  0.859999955      0.965500414    
  0.870000005      0.965500414    
  0.879999995      0.967104077    
  0.889999986      0.967104077    
  0.899999976      0.963567674    
  0.909999967      0.963567674    
  0.919999957      0.954813838    
  0.930000007      0.954813838    
  0.939999998      0.940564394    
  0.949999988      0.940564394    
  0.959999979      0.920398951    
  0.969999969      0.920398951    
  0.979999959      0.893845320    
  0.989999950      0.893845320    
   1.00000000      0.860490859    
