   9.99999978E-03   3.20746708    
   1.99999996E-02  -30.2412319    
   2.99999993E-02  0.373635530    
   3.99999991E-02  -11.0950069    
   4.99999970E-02  -24.5794449    
   5.99999987E-02   48.6630249    
   7.00000003E-02  -8.82292557    
   7.99999982E-02  -47.2444229    
   8.99999961E-02   90.4901886    
   9.99999940E-02  -12.0514336    
  0.109999999      -119.209457    
  0.119999997       135.718460    
  0.129999995       57.7567902    
  0.140000001      -239.587311    
  0.149999991       95.0973892    
  0.159999996       262.851685    
  0.170000002      -282.535767    
  0.179999992      -190.308548    
  0.189999998       445.304474    
  0.199999988       54.2359009    
  0.209999993      -553.656921    
  0.219999999       94.5081329    
  0.229999989       611.817017    
  0.239999995      -211.182571    
  0.250000000      -641.669189    
  0.259999990       266.595032    
  0.269999981       662.430542    
  0.280000001      -245.833801    
  0.289999992      -676.320251    
  0.299999982       146.679504    
  0.310000002       663.988403    
  0.319999993       15.8232574    
  0.329999983      -592.069519    
  0.340000004      -201.000946    
  0.349999994       434.612000    
  0.359999985       342.384766    
  0.370000005      -203.002640    
  0.379999995      -370.757019    
  0.389999986      -36.0723572    
  0.399999976       261.271790    
  0.409999996       183.310089    
  0.419999987      -71.6178284    
  0.429999977      -178.775864    
  0.439999998      -76.2342529    
  0.449999988       61.5003967    
  0.459999979       99.9219208    
  0.469999999       42.4359283    
  0.479999989      -30.8065720    
  0.489999980      -44.2910004    
  0.500000000      -32.8223267    
  0.509999990      -2.20745087    
  0.519999981       31.2412338    
  0.529999971      0.626358986    
  0.539999962       12.0950041    
  0.550000012       25.5794239    
  0.560000002      -47.6630058    
  0.569999993       9.82294273    
  0.579999983       48.2443619    
  0.589999974      -89.4901733    
  0.599999964       13.0515137    
  0.610000014       120.209381    
  0.620000005      -134.718475    
  0.629999995      -56.7567368    
  0.639999986       240.587341    
  0.649999976      -94.0974350    
  0.659999967      -261.851715    
  0.669999957       283.535797    
  0.680000007       191.308563    
  0.689999998      -444.304565    
  0.699999988      -53.2359009    
  0.709999979       554.657104    
  0.719999969      -93.5082092    
  0.729999959      -610.817139    
  0.740000010       212.182648    
  0.750000000       642.669189    
  0.759999990      -265.594971    
  0.769999981      -661.430420    
  0.779999971       246.833771    
  0.789999962       677.320190    
  0.799999952      -145.679504    
  0.810000002      -662.988403    
  0.819999993      -14.8232269    
  0.829999983       593.069580    
  0.839999974       202.000900    
  0.849999964      -433.612091    
  0.859999955      -341.384796    
  0.870000005       204.002686    
  0.879999995       371.757050    
  0.889999986       37.0723724    
  0.899999976      -260.271759    
  0.909999967      -182.310120    
  0.919999957       72.6177979    
  0.930000007       179.775848    
  0.939999998       77.2342453    
  0.949999988      -60.5003624    
  0.959999979      -98.9218826    
  0.969999969      -41.4359360    
  0.979999959       31.8065376    
  0.989999950       45.2909737    
   1.00000000       33.8223343    
