   9.99999978E-03  0.911973238    
   1.99999996E-02  0.911973238    
   2.99999993E-02  0.887033701    
   3.99999991E-02  0.887033701    
   4.99999970E-02  0.855803668    
   5.99999987E-02  0.855803668    
   7.00000003E-02  0.818227947    
   7.99999982E-02  0.818227947    
   8.99999961E-02  0.774450183    
   9.99999940E-02  0.774450183    
  0.109999999      0.724875033    
  0.119999997      0.724875033    
  0.129999995      0.670204222    
  0.140000001      0.670204222    
  0.149999991      0.611438274    
  0.159999996      0.611438274    
  0.170000002      0.549844205    
  0.179999992      0.549844205    
  0.189999998      0.486887693    
  0.199999988      0.486887693    
  0.209999993      0.424140036    
  0.219999999      0.424140036    
  0.229999989      0.363169909    
  0.239999995      0.363169909    
  0.250000000      0.305435061    
  0.259999990      0.305435061    
  0.269999981      0.252187520    
  0.280000001      0.252187520    
  0.289999992      0.204405397    
  0.299999982      0.204405397    
  0.310000002      0.162758783    
  0.319999993      0.162758783    
  0.329999983      0.127612919    
  0.340000004      0.127612919    
  0.349999994       9.90658849E-02
  0.359999985       9.90658849E-02
  0.370000005       7.70130381E-02
  0.379999995       7.70130381E-02
  0.389999986       6.12272210E-02
  0.399999976       6.12272210E-02
  0.409999996       5.14422059E-02
  0.419999987       5.14422059E-02
  0.429999977       4.74272519E-02
  0.439999998       4.74272519E-02
  0.449999988       4.90423739E-02
  0.459999979       4.90423739E-02
  0.469999999       5.62671795E-02
  0.479999989       5.62671795E-02
  0.489999980       6.91998601E-02
  0.500000000       6.91998601E-02
  0.509999990       8.80266875E-02
  0.519999981       8.80266875E-02
  0.529999971      0.112966307    
  0.539999962      0.112966307    
  0.550000012      0.144196302    
  0.560000002      0.144196302    
  0.569999993      0.181772128    
  0.579999983      0.181772128    
  0.589999974      0.225549996    
  0.599999964      0.225549996    
  0.610000014      0.275125086    
  0.620000005      0.275125086    
  0.629999995      0.329795986    
  0.639999986      0.329795986    
  0.649999976      0.388561875    
  0.659999967      0.388561875    
  0.669999957      0.450155914    
  0.680000007      0.450155914    
  0.689999998      0.513112485    
  0.699999988      0.513112485    
  0.709999979      0.575860262    
  0.719999969      0.575860262    
  0.729999959      0.636830330    
  0.740000010      0.636830330    
  0.750000000      0.694565177    
  0.759999990      0.694565177    
  0.769999981      0.747812629    
  0.779999971      0.747812629    
  0.789999962      0.795594752    
  0.799999952      0.795594752    
  0.810000002      0.837241292    
  0.819999993      0.837241292    
  0.829999983      0.872387171    
  0.839999974      0.872387171    
  0.849999964      0.900934219    
  0.859999955      0.900934219    
  0.870000005      0.922986984    
  0.879999995      0.922986984    
  0.889999986      0.938772798    
  0.899999976      0.938772798    
  0.909999967      0.948557675    
  0.919999957      0.948557675    
  0.930000007      0.952572584    
  0.939999998      0.952572584    
  0.949999988      0.950957477    
  0.959999979      0.950957477    
  0.969999969      0.943732738    
  0.979999959      0.943732738    
  0.989999950      0.930800080    
   1.00000000      0.930800080    
