   9.99999978E-03   0.00000000    
   1.99999996E-02   0.00000000    
   2.99999993E-02   0.00000000    
   3.99999991E-02   0.00000000    
   4.99999970E-02   0.00000000    
   5.99999987E-02   0.00000000    
   7.00000003E-02   0.00000000    
   7.99999982E-02   8.06480926E-09
   8.99999961E-02   8.06480926E-09
   9.99999940E-02   2.63450431E-07
  0.109999999       2.63450431E-07
  0.119999997       4.09423410E-06
  0.129999995       4.09423410E-06
  0.140000001       4.02738588E-05
  0.149999991       4.02738588E-05
  0.159999996       2.81471352E-04
  0.170000002       2.81471352E-04
  0.179999992       1.48745906E-03
  0.189999998       1.48745906E-03
  0.199999988       6.17741141E-03
  0.209999993       6.17741141E-03
  0.219999999       2.06939280E-02
  0.229999989       2.06939280E-02
  0.239999995       5.69852218E-02
  0.250000000       5.69852218E-02
  0.259999990      0.130911931    
  0.269999981      0.130911931    
  0.280000001      0.254123122    
  0.289999992      0.254123122    
  0.299999982      0.422138333    
  0.310000002      0.422138333    
  0.319999993      0.608821988    
  0.329999983      0.608821988    
  0.340000004      0.776358664    
  0.349999994      0.776358664    
  0.359999985      0.896027625    
  0.370000005      0.896027625    
  0.379999995      0.962510347    
  0.389999986      0.962510347    
  0.399999976      0.990211487    
  0.409999996      0.990211487    
  0.419999987      0.998358846    
  0.429999977      0.998358846    
  0.439999998      0.999867678    
  0.449999988      0.999867678    
  0.459999979       1.00000000    
  0.469999999       1.00000000    
  0.479999989       1.00000000    
  0.489999980       1.00000000    
  0.500000000       1.00000000    
  0.509999990       1.00000000    
  0.519999981       1.00000000    
  0.529999971       1.00000000    
  0.539999962       1.00000000    
  0.550000012       1.00000000    
  0.560000002       1.00000000    
  0.569999993       1.00000000    
  0.579999983       1.00000000    
  0.589999974       1.00000000    
  0.599999964      0.999999702    
  0.610000014      0.999999702    
  0.620000005      0.999995887    
  0.629999995      0.999995887    
  0.639999986      0.999959707    
  0.649999976      0.999959707    
  0.659999967      0.999718606    
  0.669999957      0.999718606    
  0.680000007      0.998512626    
  0.689999998      0.998512626    
  0.699999988      0.993822575    
  0.709999979      0.993822575    
  0.719999969      0.979306042    
  0.729999959      0.979306042    
  0.740000010      0.943014801    
  0.750000000      0.943014801    
  0.759999990      0.869088054    
  0.769999981      0.869088054    
  0.779999971      0.745876849    
  0.789999962      0.745876849    
  0.799999952      0.577861607    
  0.810000002      0.577861607    
  0.819999993      0.391178042    
  0.829999983      0.391178042    
  0.839999974      0.223641455    
  0.849999964      0.223641455    
  0.859999955      0.103972450    
  0.870000005      0.103972450    
  0.879999995       3.74896750E-02
  0.889999986       3.74896750E-02
  0.899999976       9.78852436E-03
  0.909999967       9.78852436E-03
  0.919999957       1.64112647E-03
  0.930000007       1.64112647E-03
  0.939999998       1.32348898E-04
  0.949999988       1.32348898E-04
  0.959999979       0.00000000    
  0.969999969       0.00000000    
  0.979999959       0.00000000    
  0.989999950       0.00000000    
   1.00000000       0.00000000    
