   9.99999978E-03   25084.0547    
   1.99999996E-02  -13348.9375    
   2.99999993E-02  -18576.8672    
   3.99999991E-02   12064.5371    
   4.99999970E-02  -3715.67969    
   5.99999987E-02  -12788.2656    
   7.00000003E-02   28819.1621    
   7.99999982E-02   7048.83398    
   8.99999961E-02  -44891.9648    
   9.99999940E-02   11133.8262    
  0.109999999       47262.1055    
  0.119999997      -39377.2578    
  0.129999995      -37134.8633    
  0.140000001       68674.8438    
  0.149999991       17263.9062    
  0.159999996      -90654.2812    
  0.170000002       9529.34375    
  0.179999992       102771.031    
  0.189999998      -39033.7266    
  0.199999988      -107189.648    
  0.209999993       65978.4297    
  0.219999999       107236.586    
  0.229999989      -86404.5156    
  0.239999995      -105944.234    
  0.250000000       98599.6719    
  0.259999990       106097.000    
  0.269999981      -101773.125    
  0.280000001      -109270.430    
  0.289999992       95273.4531    
  0.299999982       114813.180    
  0.310000002      -78827.8516    
  0.319999993      -120085.984    
  0.329999983       53082.0391    
  0.340000004       121237.922    
  0.349999994      -20566.8086    
  0.359999985      -113808.453    
  0.370000005      -13624.8359    
  0.379999995       94293.3438    
  0.389999986       42882.3945    
  0.399999976      -62927.3047    
  0.409999996      -60684.8984    
  0.419999987       25954.4805    
  0.429999977       62082.7656    
  0.439999998       6056.97070    
  0.449999988      -45883.8281    
  0.459999979      -24113.5078    
  0.469999999       17493.9219    
  0.479999989       26566.5215    
  0.489999980       10786.2979    
  0.500000000      -19855.1230    
  0.509999990      -25083.0508    
  0.519999981       13349.9365    
  0.529999971       18577.8652    
  0.539999962      -12063.5371    
  0.550000012       3716.68408    
  0.560000002       12789.2598    
  0.569999993      -28818.1699    
  0.579999983      -7047.82617    
  0.589999974       44892.9766    
  0.599999964      -11132.8408    
  0.610000014      -47261.1250    
  0.620000005       39378.2852    
  0.629999995       37135.8672    
  0.639999986      -68673.8516    
  0.649999976      -17262.9141    
  0.659999967       90655.2969    
  0.669999957      -9528.34766    
  0.680000007      -102770.031    
  0.689999998       39034.7500    
  0.699999988       107190.633    
  0.709999979      -65977.4531    
  0.719999969      -107235.578    
  0.729999959       86405.5391    
  0.740000010       105945.219    
  0.750000000      -98598.7031    
  0.759999990      -106095.977    
  0.769999981       101774.109    
  0.779999971       109271.422    
  0.789999962      -95272.4453    
  0.799999952      -114812.180    
  0.810000002       78828.8750    
  0.819999993       120087.016    
  0.829999983      -53081.0469    
  0.839999974      -121236.938    
  0.849999964       20567.7891    
  0.859999955       113809.469    
  0.870000005       13625.8516    
  0.879999995      -94292.3438    
  0.889999986      -42881.4062    
  0.899999976       62928.3125    
  0.909999967       60685.8984    
  0.919999957      -25953.4883    
  0.930000007      -62081.7578    
  0.939999998      -6055.96875    
  0.949999988       45884.8320    
  0.959999979       24114.5020    
  0.969999969      -17492.9277    
  0.979999959      -26565.5195    
  0.989999950      -10785.2998    
   1.00000000       19856.1211    
