   9.99999978E-03  -2578548.75    
   1.99999996E-02   507277.250    
   2.99999993E-02   2184941.00    
   3.99999991E-02  -708992.625    
   4.99999970E-02  -980309.875    
   5.99999987E-02   1334029.88    
   7.00000003E-02  -624011.812    
   7.99999982E-02  -1951578.50    
   8.99999961E-02   2193079.25    
   9.99999940E-02   2094847.75    
  0.109999999      -3463154.75    
  0.119999997      -1507260.12    
  0.129999995       4382833.50    
  0.140000001       261939.375    
  0.149999991      -5007481.00    
  0.159999996       1319915.25    
  0.170000002       5377229.50    
  0.179999992      -2879622.75    
  0.189999998      -5496631.00    
  0.199999988       4194155.50    
  0.209999993       5403174.50    
  0.219999999      -5196297.50    
  0.229999989      -5214431.00    
  0.239999995       5879091.00    
  0.250000000       5087734.00    
  0.259999990      -6216300.50    
  0.269999981      -5135966.00    
  0.280000001       6168069.50    
  0.289999992       5376713.00    
  0.299999982      -5716809.00    
  0.310000002      -5734944.00    
  0.319999993       4864528.00    
  0.329999983       6073549.00    
  0.340000004      -3617236.50    
  0.349999994      -6234244.00    
  0.359999985       2022607.00    
  0.370000005       6079919.50    
  0.379999995      -247475.750    
  0.389999986      -5516896.00    
  0.399999976      -1396002.12    
  0.409999996       4494090.50    
  0.419999987       2538196.50    
  0.429999977      -3019805.50    
  0.439999998      -2921574.00    
  0.449999988       1223083.00    
  0.459999979       2550650.25    
  0.469999999       592609.125    
  0.479999989      -1721731.25    
  0.489999980      -1993048.12    
  0.500000000       900886.125    
  0.509999990       2578549.50    
  0.519999981      -507276.562    
  0.529999971      -2184940.00    
  0.539999962       708994.062    
  0.550000012       980310.625    
  0.560000002      -1334029.25    
  0.569999993       624013.000    
  0.579999983       1951579.88    
  0.589999974      -2193078.50    
  0.599999964      -2094847.12    
  0.610000014       3463157.25    
  0.620000005       1507261.00    
  0.629999995      -4382834.00    
  0.639999986      -261938.375    
  0.649999976       5007483.50    
  0.659999967      -1319914.75    
  0.669999957      -5377229.00    
  0.680000007       2879624.75    
  0.689999998       5496631.00    
  0.699999988      -4194156.50    
  0.709999979      -5403174.00    
  0.719999969       5196301.00    
  0.729999959       5214432.00    
  0.740000010      -5879092.50    
  0.750000000      -5087733.00    
  0.759999990       6216304.00    
  0.769999981       5135965.50    
  0.779999971      -6168071.00    
  0.789999962      -5376711.00    
  0.799999952       5716812.00    
  0.810000002       5734944.00    
  0.819999993      -4864527.00    
  0.829999983      -6073547.00    
  0.839999974       3617237.00    
  0.849999964       6234244.50    
  0.859999955      -2022604.75    
  0.870000005      -6079917.50    
  0.879999995       247476.500    
  0.889999986       5516895.50    
  0.899999976       1396002.75    
  0.909999967      -4494089.50    
  0.919999957      -2538195.50    
  0.930000007       3019806.50    
  0.939999998       2921575.25    
  0.949999988      -1223082.50    
  0.959999979      -2550649.50    
  0.969999969      -592607.875    
  0.979999959       1721732.50    
  0.989999950       1993049.00    
   1.00000000      -900885.125    
