   9.99999978E-03  -201962.250    
   1.99999996E-02  -4112405.25    
   2.99999993E-02   172364.875    
   3.99999991E-02   2906320.00    
   4.99999970E-02  -1214877.62    
   5.99999987E-02  -871205.188    
   7.00000003E-02   2754534.50    
   7.99999982E-02  -1443747.50    
   8.99999961E-02  -3966005.00    
   9.99999940E-02   3618786.75    
  0.109999999       4182631.50    
  0.119999997      -5492468.50    
  0.129999995      -3205173.25    
  0.140000001       7078338.00    
  0.149999991       1329457.50    
  0.159999996      -8389431.00    
  0.170000002       900009.000    
  0.179999992       9359294.00    
  0.189999998      -3008888.00    
  0.199999988      -9921436.00    
  0.209999993       4751345.00    
  0.219999999       10128962.0    
  0.229999989      -6045284.50    
  0.239999995      -10165174.0    
  0.250000000       6830845.00    
  0.259999990       10231859.0    
  0.269999981      -7024033.00    
  0.280000001      -10425046.0    
  0.289999992       6570972.50    
  0.299999982       10690864.0    
  0.310000002      -5483380.50    
  0.319999993      -10860999.0    
  0.329999983       3811781.00    
  0.340000004       10724330.0    
  0.349999994      -1643848.50    
  0.359999985      -10103130.0    
  0.370000005      -813693.000    
  0.379999995       8905193.00    
  0.389999986       3156313.25    
  0.399999976      -7127197.00    
  0.409999996      -4839902.00    
  0.419999987       4835198.00    
  0.429999977       5399043.00    
  0.439999998      -2185746.50    
  0.449999988      -4708004.00    
  0.459999979      -509722.625    
  0.469999999       3116018.25    
  0.479999989       2772346.00    
  0.489999980      -1348852.62    
  0.500000000      -4082807.00    
  0.509999990       201963.750    
  0.519999981       4112406.00    
  0.529999971      -172364.875    
  0.539999962      -2906319.00    
  0.550000012       1214879.25    
  0.560000002       871206.000    
  0.569999993      -2754534.25    
  0.579999983       1443749.00    
  0.589999974       3966007.25    
  0.599999964      -3618786.50    
  0.610000014      -4182631.50    
  0.620000005       5492472.50    
  0.629999995       3205175.25    
  0.639999986      -7078339.50    
  0.649999976      -1329457.00    
  0.659999967       8389433.00    
  0.669999957      -900009.000    
  0.680000007      -9359292.00    
  0.689999998       3008890.50    
  0.699999988       9921438.00    
  0.709999979      -4751348.00    
  0.719999969      -10128962.0    
  0.729999959       6045289.00    
  0.740000010       10165176.0    
  0.750000000      -6830848.50    
  0.759999990      -10231857.0    
  0.769999981       7024037.00    
  0.779999971       10425046.0    
  0.789999962      -6570975.50    
  0.799999952      -10690862.0    
  0.810000002       5483384.00    
  0.819999993       10861000.0    
  0.829999983      -3811780.00    
  0.839999974      -10724328.0    
  0.849999964       1643848.50    
  0.859999955       10103131.0    
  0.870000005       813694.500    
  0.879999995      -8905190.00    
  0.889999986      -3156312.00    
  0.899999976       7127196.50    
  0.909999967       4839902.50    
  0.919999957      -4835197.00    
  0.930000007      -5399043.00    
  0.939999998       2185748.00    
  0.949999988       4708005.50    
  0.959999979       509723.250    
  0.969999969      -3116017.50    
  0.979999959      -2772345.00    
  0.989999950       1348853.62    
   1.00000000       4082808.00    
