   9.99999978E-03   5610.07178    
   1.99999996E-02   1807.25085    
   2.99999993E-02  -3822.30005    
   3.99999991E-02   741.634583    
   4.99999970E-02   426.108154    
   5.99999987E-02  -4776.40625    
   7.00000003E-02   3636.12280    
   7.99999982E-02   6081.78418    
   8.99999961E-02  -7875.23438    
   9.99999940E-02  -2653.12622    
  0.109999999       11474.1152    
  0.119999997      -4288.42969    
  0.129999995      -12830.2930    
  0.140000001       12262.2158    
  0.149999991       10668.2090    
  0.159999996      -19469.6523    
  0.170000002      -5326.08496    
  0.179999992       25029.5820    
  0.189999998      -1516.34375    
  0.199999988      -28546.7734    
  0.209999993       8203.78418    
  0.219999999       30286.8984    
  0.229999989      -13607.8574    
  0.239999995      -31075.6367    
  0.250000000       16928.7988    
  0.259999990       31684.4961    
  0.269999981      -17651.1836    
  0.280000001      -32406.8828    
  0.289999992       15597.5449    
  0.299999982       33065.3203    
  0.310000002      -10829.4316    
  0.319999993      -32912.5312    
  0.329999983       3838.02246    
  0.340000004       30868.4375    
  0.349999994       4322.51172    
  0.359999985      -26033.1484    
  0.370000005      -11889.5791    
  0.379999995       18248.2812    
  0.389999986       16654.2734    
  0.399999976      -8438.23730    
  0.409999996      -16980.1016    
  0.419999987      -1217.55615    
  0.429999977       12909.6855    
  0.439999998       7687.57764    
  0.449999988      -6269.44141    
  0.459999979      -8715.10449    
  0.469999999      -302.577148    
  0.479999989       4899.94043    
  0.489999980       4584.41504    
  0.500000000       20.4782715    
  0.509999990      -5609.07178    
  0.519999981      -1806.25037    
  0.529999971       3823.29956    
  0.539999962      -740.634033    
  0.550000012      -425.106323    
  0.560000002       4777.40479    
  0.569999993      -3635.12500    
  0.579999983      -6080.78223    
  0.589999974       7876.23779    
  0.599999964       2654.12451    
  0.610000014      -11473.1201    
  0.620000005       4289.43262    
  0.629999995       12831.2979    
  0.639999986      -12261.2207    
  0.649999976      -10667.2090    
  0.659999967       19470.6543    
  0.669999957       5327.08496    
  0.680000007      -25028.5820    
  0.689999998       1517.34961    
  0.699999988       28547.7734    
  0.709999979      -8202.79590    
  0.719999969      -30285.8984    
  0.729999959       13608.8623    
  0.740000010       31076.6367    
  0.750000000      -16927.7969    
  0.759999990      -31683.4941    
  0.769999981       17652.1855    
  0.779999971       32407.8789    
  0.789999962      -15596.5430    
  0.799999952      -33064.3203    
  0.810000002       10830.4277    
  0.819999993       32913.5352    
  0.829999983      -3837.01953    
  0.839999974      -30867.4414    
  0.849999964      -4321.51660    
  0.859999955       26034.1504    
  0.870000005       11890.5811    
  0.879999995      -18247.2812    
  0.889999986      -16653.2734    
  0.899999976       8439.24121    
  0.909999967       16981.1055    
  0.919999957       1218.55371    
  0.930000007      -12908.6885    
  0.939999998      -7686.57812    
  0.949999988       6270.44238    
  0.959999979       8716.10547    
  0.969999969       303.576904    
  0.979999959      -4898.93945    
  0.989999950      -4583.41504    
   1.00000000      -19.4801025    
