   9.99999978E-03   2.73716396E-05
   1.99999996E-02  -1.40121729E-05
   2.99999993E-02   9.84930884E-05
   3.99999991E-02  -4.76708694E-04
   4.99999970E-02   2.04910757E-03
   5.99999987E-02  -7.74396490E-03
   7.00000003E-02   2.55567059E-02
   7.99999982E-02  -7.28564635E-02
   8.99999961E-02  0.176296279    
   9.99999940E-02 -0.351208985    
  0.109999999      0.541270137    
  0.119999997     -0.540764391    
  0.129999995       3.39756310E-02
  0.140000001       1.04606688    
  0.149999991      -1.94195831    
  0.159999996       1.15405452    
  0.170000002       1.79247904    
  0.179999992      -4.12473488    
  0.189999998       1.53459239    
  0.199999988       4.83292675    
  0.209999993      -5.87298775    
  0.219999999      -2.96098089    
  0.229999989       9.10101604    
  0.239999995      0.343388796    
  0.250000000      -10.8575668    
  0.259999990       1.09591055    
  0.269999981       11.6615658    
  0.280000001     -0.291913033    
  0.289999992      -11.4928675    
  0.299999982      -2.73523903    
  0.310000002       9.32675552    
  0.319999993       6.41474915    
  0.329999983      -4.29116249    
  0.340000004      -7.58949614    
  0.349999994      -1.93017006    
  0.359999985       3.98704481    
  0.370000005       4.62547016    
  0.379999995       1.52945662    
  0.389999986      -1.45856917    
  0.399999976      -2.47065997    
  0.409999996      -1.89591932    
  0.419999987     -0.813884497    
  0.429999977       7.85945356E-02
  0.439999998      0.606099367    
  0.449999988      0.855251789    
  0.459999979      0.953665376    
  0.469999999      0.986966133    
  0.479999989      0.996759057    
  0.489999980      0.999284863    
  0.500000000      0.999859989    
  0.509999990      0.999972999    
  0.519999981       1.00001371    
  0.529999971      0.999901712    
  0.539999962       1.00047660    
  0.550000012      0.997950733    
  0.560000002       1.00774395    
  0.569999993      0.974443197    
  0.579999983       1.07285619    
  0.589999974      0.823703825    
  0.599999964       1.35120904    
  0.610000014      0.458729982    
  0.620000005       1.54076385    
  0.629999995      0.966024101    
  0.639999986      -4.60657477E-02
  0.649999976       2.94195771    
  0.659999967     -0.154056132    
  0.669999957     -0.792477131    
  0.680000007       5.12473583    
  0.689999998     -0.534594297    
  0.699999988      -3.83292580    
  0.709999979       6.87298727    
  0.719999969       3.96098042    
  0.729999959      -8.10101509    
  0.740000010      0.656611919    
  0.750000000       11.8575668    
  0.759999990      -9.59105492E-02
  0.769999981      -10.6615658    
  0.779999971       1.29191303    
  0.789999962       12.4928675    
  0.799999952       3.73523855    
  0.810000002      -8.32675743    
  0.819999993      -5.41474915    
  0.829999983       5.29116201    
  0.839999974       8.58949566    
  0.849999964       2.93016958    
  0.859999955      -2.98704362    
  0.870000005      -3.62546921    
  0.879999995     -0.529456973    
  0.889999986       2.45856810    
  0.899999976       3.47065926    
  0.909999967       2.89591932    
  0.919999957       1.81388474    
  0.930000007      0.921405733    
  0.939999998      0.393900514    
  0.949999988      0.144747809    
  0.959999979       4.63346355E-02
  0.969999969       1.30339656E-02
  0.979999959       3.24089453E-03
  0.989999950       7.15078670E-04
   1.00000000       1.39876909E-04
