   9.99999978E-03  0.867840230    
   1.99999996E-02  0.829217911    
   2.99999993E-02  0.829217911    
   3.99999991E-02  0.783655703    
   4.99999970E-02  0.783655703    
   5.99999987E-02  0.731496811    
   7.00000003E-02  0.731496811    
   7.99999982E-02  0.673485160    
   8.99999961E-02  0.673485160    
   9.99999940E-02  0.610771120    
  0.109999999      0.610771120    
  0.119999997      0.544864714    
  0.129999995      0.544864714    
  0.140000001      0.477539957    
  0.149999991      0.477539957    
  0.159999996      0.410700411    
  0.170000002      0.410700411    
  0.179999992      0.346225023    
  0.189999998      0.346225023    
  0.199999988      0.285816252    
  0.209999993      0.285816252    
  0.219999999      0.230872422    
  0.229999989      0.230872422    
  0.239999995      0.182401940    
  0.250000000      0.182401940    
  0.259999990      0.140990809    
  0.269999981      0.140990809    
  0.280000001      0.106824227    
  0.289999992      0.106824227    
  0.299999982       7.97558799E-02
  0.310000002       7.97558799E-02
  0.319999993       5.94109334E-02
  0.329999983       5.94109334E-02
  0.340000004       4.53054979E-02
  0.349999994       4.53054979E-02
  0.359999985       3.69641446E-02
  0.370000005       3.69641446E-02
  0.379999995       3.40195298E-02
  0.389999986       3.40195298E-02
  0.399999976       3.62818502E-02
  0.409999996       3.62818502E-02
  0.419999987       4.37705070E-02
  0.429999977       4.37705070E-02
  0.439999998       5.67051917E-02
  0.449999988       5.67051917E-02
  0.459999979       7.54580274E-02
  0.469999999       7.54580274E-02
  0.479999989      0.100472659    
  0.489999980      0.100472659    
  0.500000000      0.132159799    
  0.509999990      0.132159799    
  0.519999981      0.170782223    
  0.529999971      0.170782223    
  0.539999962      0.216344416    
  0.550000012      0.216344416    
  0.560000002      0.268503249    
  0.569999993      0.268503249    
  0.579999983      0.326514900    
  0.589999974      0.326514900    
  0.599999964      0.389229000    
  0.610000014      0.389229000    
  0.620000005      0.455135405    
  0.629999995      0.455135405    
  0.639999986      0.522460163    
  0.649999976      0.522460163    
  0.659999967      0.589299798    
  0.669999957      0.589299798    
  0.680000007      0.653775156    
  0.689999998      0.653775156    
  0.699999988      0.714183927    
  0.709999979      0.714183927    
  0.719999969      0.769127786    
  0.729999959      0.769127786    
  0.740000010      0.817598224    
  0.750000000      0.817598224    
  0.759999990      0.859009385    
  0.769999981      0.859009385    
  0.779999971      0.893175900    
  0.789999962      0.893175900    
  0.799999952      0.920244217    
  0.810000002      0.920244217    
  0.819999993      0.940589070    
  0.829999983      0.940589070    
  0.839999974      0.954694390    
  0.849999964      0.954694390    
  0.859999955      0.963035703    
  0.870000005      0.963035703    
  0.879999995      0.965980351    
  0.889999986      0.965980351    
  0.899999976      0.963718057    
  0.909999967      0.963718057    
  0.919999957      0.956229448    
  0.930000007      0.956229448    
  0.939999998      0.943294823    
  0.949999988      0.943294823    
  0.959999979      0.924541950    
  0.969999969      0.924541950    
  0.979999959      0.899527311    
  0.989999950      0.899527311    
   1.00000000      0.867840230    
