   9.99999978E-03  0.785836875    
   1.99999996E-02  0.730235934    
   2.99999993E-02  0.730235934    
   3.99999991E-02  0.668045402    
   4.99999970E-02  0.668045402    
   5.99999987E-02  0.600663662    
   7.00000003E-02  0.600663662    
   7.99999982E-02  0.529951453    
   8.99999961E-02  0.529951453    
   9.99999940E-02  0.458090335    
  0.109999999      0.458090335    
  0.119999997      0.387388021    
  0.129999995      0.387388021    
  0.140000001      0.320062667    
  0.149999991      0.320062667    
  0.159999996      0.258038491    
  0.170000002      0.258038491    
  0.179999992      0.202786118    
  0.189999998      0.202786118    
  0.199999988      0.155231223    
  0.209999993      0.155231223    
  0.219999999      0.115742080    
  0.229999989      0.115742080    
  0.239999995       8.41923878E-02
  0.250000000       8.41923878E-02
  0.259999990       6.00825027E-02
  0.269999981       6.00825027E-02
  0.280000001       4.26954776E-02
  0.289999992       4.26954776E-02
  0.299999982       3.12613174E-02
  0.310000002       3.12613174E-02
  0.319999993       2.51059532E-02
  0.329999983       2.51059532E-02
  0.340000004       2.37671677E-02
  0.349999994       2.37671677E-02
  0.359999985       2.70664617E-02
  0.370000005       2.70664617E-02
  0.379999995       3.51319090E-02
  0.389999986       3.51319090E-02
  0.399999976       4.83718738E-02
  0.409999996       4.83718738E-02
  0.419999987       6.74029887E-02
  0.429999977       6.74029887E-02
  0.439999998       9.29390267E-02
  0.449999988       9.29390267E-02
  0.459999979      0.125651300    
  0.469999999      0.125651300    
  0.479999989      0.166015282    
  0.489999980      0.166015282    
  0.500000000      0.214163139    
  0.509999990      0.214163139    
  0.519999981      0.269764096    
  0.529999971      0.269764096    
  0.539999962      0.331954688    
  0.550000012      0.331954688    
  0.560000002      0.399336517    
  0.569999993      0.399336517    
  0.579999983      0.470048666    
  0.589999974      0.470048666    
  0.599999964      0.541909814    
  0.610000014      0.541909814    
  0.620000005      0.612612247    
  0.629999995      0.612612247    
  0.639999986      0.679937601    
  0.649999976      0.679937601    
  0.659999967      0.741961837    
  0.669999957      0.741961837    
  0.680000007      0.797214150    
  0.689999998      0.797214150    
  0.699999988      0.844769001    
  0.709999979      0.844769001    
  0.719999969      0.884258151    
  0.729999959      0.884258151    
  0.740000010      0.915807784    
  0.750000000      0.915807784    
  0.759999990      0.939917564    
  0.769999981      0.939917564    
  0.779999971      0.957304478    
  0.789999962      0.957304478    
  0.799999952      0.968738675    
  0.810000002      0.968738675    
  0.819999993      0.974893987    
  0.829999983      0.974893987    
  0.839999974      0.976232767    
  0.849999964      0.976232767    
  0.859999955      0.972933471    
  0.870000005      0.972933471    
  0.879999995      0.964868069    
  0.889999986      0.964868069    
  0.899999976      0.951628149    
  0.909999967      0.951628149    
  0.919999957      0.932596982    
  0.930000007      0.932596982    
  0.939999998      0.907060921    
  0.949999988      0.907060921    
  0.959999979      0.874348640    
  0.969999969      0.874348640    
  0.979999959      0.833984613    
  0.989999950      0.833984613    
   1.00000000      0.785836875    
