   9.99999978E-03  0.923740029    
   1.99999996E-02  0.902620912    
   2.99999993E-02  0.902620912    
   3.99999991E-02  0.875322461    
   4.99999970E-02  0.875322461    
   5.99999987E-02  0.841712773    
   7.00000003E-02  0.841712773    
   7.99999982E-02  0.801811278    
   8.99999961E-02  0.801811278    
   9.99999940E-02  0.755859554    
  0.109999999      0.755859554    
  0.119999997      0.704373479    
  0.129999995      0.704373479    
  0.140000001      0.648166955    
  0.149999991      0.648166955    
  0.159999996      0.588340521    
  0.170000002      0.588340521    
  0.179999992      0.526235521    
  0.189999998      0.526235521    
  0.199999988      0.463357329    
  0.209999993      0.463357329    
  0.219999999      0.401276231    
  0.229999989      0.401276231    
  0.239999995      0.341519356    
  0.250000000      0.341519356    
  0.259999990      0.285467207    
  0.269999981      0.285467207    
  0.280000001      0.234269232    
  0.289999992      0.234269232    
  0.299999982      0.188787922    
  0.310000002      0.188787922    
  0.319999993      0.149579093    
  0.329999983      0.149579093    
  0.340000004      0.116907783    
  0.349999994      0.116907783    
  0.359999985       9.07960609E-02
  0.370000005       9.07960609E-02
  0.379999995       7.10933581E-02
  0.389999986       7.10933581E-02
  0.399999976       5.75578399E-02
  0.409999996       5.75578399E-02
  0.419999987       4.99366000E-02
  0.429999977       4.99366000E-02
  0.439999998       4.80329245E-02
  0.449999988       4.80329245E-02
  0.459999979       5.17516769E-02
  0.469999999       5.17516769E-02
  0.479999989       6.11169301E-02
  0.489999980       6.11169301E-02
  0.500000000       7.62599185E-02
  0.509999990       7.62599185E-02
  0.519999981       9.73790511E-02
  0.529999971       9.73790511E-02
  0.539999962      0.124677554    
  0.550000012      0.124677554    
  0.560000002      0.158287242    
  0.569999993      0.158287242    
  0.579999983      0.198188826    
  0.589999974      0.198188826    
  0.599999964      0.244140655    
  0.610000014      0.244140655    
  0.620000005      0.295626700    
  0.629999995      0.295626700    
  0.639999986      0.351833194    
  0.649999976      0.351833194    
  0.659999967      0.411659658    
  0.669999957      0.411659658    
  0.680000007      0.473764628    
  0.689999998      0.473764628    
  0.699999988      0.536642909    
  0.709999979      0.536642909    
  0.719999969      0.598724008    
  0.729999959      0.598724008    
  0.740000010      0.658480883    
  0.750000000      0.658480883    
  0.759999990      0.714532971    
  0.769999981      0.714532971    
  0.779999971      0.765730977    
  0.789999962      0.765730977    
  0.799999952      0.811212242    
  0.810000002      0.811212242    
  0.819999993      0.850421011    
  0.829999983      0.850421011    
  0.839999974      0.883092284    
  0.849999964      0.883092284    
  0.859999955      0.909204006    
  0.870000005      0.909204006    
  0.879999995      0.928906679    
  0.889999986      0.928906679    
  0.899999976      0.942442179    
  0.909999967      0.942442179    
  0.919999957      0.950063229    
  0.930000007      0.950063229    
  0.939999998      0.951966941    
  0.949999988      0.951966941    
  0.959999979      0.948248208    
  0.969999969      0.948248208    
  0.979999959      0.938883007    
  0.989999950      0.938883007    
   1.00000000      0.923740029    
