   9.99999978E-03   5153.38916    
   1.99999996E-02   4165.34375    
   2.99999993E-02  -3555.89600    
   3.99999991E-02  -320.467468    
   4.99999970E-02   1805.61841    
   5.99999987E-02  -5578.91016    
   7.00000003E-02   921.575195    
   7.99999982E-02   8959.62305    
   8.99999961E-02  -5691.50684    
   9.99999940E-02  -7490.46387    
  0.109999999       11882.9414    
  0.119999997       1787.67236    
  0.129999995      -16967.9531    
  0.140000001       6387.59033    
  0.149999991       18601.1758    
  0.159999996      -15471.0791    
  0.170000002      -16450.8945    
  0.179999992       24077.1465    
  0.189999998       11877.7451    
  0.199999988      -30976.8047    
  0.209999993      -6504.63379    
  0.219999999       35739.8086    
  0.229999989       1732.77637    
  0.239999995      -38709.8008    
  0.250000000       1238.76562    
  0.259999990       40329.4922    
  0.269999981      -1628.33887    
  0.280000001      -40719.0625    
  0.289999992      -770.505859    
  0.299999982       39672.0625    
  0.310000002       5665.03125    
  0.319999993      -36579.3945    
  0.329999983      -12107.2197    
  0.340000004       30747.3145    
  0.349999994       18547.9082    
  0.359999985      -21980.1250    
  0.370000005      -22959.9375    
  0.379999995       11112.3184    
  0.389999986       23325.9023    
  0.399999976      -29.6435547    
  0.409999996      -18785.2715    
  0.419999987      -8690.00293    
  0.429999977       10683.4023    
  0.439999998       12482.3594    
  0.449999988      -2168.77100    
  0.459999979      -10206.8203    
  0.469999999      -3706.33838    
  0.479999989       3678.19238    
  0.489999980       5804.28027    
  0.500000000       2568.84985    
  0.509999990      -5152.38965    
  0.519999981      -4164.34326    
  0.529999971       3556.89551    
  0.539999962       321.467407    
  0.550000012      -1804.61609    
  0.560000002       5579.90918    
  0.569999993      -920.578125    
  0.579999983      -8958.62305    
  0.589999974       5692.51123    
  0.599999964       7491.46387    
  0.610000014      -11881.9473    
  0.620000005      -1786.67188    
  0.629999995       16968.9609    
  0.639999986      -6386.59375    
  0.649999976      -18600.1777    
  0.659999967       15472.0811    
  0.669999957       16451.8945    
  0.680000007      -24076.1484    
  0.689999998      -11876.7393    
  0.699999988       30977.8105    
  0.709999979       6505.62207    
  0.719999969      -35738.8125    
  0.729999959      -1731.77148    
  0.740000010       38710.8008    
  0.750000000      -1237.76367    
  0.759999990      -40328.4922    
  0.769999981       1629.34180    
  0.779999971       40720.0625    
  0.789999962       771.506836    
  0.799999952      -39671.0625    
  0.810000002      -5664.03711    
  0.819999993       36580.3984    
  0.829999983       12108.2246    
  0.839999974      -30746.3164    
  0.849999964      -18546.9141    
  0.859999955       21981.1250    
  0.870000005       22960.9375    
  0.879999995      -11111.3174    
  0.889999986      -23324.9043    
  0.899999976       30.6464844    
  0.909999967       18786.2773    
  0.919999957       8691.00195    
  0.930000007      -10682.4053    
  0.939999998      -12481.3613    
  0.949999988       2169.77148    
  0.959999979       10207.8223    
  0.969999969       3707.33813    
  0.979999959      -3677.19141    
  0.989999950      -5803.27979    
   1.00000000      -2567.85156    
