   9.99999978E-03  0.678518951    
   1.99999996E-02  0.607246578    
   2.99999993E-02  0.607246578    
   3.99999991E-02  0.531958222    
   4.99999970E-02  0.531958222    
   5.99999987E-02  0.455275953    
   7.00000003E-02  0.455275953    
   7.99999982E-02  0.379995883    
   8.99999961E-02  0.379995883    
   9.99999940E-02  0.308788896    
  0.109999999      0.308788896    
  0.119999997      0.243920177    
  0.129999995      0.243920177    
  0.140000001      0.187036335    
  0.149999991      0.187036335    
  0.159999996      0.139055654    
  0.170000002      0.139055654    
  0.179999992      0.100172840    
  0.189999998      0.100172840    
  0.199999988       6.99668601E-02
  0.209999993       6.99668601E-02
  0.219999999       4.75824811E-02
  0.229999989       4.75824811E-02
  0.239999995       3.19463722E-02
  0.250000000       3.19463722E-02
  0.259999990       2.19802558E-02
  0.269999981       2.19802558E-02
  0.280000001       1.67820584E-02
  0.289999992       1.67820584E-02
  0.299999982       1.57575663E-02
  0.310000002       1.57575663E-02
  0.319999993       1.86960325E-02
  0.329999983       1.86960325E-02
  0.340000004       2.57899128E-02
  0.349999994       2.57899128E-02
  0.359999985       3.76018211E-02
  0.370000005       3.76018211E-02
  0.379999995       5.49820289E-02
  0.389999986       5.49820289E-02
  0.399999976       7.89402127E-02
  0.409999996       7.89402127E-02
  0.419999987      0.110478133    
  0.429999977      0.110478133    
  0.439999998      0.150396287    
  0.449999988      0.150396287    
  0.459999979      0.199096262    
  0.469999999      0.199096262    
  0.479999989      0.256408840    
  0.489999980      0.256408840    
  0.500000000      0.321481168    
  0.509999990      0.321481168    
  0.519999981      0.392753541    
  0.529999971      0.392753541    
  0.539999962      0.468041956    
  0.550000012      0.468041956    
  0.560000002      0.544724166    
  0.569999993      0.544724166    
  0.579999983      0.620004296    
  0.589999974      0.620004296    
  0.599999964      0.691211283    
  0.610000014      0.691211283    
  0.620000005      0.756080031    
  0.629999995      0.756080031    
  0.639999986      0.812963843    
  0.649999976      0.812963843    
  0.659999967      0.860944450    
  0.669999957      0.860944450    
  0.680000007      0.899827242    
  0.689999998      0.899827242    
  0.699999988      0.930033207    
  0.709999979      0.930033207    
  0.719999969      0.952417612    
  0.729999959      0.952417612    
  0.740000010      0.968053639    
  0.750000000      0.968053639    
  0.759999990      0.978019714    
  0.769999981      0.978019714    
  0.779999971      0.983217835    
  0.789999962      0.983217835    
  0.799999952      0.984242380    
  0.810000002      0.984242380    
  0.819999993      0.981303930    
  0.829999983      0.981303930    
  0.839999974      0.974210083    
  0.849999964      0.974210083    
  0.859999955      0.962398112    
  0.870000005      0.962398112    
  0.879999995      0.945017874    
  0.889999986      0.945017874    
  0.899999976      0.921059668    
  0.909999967      0.921059668    
  0.919999957      0.889521718    
  0.930000007      0.889521718    
  0.939999998      0.849603534    
  0.949999988      0.849603534    
  0.959999979      0.800903678    
  0.969999969      0.800903678    
  0.979999959      0.743591189    
  0.989999950      0.743591189    
   1.00000000      0.678518951    
