   9.99999978E-03   1.90569777E-02
   1.99999996E-02  -4.74110991E-03
   2.99999993E-02   2.93599796E-02
   3.99999991E-02  -7.60013685E-02
   4.99999970E-02  0.178562015    
   5.99999987E-02 -0.353435397    
   7.00000003E-02  0.563671827    
   7.99999982E-02 -0.640737534    
   8.99999961E-02  0.270684272    
   9.99999940E-02  0.779351830    
  0.109999999      -2.11927485    
  0.119999997       2.34955025    
  0.129999995       7.18711615E-02
  0.140000001      -4.32965088    
  0.149999991       5.73448181    
  0.159999996      0.203323841    
  0.170000002      -9.29773045    
  0.179999992       8.50006104    
  0.189999998       6.54498100    
  0.199999988      -16.5433369    
  0.209999993       1.08253527    
  0.219999999       20.8535538    
  0.229999989      -9.47629738    
  0.239999995      -22.1362419    
  0.250000000       15.2978287    
  0.259999990       22.7737560    
  0.269999981      -16.7985153    
  0.280000001      -24.2744389    
  0.289999992       13.1596317    
  0.299999982       25.8195724    
  0.310000002      -4.51027870    
  0.319999993      -24.2812920    
  0.329999983      -6.65542316    
  0.340000004       16.4328899    
  0.349999994       14.4778118    
  0.359999985      -3.31997967    
  0.370000005      -12.8210344    
  0.379999995      -7.28987551    
  0.389999986       2.77425814    
  0.399999976       7.17578030    
  0.409999996       4.89809990    
  0.419999987      0.429274201    
  0.429999977      -2.46935272    
  0.439999998      -2.97801924    
  0.449999988      -2.06659555    
  0.459999979     -0.862186849    
  0.469999999       5.49198389E-02
  0.479999989      0.586916387    
  0.489999980      0.841481030    
  0.500000000      0.946841955    
  0.509999990      0.980942786    
  0.519999981       1.00474119    
  0.529999971      0.970639825    
  0.539999962       1.07600105    
  0.550000012      0.821438432    
  0.560000002       1.35343504    
  0.569999993      0.436328053    
  0.579999983       1.64073777    
  0.589999974      0.729315996    
  0.599999964      0.220647931    
  0.610000014       3.11927319    
  0.620000005      -1.34954953    
  0.629999995      0.928131342    
  0.639999986       5.32964706    
  0.649999976      -4.73448372    
  0.659999967      0.796681404    
  0.669999957       10.2977285    
  0.680000007      -7.50006485    
  0.689999998      -5.54497814    
  0.699999988       17.5433369    
  0.709999979      -8.25333595E-02
  0.719999969      -19.8535519    
  0.729999959       10.4762955    
  0.740000010       23.1362419    
  0.750000000      -14.2978325    
  0.759999990      -21.7737579    
  0.769999981       17.7985172    
  0.779999971       25.2744408    
  0.789999962      -12.1596355    
  0.799999952      -24.8195724    
  0.810000002       5.51027870    
  0.819999993       25.2812901    
  0.829999983       7.65542173    
  0.839999974      -15.4328899    
  0.849999964      -13.4778109    
  0.859999955       4.31997824    
  0.870000005       13.8210306    
  0.879999995       8.28987503    
  0.889999986      -1.77425623    
  0.899999976      -6.17577839    
  0.909999967      -3.89810038    
  0.919999957      0.570724487    
  0.930000007       3.46935105    
  0.939999998       3.97801852    
  0.949999988       3.06659675    
  0.959999979       1.86218739    
  0.969999969      0.945080161    
  0.979999959      0.413082778    
  0.989999950      0.158519417    
   1.00000000       5.31580672E-02
