   9.99999978E-03  0.396098942    
   1.99999996E-02  0.396098942    
   2.99999993E-02  0.314697534    
   3.99999991E-02  0.314697534    
   4.99999970E-02  0.241115078    
   5.99999987E-02  0.241115078    
   7.00000003E-02  0.177754492    
   7.99999982E-02  0.177754492    
   8.99999961E-02  0.125824794    
   9.99999940E-02  0.125824794    
  0.109999999       8.53547305E-02
  0.119999997       8.53547305E-02
  0.129999995       5.54066449E-02
  0.140000001       5.54066449E-02
  0.149999991       3.44156846E-02
  0.159999996       3.44156846E-02
  0.170000002       2.05631144E-02
  0.179999992       2.05631144E-02
  0.189999998       1.21065322E-02
  0.199999988       1.21065322E-02
  0.209999993       7.62213999E-03
  0.219999999       7.62213999E-03
  0.229999989       6.15017116E-03
  0.239999995       6.15017116E-03
  0.250000000       7.26013631E-03
  0.259999990       7.26013631E-03
  0.269999981       1.10618435E-02
  0.280000001       1.10618435E-02
  0.289999992       1.81816760E-02
  0.299999982       1.81816760E-02
  0.310000002       2.97081284E-02
  0.319999993       2.97081284E-02
  0.329999983       4.70951051E-02
  0.340000004       4.70951051E-02
  0.349999994       7.20040575E-02
  0.359999985       7.20040575E-02
  0.370000005      0.106072351    
  0.379999995      0.106072351    
  0.389999986      0.150615066    
  0.399999976      0.150615066    
  0.409999996      0.206296310    
  0.419999987      0.206296310    
  0.429999977      0.272834450    
  0.439999998      0.272834450    
  0.449999988      0.348819673    
  0.459999979      0.348819673    
  0.469999999      0.431712657    
  0.479999989      0.431712657    
  0.489999980      0.518059433    
  0.500000000      0.518059433    
  0.509999990      0.603901207    
  0.519999981      0.603901207    
  0.529999971      0.685302615    
  0.539999962      0.685302615    
  0.550000012      0.758885086    
  0.560000002      0.758885086    
  0.569999993      0.822245657    
  0.579999983      0.822245657    
  0.589999974      0.874175251    
  0.599999964      0.874175251    
  0.610000014      0.914645314    
  0.620000005      0.914645314    
  0.629999995      0.944593370    
  0.639999986      0.944593370    
  0.649999976      0.965584338    
  0.659999967      0.965584338    
  0.669999957      0.979436874    
  0.680000007      0.979436874    
  0.689999998      0.987893403    
  0.699999988      0.987893403    
  0.709999979      0.992377877    
  0.719999969      0.992377877    
  0.729999959      0.993849754    
  0.740000010      0.993849754    
  0.750000000      0.992739797    
  0.759999990      0.992739797    
  0.769999981      0.988938153    
  0.779999971      0.988938153    
  0.789999962      0.981818378    
  0.799999952      0.981818378    
  0.810000002      0.970291853    
  0.819999993      0.970291853    
  0.829999983      0.952904880    
  0.839999974      0.952904880    
  0.849999964      0.927995920    
  0.859999955      0.927995920    
  0.870000005      0.893927634    
  0.879999995      0.893927634    
  0.889999986      0.849384904    
  0.899999976      0.849384904    
  0.909999967      0.793703675    
  0.919999957      0.793703675    
  0.930000007      0.727165461    
  0.939999998      0.727165461    
  0.949999988      0.651180446    
  0.959999979      0.651180446    
  0.969999969      0.568287611    
  0.979999959      0.568287611    
  0.989999950      0.481940746    
   1.00000000      0.481940746    
