   9.99999978E-03  0.927693307    
   1.99999996E-02  0.927693307    
   2.99999993E-02  0.910143256    
   3.99999991E-02  0.910143256    
   4.99999970E-02  0.886571527    
   5.99999987E-02  0.886571527    
   7.00000003E-02  0.856871128    
   7.99999982E-02  0.856871128    
   8.99999961E-02  0.821034372    
   9.99999940E-02  0.821034372    
  0.109999999      0.779219508    
  0.119999997      0.779219508    
  0.129999995      0.731805027    
  0.140000001      0.731805027    
  0.149999991      0.679425180    
  0.159999996      0.679425180    
  0.170000002      0.622976363    
  0.179999992      0.622976363    
  0.189999998      0.563595414    
  0.199999988      0.563595414    
  0.209999993      0.502606988    
  0.219999999      0.502606988    
  0.229999989      0.441448182    
  0.239999995      0.441448182    
  0.250000000      0.381578326    
  0.259999990      0.381578326    
  0.269999981      0.324384272    
  0.280000001      0.324384272    
  0.289999992      0.271095663    
  0.299999982      0.271095663    
  0.310000002      0.222718388    
  0.319999993      0.222718388    
  0.329999983      0.179995999    
  0.340000004      0.179995999    
  0.349999994      0.143401727    
  0.359999985      0.143401727    
  0.370000005      0.113160722    
  0.379999995      0.113160722    
  0.389999986       8.92972350E-02
  0.399999976       8.92972350E-02
  0.409999996       7.16985464E-02
  0.419999987       7.16985464E-02
  0.429999977       6.01850748E-02
  0.439999998       6.01850748E-02
  0.449999988       5.45764007E-02
  0.459999979       5.45764007E-02
  0.469999999       5.47433570E-02
  0.479999989       5.47433570E-02
  0.489999980       6.06393665E-02
  0.500000000       6.06393665E-02
  0.509999990       7.23066255E-02
  0.519999981       7.23066255E-02
  0.529999971       8.98567289E-02
  0.539999962       8.98567289E-02
  0.550000012      0.113428488    
  0.560000002      0.113428488    
  0.569999993      0.143128932    
  0.579999983      0.143128932    
  0.589999974      0.178965703    
  0.599999964      0.178965703    
  0.610000014      0.220780671    
  0.620000005      0.220780671    
  0.629999995      0.268195093    
  0.639999986      0.268195093    
  0.649999976      0.320574999    
  0.659999967      0.320574999    
  0.669999957      0.377023786    
  0.680000007      0.377023786    
  0.689999998      0.436404794    
  0.699999988      0.436404794    
  0.709999979      0.497393221    
  0.719999969      0.497393221    
  0.729999959      0.558551967    
  0.740000010      0.558551967    
  0.750000000      0.618421853    
  0.759999990      0.618421853    
  0.769999981      0.675615907    
  0.779999971      0.675615907    
  0.789999962      0.728904545    
  0.799999952      0.728904545    
  0.810000002      0.777281761    
  0.819999993      0.777281761    
  0.829999983      0.820004165    
  0.839999974      0.820004165    
  0.849999964      0.856598496    
  0.859999955      0.856598496    
  0.870000005      0.886839390    
  0.879999995      0.886839390    
  0.889999986      0.910702825    
  0.899999976      0.910702825    
  0.909999967      0.928301454    
  0.919999957      0.928301454    
  0.930000007      0.939814925    
  0.939999998      0.939814925    
  0.949999988      0.945423543    
  0.959999979      0.945423543    
  0.969999969      0.945256591    
  0.979999959      0.945256591    
  0.989999950      0.939360499    
   1.00000000      0.939360499    
