   9.99999978E-03   1.51742948E-04
   1.99999996E-02  -6.88733635E-05
   2.99999993E-02   4.47309634E-04
   3.99999991E-02  -1.87730091E-03
   4.99999970E-02   7.03004748E-03
   5.99999987E-02  -2.31130924E-02
   7.00000003E-02   6.60649538E-02
   7.99999982E-02 -0.161553755    
   8.99999961E-02  0.328862190    
   9.99999940E-02 -0.528146088    
  0.109999999      0.581531048    
  0.119999997     -0.176092952    
  0.129999995     -0.851230025    
  0.140000001       1.94160616    
  0.149999991      -1.63905394    
  0.159999996      -1.04983783    
  0.170000002       4.18235350    
  0.179999992      -3.10601330    
  0.189999998      -3.39109421    
  0.199999988       7.48974419    
  0.209999993     -0.577184916    
  0.219999999      -9.75434113    
  0.229999989       5.26554394    
  0.239999995       10.1631899    
  0.250000000      -8.57896996    
  0.259999990      -10.2974272    
  0.269999981       9.50088024    
  0.280000001       11.2193356    
  0.289999992      -7.52282619    
  0.299999982      -12.4204683    
  0.310000002       2.59941530    
  0.319999993       11.7765694    
  0.329999983       3.70964241    
  0.340000004      -7.17119360    
  0.349999994      -7.45627546    
  0.359999985     -0.167908430    
  0.370000005       5.06428432    
  0.379999995       4.47506809    
  0.389999986      0.894407153    
  0.399999976      -1.89842916    
  0.409999996      -2.57356548    
  0.419999987      -1.81594086    
  0.429999977     -0.706263423    
  0.439999998      0.150744647    
  0.449999988      0.641159832    
  0.459999979      0.868778706    
  0.469999999      0.957957029    
  0.479999989      0.988100171    
  0.489999980      0.997007489    
  0.500000000      0.999331713    
  0.509999990      0.999848664    
  0.519999981       1.00006866    
  0.529999971      0.999552786    
  0.539999962       1.00187743    
  0.550000012      0.992969811    
  0.560000002       1.02311301    
  0.569999993      0.933935165    
  0.579999983       1.16155338    
  0.589999974      0.671137691    
  0.599999964       1.52814615    
  0.610000014      0.418469340    
  0.620000005       1.17609274    
  0.629999995       1.85122883    
  0.639999986     -0.941605091    
  0.649999976       2.63905478    
  0.659999967       2.04983521    
  0.669999957      -3.18235302    
  0.680000007       4.10601616    
  0.689999998       4.39109278    
  0.699999988      -6.48974371    
  0.709999979       1.57718539    
  0.719999969       10.7543392    
  0.729999959      -4.26554394    
  0.740000010      -9.16318893    
  0.750000000       9.57897091    
  0.759999990       11.2974272    
  0.769999981      -8.50088024    
  0.779999971      -10.2193356    
  0.789999962       8.52282619    
  0.799999952       13.4204693    
  0.810000002      -1.59941673    
  0.819999993      -10.7765694    
  0.829999983      -2.70964265    
  0.839999974       8.17119312    
  0.849999964       8.45627403    
  0.859999955       1.16790879    
  0.870000005      -4.06428289    
  0.879999995      -3.47506762    
  0.889999986      0.105592012    
  0.899999976       2.89842796    
  0.909999967       3.57356501    
  0.919999957       2.81594110    
  0.930000007       1.70626378    
  0.939999998      0.849255681    
  0.949999988      0.358839750    
  0.959999979      0.131221056    
  0.969999969       4.20430191E-02
  0.979999959       1.18998829E-02
  0.989999950       2.99253641E-03
   1.00000000       6.67925924E-04
