   9.99999978E-03  0.787947237    
   1.99999996E-02  0.787947237    
   2.99999993E-02  0.733734250    
   3.99999991E-02  0.733734250    
   4.99999970E-02  0.673100591    
   5.99999987E-02  0.673100591    
   7.00000003E-02  0.607340097    
   7.99999982E-02  0.607340097    
   8.99999961E-02  0.538182437    
   9.99999940E-02  0.538182437    
  0.109999999      0.467669219    
  0.119999997      0.467669219    
  0.129999995      0.397980899    
  0.140000001      0.397980899    
  0.149999991      0.331241548    
  0.159999996      0.331241548    
  0.170000002      0.269329309    
  0.179999992      0.269329309    
  0.189999998      0.213723689    
  0.199999988      0.213723689    
  0.209999993      0.165411070    
  0.219999999      0.165411070    
  0.229999989      0.124860801    
  0.239999995      0.124860801    
  0.250000000       9.20701772E-02
  0.259999990       9.20701772E-02
  0.269999981       6.66664094E-02
  0.280000001       6.66664094E-02
  0.289999992       4.80446704E-02
  0.299999982       4.80446704E-02
  0.310000002       3.55190597E-02
  0.319999993       3.55190597E-02
  0.329999983       2.84642093E-02
  0.340000004       2.84642093E-02
  0.349999994       2.64293086E-02
  0.359999985       2.64293086E-02
  0.370000005       2.92127468E-02
  0.379999995       2.92127468E-02
  0.389999986       3.68908644E-02
  0.399999976       3.68908644E-02
  0.409999996       4.97995839E-02
  0.419999987       4.97995839E-02
  0.429999977       6.84717074E-02
  0.439999998       6.84717074E-02
  0.449999988       9.35363024E-02
  0.459999979       9.35363024E-02
  0.469999999      0.125590533    
  0.479999989      0.125590533    
  0.489999980      0.165058166    
  0.500000000      0.165058166    
  0.509999990      0.212052718    
  0.519999981      0.212052718    
  0.529999971      0.266265720    
  0.539999962      0.266265720    
  0.550000012      0.326899499    
  0.560000002      0.326899499    
  0.569999993      0.392660022    
  0.579999983      0.392660022    
  0.589999974      0.461817652    
  0.599999964      0.461817652    
  0.610000014      0.532330930    
  0.620000005      0.532330930    
  0.629999995      0.602019250    
  0.639999986      0.602019250    
  0.649999976      0.668758690    
  0.659999967      0.668758690    
  0.669999957      0.730670989    
  0.680000007      0.730670989    
  0.689999998      0.786276579    
  0.699999988      0.786276579    
  0.709999979      0.834589124    
  0.719999969      0.834589124    
  0.729999959      0.875139415    
  0.740000010      0.875139415    
  0.750000000      0.907930017    
  0.759999990      0.907930017    
  0.769999981      0.933333576    
  0.779999971      0.933333576    
  0.789999962      0.951955318    
  0.799999952      0.951955318    
  0.810000002      0.964480877    
  0.819999993      0.964480877    
  0.829999983      0.971535683    
  0.839999974      0.971535683    
  0.849999964      0.973570585    
  0.859999955      0.973570585    
  0.870000005      0.970787168    
  0.879999995      0.970787168    
  0.889999986      0.963109136    
  0.899999976      0.963109136    
  0.909999967      0.950200438    
  0.919999957      0.950200438    
  0.930000007      0.931528270    
  0.939999998      0.931528270    
  0.949999988      0.906463683    
  0.959999979      0.906463683    
  0.969999969      0.874409437    
  0.979999959      0.874409437    
  0.989999950      0.834941804    
   1.00000000      0.834941804    
