   9.99999978E-03  0.351410091    
   1.99999996E-02  0.351410091    
   2.99999993E-02  0.272161901    
   3.99999991E-02  0.272161901    
   4.99999970E-02  0.202646732    
   5.99999987E-02  0.202646732    
   7.00000003E-02  0.144719630    
   7.99999982E-02  0.144719630    
   8.99999961E-02   9.89073515E-02
   9.99999940E-02   9.89073515E-02
  0.109999999       6.45624027E-02
  0.119999997       6.45624027E-02
  0.129999995       4.01981212E-02
  0.140000001       4.01981212E-02
  0.149999991       2.39005946E-02
  0.159999996       2.39005946E-02
  0.170000002       1.37176747E-02
  0.179999992       1.37176747E-02
  0.189999998       7.95806106E-03
  0.199999988       7.95806106E-03
  0.209999993       5.37765771E-03
  0.219999999       5.37765771E-03
  0.229999989       5.26733510E-03
  0.239999995       5.26733510E-03
  0.250000000       7.47465529E-03
  0.259999990       7.47465529E-03
  0.269999981       1.23902578E-02
  0.280000001       1.23902578E-02
  0.289999992       2.09130440E-02
  0.299999982       2.09130440E-02
  0.310000002       3.43870707E-02
  0.319999993       3.43870707E-02
  0.329999983       5.44872954E-02
  0.340000004       5.44872954E-02
  0.349999994       8.30288753E-02
  0.359999985       8.30288753E-02
  0.370000005      0.121689200    
  0.379999995      0.121689200    
  0.389999986      0.171661496    
  0.399999976      0.171661496    
  0.409999996      0.233294904    
  0.419999987      0.233294904    
  0.429999977      0.305805057    
  0.439999998      0.305805057    
  0.449999988      0.387146562    
  0.459999979      0.387146562    
  0.469999999      0.474115461    
  0.479999989      0.474115461    
  0.489999980      0.562694907    
  0.500000000      0.562694907    
  0.509999990      0.648590028    
  0.519999981      0.648590028    
  0.529999971      0.727838278    
  0.539999962      0.727838278    
  0.550000012      0.797353387    
  0.560000002      0.797353387    
  0.569999993      0.855280459    
  0.579999983      0.855280459    
  0.589999974      0.901092649    
  0.599999964      0.901092649    
  0.610000014      0.935437620    
  0.620000005      0.935437620    
  0.629999995      0.959801912    
  0.639999986      0.959801912    
  0.649999976      0.976099432    
  0.659999967      0.976099432    
  0.669999957      0.986282349    
  0.680000007      0.986282349    
  0.689999998      0.992041945    
  0.699999988      0.992041945    
  0.709999979      0.994622290    
  0.719999969      0.994622290    
  0.729999959      0.994732559    
  0.740000010      0.994732559    
  0.750000000      0.992525280    
  0.759999990      0.992525280    
  0.769999981      0.987609744    
  0.779999971      0.987609744    
  0.789999962      0.979086936    
  0.799999952      0.979086936    
  0.810000002      0.965612948    
  0.819999993      0.965612948    
  0.829999983      0.945512772    
  0.839999974      0.945512772    
  0.849999964      0.916971147    
  0.859999955      0.916971147    
  0.870000005      0.878310740    
  0.879999995      0.878310740    
  0.889999986      0.828338444    
  0.899999976      0.828338444    
  0.909999967      0.766705036    
  0.919999957      0.766705036    
  0.930000007      0.694195032    
  0.939999998      0.694195032    
  0.949999988      0.612853587    
  0.959999979      0.612853587    
  0.969999969      0.525884688    
  0.979999959      0.525884688    
  0.989999950      0.437305242    
   1.00000000      0.437305242    
