   9.99999978E-03  0.934827685    
   1.99999996E-02  0.934827685    
   2.99999993E-02  0.927415252    
   3.99999991E-02  0.927415252    
   4.99999970E-02  0.914136887    
   5.99999987E-02  0.914136887    
   7.00000003E-02  0.894941449    
   7.99999982E-02  0.894941449    
   8.99999961E-02  0.869785130    
   9.99999940E-02  0.869785130    
  0.109999999      0.838680387    
  0.119999997      0.838680387    
  0.129999995      0.801748812    
  0.140000001      0.801748812    
  0.149999991      0.759270728    
  0.159999996      0.759270728    
  0.170000002      0.711723566    
  0.179999992      0.711723566    
  0.189999998      0.659801960    
  0.199999988      0.659801960    
  0.209999993      0.604415536    
  0.219999999      0.604415536    
  0.229999989      0.546661854    
  0.239999995      0.546661854    
  0.250000000      0.487778544    
  0.259999990      0.487778544    
  0.269999981      0.429077268    
  0.280000001      0.429077268    
  0.289999992      0.371868968    
  0.299999982      0.371868968    
  0.310000002      0.317387819    
  0.319999993      0.317387819    
  0.329999983      0.266724914    
  0.340000004      0.266724914    
  0.349999994      0.220777944    
  0.359999985      0.220777944    
  0.370000005      0.180223599    
  0.379999995      0.180223599    
  0.389999986      0.145514160    
  0.399999976      0.145514160    
  0.409999996      0.116897494    
  0.419999987      0.116897494    
  0.429999977       9.44558457E-02
  0.439999998       9.44558457E-02
  0.449999988       7.81566799E-02
  0.459999979       7.81566799E-02
  0.469999999       6.79071546E-02
  0.479999989       6.79071546E-02
  0.489999980       6.36041611E-02
  0.500000000       6.36041611E-02
  0.509999990       6.51723146E-02
  0.519999981       6.51723146E-02
  0.529999971       7.25846291E-02
  0.539999962       7.25846291E-02
  0.550000012       8.58629793E-02
  0.560000002       8.58629793E-02
  0.569999993      0.105058506    
  0.579999983      0.105058506    
  0.589999974      0.130214855    
  0.599999964      0.130214855    
  0.610000014      0.161319658    
  0.620000005      0.161319658    
  0.629999995      0.198251292    
  0.639999986      0.198251292    
  0.649999976      0.240729436    
  0.659999967      0.240729436    
  0.669999957      0.288276613    
  0.680000007      0.288276613    
  0.689999998      0.340198189    
  0.699999988      0.340198189    
  0.709999979      0.395584702    
  0.719999969      0.395584702    
  0.729999959      0.453338414    
  0.740000010      0.453338414    
  0.750000000      0.512221754    
  0.759999990      0.512221754    
  0.769999981      0.570922971    
  0.779999971      0.570922971    
  0.789999962      0.628131330    
  0.799999952      0.628131330    
  0.810000002      0.682612419    
  0.819999993      0.682612419    
  0.829999983      0.733275294    
  0.839999974      0.733275294    
  0.849999964      0.779222250    
  0.859999955      0.779222250    
  0.870000005      0.819776714    
  0.879999995      0.819776714    
  0.889999986      0.854486108    
  0.899999976      0.854486108    
  0.909999967      0.883102655    
  0.919999957      0.883102655    
  0.930000007      0.905544281    
  0.939999998      0.905544281    
  0.949999988      0.921843410    
  0.959999979      0.921843410    
  0.969999969      0.932092845    
  0.979999959      0.932092845    
  0.989999950      0.936395824    
   1.00000000      0.936395824    
