   9.99999978E-03   8.63970490E-04
   1.99999996E-02   8.63970490E-04
   2.99999993E-02   1.74030312E-04
   3.99999991E-02   1.74030312E-04
   4.99999970E-02   2.57483189E-05
   5.99999987E-02   2.57483189E-05
   7.00000003E-02   3.19650712E-06
   7.99999982E-02   3.19650712E-06
   8.99999961E-02   4.41001748E-06
   9.99999940E-02   4.41001748E-06
  0.109999999       2.14134088E-05
  0.119999997       2.14134088E-05
  0.129999995       9.27391811E-05
  0.140000001       9.27391811E-05
  0.149999991       3.52105650E-04
  0.159999996       3.52105650E-04
  0.170000002       1.18063740E-03
  0.179999992       1.18063740E-03
  0.189999998       3.51752155E-03
  0.199999988       3.51752155E-03
  0.209999993       9.35973227E-03
  0.219999999       9.35973227E-03
  0.229999989       2.23424211E-02
  0.239999995       2.23424211E-02
  0.250000000       4.80373278E-02
  0.259999990       4.80373278E-02
  0.269999981       9.33812782E-02
  0.280000001       9.33812782E-02
  0.289999992      0.164756030    
  0.299999982      0.164756030    
  0.310000002      0.264931113    
  0.319999993      0.264931113    
  0.329999983      0.390149981    
  0.340000004      0.390149981    
  0.349999994      0.529282093    
  0.359999985      0.529282093    
  0.370000005      0.666306078    
  0.379999995      0.666306078    
  0.389999986      0.785457432    
  0.399999976      0.785457432    
  0.409999996      0.876475751    
  0.419999987      0.876475751    
  0.429999977      0.937154651    
  0.439999998      0.937154651    
  0.449999988      0.972161770    
  0.459999979      0.972161770    
  0.469999999      0.989449203    
  0.479999989      0.989449203    
  0.489999980      0.996652365    
  0.500000000      0.996652365    
  0.509999990      0.999136090    
  0.519999981      0.999136090    
  0.529999971      0.999826014    
  0.539999962      0.999826014    
  0.550000012      0.999974191    
  0.560000002      0.999974191    
  0.569999993      0.999996722    
  0.579999983      0.999996722    
  0.589999974      0.999995530    
  0.599999964      0.999995530    
  0.610000014      0.999978542    
  0.620000005      0.999978542    
  0.629999995      0.999907255    
  0.639999986      0.999907255    
  0.649999976      0.999647856    
  0.659999967      0.999647856    
  0.669999957      0.998819351    
  0.680000007      0.998819351    
  0.689999998      0.996482551    
  0.699999988      0.996482551    
  0.709999979      0.990640342    
  0.719999969      0.990640342    
  0.729999959      0.977657616    
  0.740000010      0.977657616    
  0.750000000      0.951962709    
  0.759999990      0.951962709    
  0.769999981      0.906618655    
  0.779999971      0.906618655    
  0.789999962      0.835243940    
  0.799999952      0.835243940    
  0.810000002      0.735068917    
  0.819999993      0.735068917    
  0.829999983      0.609850049    
  0.839999974      0.609850049    
  0.849999964      0.470717967    
  0.859999955      0.470717967    
  0.870000005      0.333693981    
  0.879999995      0.333693981    
  0.889999986      0.214542687    
  0.899999976      0.214542687    
  0.909999967      0.123524301    
  0.919999957      0.123524301    
  0.930000007       6.28454015E-02
  0.939999998       6.28454015E-02
  0.949999988       2.78383363E-02
  0.959999979       2.78383363E-02
  0.969999969       1.05508966E-02
  0.979999959       1.05508966E-02
  0.989999950       3.34779662E-03
   1.00000000       3.34779662E-03
