   9.99999978E-03  0.492980629    
   1.99999996E-02  0.409114599    
   2.99999993E-02  0.409114599    
   3.99999991E-02  0.328915268    
   4.99999970E-02  0.328915268    
   5.99999987E-02  0.255615920    
   7.00000003E-02  0.255615920    
   7.99999982E-02  0.191627368    
   8.99999961E-02  0.191627368    
   9.99999940E-02  0.138310775    
  0.109999999      0.138310775    
  0.119999997       9.59477127E-02
  0.129999995       9.59477127E-02
  0.140000001       6.38920814E-02
  0.149999991       6.38920814E-02
  0.159999996       4.08482701E-02
  0.170000002       4.08482701E-02
  0.179999992       2.52006948E-02
  0.189999998       2.52006948E-02
  0.199999988       1.53257605E-02
  0.209999993       1.53257605E-02
  0.219999999       9.83920321E-03
  0.229999989       9.83920321E-03
  0.239999995       7.76074780E-03
  0.250000000       7.76074780E-03
  0.259999990       8.60162266E-03
  0.269999981       8.60162266E-03
  0.280000001       1.23919128E-02
  0.289999992       1.23919128E-02
  0.299999982       1.96634214E-02
  0.310000002       1.96634214E-02
  0.319999993       3.13938521E-02
  0.329999983       3.13938521E-02
  0.340000004       4.89067025E-02
  0.349999994       4.89067025E-02
  0.359999985       7.37156421E-02
  0.370000005       7.37156421E-02
  0.379999995      0.107306659    
  0.389999986      0.107306659    
  0.399999976      0.150867119    
  0.409999996      0.150867119    
  0.419999987      0.204993412    
  0.429999977      0.204993412    
  0.439999998      0.269431382    
  0.449999988      0.269431382    
  0.459999979      0.342913806    
  0.469999999      0.342913806    
  0.479999989      0.423153371    
  0.489999980      0.423153371    
  0.500000000      0.507019579    
  0.509999990      0.507019579    
  0.519999981      0.590885520    
  0.529999971      0.590885520    
  0.539999962      0.671084881    
  0.550000012      0.671084881    
  0.560000002      0.744384289    
  0.569999993      0.744384289    
  0.579999983      0.808372736    
  0.589999974      0.808372736    
  0.599999964      0.861689270    
  0.610000014      0.861689270    
  0.620000005      0.904052377    
  0.629999995      0.904052377    
  0.639999986      0.936107934    
  0.649999976      0.936107934    
  0.659999967      0.959151745    
  0.669999957      0.959151745    
  0.680000007      0.974799275    
  0.689999998      0.974799275    
  0.699999988      0.984674215    
  0.709999979      0.984674215    
  0.719999969      0.990160763    
  0.729999959      0.990160763    
  0.740000010      0.992239237    
  0.750000000      0.992239237    
  0.759999990      0.991398335    
  0.769999981      0.991398335    
  0.779999971      0.987608075    
  0.789999962      0.987608075    
  0.799999952      0.980336666    
  0.810000002      0.980336666    
  0.819999993      0.968606174    
  0.829999983      0.968606174    
  0.839999974      0.951093256    
  0.849999964      0.951093256    
  0.859999955      0.926284313    
  0.870000005      0.926284313    
  0.879999995      0.892693341    
  0.889999986      0.892693341    
  0.899999976      0.849132836    
  0.909999967      0.849132836    
  0.919999957      0.795006514    
  0.930000007      0.795006514    
  0.939999998      0.730568588    
  0.949999988      0.730568588    
  0.959999979      0.657086313    
  0.969999969      0.657086313    
  0.979999959      0.576846778    
  0.989999950      0.576846778    
   1.00000000      0.492980629    
