   9.99999978E-03   5.63842105E-03
   1.99999996E-02  -1.73964119E-03
   2.99999993E-02   1.04164612E-02
   3.99999991E-02  -3.10729854E-02
   4.99999970E-02   8.36240426E-02
   5.99999987E-02 -0.193599880    
   7.00000003E-02  0.375624031    
   7.99999982E-02 -0.577495098    
   8.99999961E-02  0.605227172    
   9.99999940E-02 -0.136444718    
  0.109999999     -0.989453197    
  0.119999997       2.19990778    
  0.129999995      -1.97045982    
  0.140000001     -0.917512774    
  0.149999991       4.78646374    
  0.159999996      -4.57374954    
  0.170000002      -2.53821516    
  0.179999992       9.60575867    
  0.189999998      -4.57907534    
  0.199999988      -10.2327709    
  0.209999993       12.6567259    
  0.219999999       6.84605074    
  0.229999989      -18.6639442    
  0.239999995      -2.52042389    
  0.250000000       22.0859623    
  0.259999990      0.259286880    
  0.269999981      -23.5365906    
  0.280000001      -1.70991039    
  0.289999992       22.8964729    
  0.299999982       6.75295115    
  0.310000002      -18.7570419    
  0.319999993      -12.9463654    
  0.329999983       9.94312668    
  0.340000004       15.5968208    
  0.349999994       1.41199064    
  0.359999985      -10.7319841    
  0.370000005      -8.69644928    
  0.379999995      0.663764954    
  0.389999986       6.36774206    
  0.399999976       5.31479454    
  0.409999996       1.14442611    
  0.419999987      -2.04493499    
  0.429999977      -2.89794302    
  0.439999998      -2.15626955    
  0.449999988     -0.973546982    
  0.459999979      -2.04288960E-02
  0.469999999      0.548794806    
  0.479999989      0.826018572    
  0.489999980      0.940716624    
  0.500000000      0.982205153    
  0.509999990      0.994361520    
  0.519999981       1.00173962    
  0.529999971      0.989583313    
  0.539999962       1.03107297    
  0.550000012      0.916376233    
  0.560000002       1.19359946    
  0.569999993      0.624376178    
  0.579999983       1.57749522    
  0.589999974      0.394772708    
  0.599999964       1.13644409    
  0.610000014       1.98945248    
  0.620000005      -1.19990623    
  0.629999995       2.97045994    
  0.639999986       1.91750956    
  0.649999976      -3.78646183    
  0.659999967       5.57375240    
  0.669999957       3.53821063    
  0.680000007      -8.60575867    
  0.689999998       5.57907820    
  0.699999988       11.2327709    
  0.709999979      -11.6567230    
  0.719999969      -5.84604979    
  0.729999959       19.6639423    
  0.740000010       3.52042341    
  0.750000000      -21.0859661    
  0.759999990      0.740715027    
  0.769999981       24.5365906    
  0.779999971       2.70991039    
  0.789999962      -21.8964767    
  0.799999952      -5.75294876    
  0.810000002       19.7570400    
  0.819999993       13.9463634    
  0.829999983      -8.94312668    
  0.839999974      -14.5968208    
  0.849999964     -0.411991119    
  0.859999955       11.7319813    
  0.870000005       9.69644737    
  0.879999995      0.336236477    
  0.889999986      -5.36774063    
  0.899999976      -4.31479454    
  0.909999967     -0.144427180    
  0.919999957       3.04493380    
  0.930000007       3.89794207    
  0.939999998       3.15627027    
  0.949999988       1.97354794    
  0.959999979       1.02042878    
  0.969999969      0.451204896    
  0.979999959      0.173980996    
  0.989999950       5.92839718E-02
   1.00000000       1.77945234E-02
