   9.99999978E-03  -245.248367    
   1.99999996E-02  -50.0925865    
   2.99999993E-02   119.342575    
   3.99999991E-02  -77.4651794    
   4.99999970E-02   118.551430    
   5.99999987E-02   190.744888    
   7.00000003E-02  -322.553497    
   7.99999982E-02   11.8328552    
   8.99999961E-02   404.276917    
   9.99999940E-02  -447.096619    
  0.109999999      -227.506134    
  0.119999997       820.806641    
  0.129999995      -264.807129    
  0.140000001      -918.212891    
  0.149999991       931.435425    
  0.159999996       688.227783    
  0.170000002      -1526.92249    
  0.179999992      -173.669250    
  0.189999998       1935.92920    
  0.199999988      -454.801392    
  0.209999993      -2134.77808    
  0.219999999       1039.99927    
  0.229999989       2195.25195    
  0.239999995      -1467.12476    
  0.250000000      -2215.60303    
  0.259999990       1671.09082    
  0.269999981       2268.49487    
  0.280000001      -1618.19897    
  0.289999992      -2366.67676    
  0.299999982       1295.70020    
  0.310000002       2450.95215    
  0.319999993      -723.825378    
  0.329999983      -2403.80176    
  0.340000004      -13.0710449    
  0.349999994       2096.52710    
  0.359999985       743.273926    
  0.370000005      -1471.87585    
  0.379999995      -1228.66833    
  0.389999986       620.979797    
  0.399999976       1274.38574    
  0.409999996       188.772003    
  0.419999987      -859.540894    
  0.429999977      -639.950500    
  0.439999998       211.423004    
  0.449999988       603.867249    
  0.459999979       269.480835    
  0.469999999      -243.817749    
  0.479999989      -316.011292    
  0.489999980      -119.994606    
  0.500000000       76.8133316    
  0.509999990       246.248413    
  0.519999981       51.0925369    
  0.529999971      -118.342575    
  0.539999962       78.4650879    
  0.550000012      -117.551483    
  0.560000002      -189.744629    
  0.569999993       323.553436    
  0.579999983      -10.8330688    
  0.589999974      -403.276733    
  0.599999964       448.096802    
  0.610000014       228.505905    
  0.620000005      -819.806763    
  0.629999995       265.807312    
  0.639999986       919.213013    
  0.649999976      -930.435669    
  0.659999967      -687.227905    
  0.669999957       1527.92285    
  0.680000007       174.669067    
  0.689999998      -1934.92969    
  0.699999988       455.801636    
  0.709999979       2135.77832    
  0.719999969      -1038.99976    
  0.729999959      -2194.25195    
  0.740000010       1468.12500    
  0.750000000       2216.60303    
  0.759999990      -1670.09082    
  0.769999981      -2267.49487    
  0.779999971       1619.19873    
  0.789999962       2367.67651    
  0.799999952      -1294.70007    
  0.810000002      -2449.95215    
  0.819999993       724.825439    
  0.829999983       2404.80176    
  0.839999974       14.0710449    
  0.849999964      -2095.52710    
  0.859999955      -742.273804    
  0.870000005       1472.87646    
  0.879999995       1229.66858    
  0.889999986      -619.980103    
  0.899999976      -1273.38599    
  0.909999967      -187.771973    
  0.919999957       860.541016    
  0.930000007       640.950562    
  0.939999998      -210.422943    
  0.949999988      -602.867065    
  0.959999979      -268.480774    
  0.969999969       244.817657    
  0.979999959       317.011200    
  0.989999950       120.994583    
   1.00000000      -75.8132095    
