   9.99999978E-03  0.554408610    
   1.99999996E-02  0.472713590    
   2.99999993E-02  0.472713590    
   3.99999991E-02  0.391869903    
   4.99999970E-02  0.391869903    
   5.99999987E-02  0.315173090    
   7.00000003E-02  0.315173090    
   7.99999982E-02  0.245451227    
   8.99999961E-02  0.245451227    
   9.99999940E-02  0.184754163    
  0.109999999      0.184754163    
  0.119999997      0.134187162    
  0.129999995      0.134187162    
  0.140000001       9.39106420E-02
  0.149999991       9.39106420E-02
  0.159999996       6.32884428E-02
  0.170000002       6.32884428E-02
  0.179999992       4.11363132E-02
  0.189999998       4.11363132E-02
  0.199999988       2.60106623E-02
  0.209999993       2.60106623E-02
  0.219999999       1.64814889E-02
  0.229999989       1.64814889E-02
  0.239999995       1.13518303E-02
  0.250000000       1.13518303E-02
  0.259999990       9.80750937E-03
  0.269999981       9.80750937E-03
  0.280000001       1.14985881E-02
  0.289999992       1.14985881E-02
  0.299999982       1.65626835E-02
  0.310000002       1.65626835E-02
  0.319999993       2.55996175E-02
  0.329999983       2.55996175E-02
  0.340000004       3.96007895E-02
  0.349999994       3.96007895E-02
  0.359999985       5.98303080E-02
  0.370000005       5.98303080E-02
  0.379999995       8.76537040E-02
  0.389999986       8.76537040E-02
  0.399999976      0.124317214    
  0.409999996      0.124317214    
  0.419999987      0.170694619    
  0.429999977      0.170694619    
  0.439999998      0.227036625    
  0.449999988      0.227036625    
  0.459999979      0.292771697    
  0.469999999      0.292771697    
  0.479999989      0.366410196    
  0.489999980      0.366410196    
  0.500000000      0.445591599    
  0.509999990      0.445591599    
  0.519999981      0.527286530    
  0.529999971      0.527286530    
  0.539999962      0.608130217    
  0.550000012      0.608130217    
  0.560000002      0.684827089    
  0.569999993      0.684827089    
  0.579999983      0.754548967    
  0.589999974      0.754548967    
  0.599999964      0.815245986    
  0.610000014      0.815245986    
  0.620000005      0.865812957    
  0.629999995      0.865812957    
  0.639999986      0.906089425    
  0.649999976      0.906089425    
  0.659999967      0.936711609    
  0.669999957      0.936711609    
  0.680000007      0.958863676    
  0.689999998      0.958863676    
  0.699999988      0.973989308    
  0.709999979      0.973989308    
  0.719999969      0.983518481    
  0.729999959      0.983518481    
  0.740000010      0.988648176    
  0.750000000      0.988648176    
  0.759999990      0.990192473    
  0.769999981      0.990192473    
  0.779999971      0.988501430    
  0.789999962      0.988501430    
  0.799999952      0.983437359    
  0.810000002      0.983437359    
  0.819999993      0.974400401    
  0.829999983      0.974400401    
  0.839999974      0.960399151    
  0.849999964      0.960399151    
  0.859999955      0.940169692    
  0.870000005      0.940169692    
  0.879999995      0.912346303    
  0.889999986      0.912346303    
  0.899999976      0.875682712    
  0.909999967      0.875682712    
  0.919999957      0.829305291    
  0.930000007      0.829305291    
  0.939999998      0.772963345    
  0.949999988      0.772963345    
  0.959999979      0.707228303    
  0.969999969      0.707228303    
  0.979999959      0.633589864    
  0.989999950      0.633589864    
   1.00000000      0.554408610    
