   9.99999978E-03  -2930589.25    
   1.99999996E-02  -683595.250    
   2.99999993E-02   2489008.50    
   3.99999991E-02   82320.1250    
   4.99999970E-02  -1491065.50    
   5.99999987E-02   1244955.38    
   7.00000003E-02   197390.312    
   7.99999982E-02  -2655851.25    
   8.99999961E-02   1181472.75    
   9.99999940E-02   3508906.25    
  0.109999999      -2562627.75    
  0.119999997      -3468757.00    
  0.129999995       3940533.50    
  0.140000001       2609518.00    
  0.149999991      -5271975.00    
  0.159999996      -1276262.25    
  0.170000002       6427114.00    
  0.179999992      -161157.750    
  0.189999998      -7265075.50    
  0.199999988       1469204.00    
  0.209999993       7750788.00    
  0.219999999      -2541896.00    
  0.229999989      -7983278.00    
  0.239999995       3303549.75    
  0.250000000       8111582.00    
  0.259999990      -3660375.50    
  0.269999981      -8232058.50    
  0.280000001       3539899.75    
  0.289999992       8347932.50    
  0.299999982      -2938894.75    
  0.310000002      -8380278.00    
  0.319999993       1912404.75    
  0.329999983       8193990.00    
  0.340000004      -540288.250    
  0.349999994      -7644205.00    
  0.359999985      -1055934.00    
  0.370000005       6647440.00    
  0.379999995       2651728.25    
  0.389999986      -5229764.50    
  0.399999976      -3898748.50    
  0.409999996       3510541.00    
  0.419999987       4416670.50    
  0.429999977      -1654862.88    
  0.439999998      -3982296.00    
  0.449999988      -144973.000    
  0.459999979       2708268.75    
  0.469999999       1660704.50    
  0.479999989      -1075317.00    
  0.489999980      -2648702.50    
  0.500000000      -242013.250    
  0.509999990       2930590.25    
  0.519999981       683595.812    
  0.529999971      -2489007.75    
  0.539999962      -82318.5625    
  0.550000012       1491066.50    
  0.560000002      -1244954.88    
  0.569999993      -197389.250    
  0.579999983       2655852.75    
  0.589999974      -1181471.75    
  0.599999964      -3508906.00    
  0.610000014       2562630.25    
  0.620000005       3468758.75    
  0.629999995      -3940534.25    
  0.639999986      -2609518.00    
  0.649999976       5271977.50    
  0.659999967       1276263.25    
  0.669999957      -6427114.00    
  0.680000007       161159.750    
  0.689999998       7265076.00    
  0.699999988      -1469205.25    
  0.709999979      -7750788.50    
  0.719999969       2541899.50    
  0.729999959       7983280.50    
  0.740000010      -3303551.25    
  0.750000000      -8111582.00    
  0.759999990       3660379.50    
  0.769999981       8232059.00    
  0.779999971      -3539902.00    
  0.789999962      -8347932.00    
  0.799999952       2938898.25    
  0.810000002       8380279.00    
  0.819999993      -1912404.25    
  0.829999983      -8193988.00    
  0.839999974       540289.000    
  0.849999964       7644205.00    
  0.859999955       1055935.75    
  0.870000005      -6647438.00    
  0.879999995      -2651726.75    
  0.889999986       5229764.00    
  0.899999976       3898749.00    
  0.909999967      -3510540.00    
  0.919999957      -4416669.50    
  0.930000007       1654863.75    
  0.939999998       3982297.50    
  0.949999988       144973.750    
  0.959999979      -2708268.25    
  0.969999969      -1660703.38    
  0.979999959       1075318.25    
  0.989999950       2648703.50    
   1.00000000       242014.375    
