   9.99999978E-03  0.427574217    
   1.99999996E-02  0.343640149    
   2.99999993E-02  0.343640149    
   3.99999991E-02  0.266459823    
   4.99999970E-02  0.266459823    
   5.99999987E-02  0.198873848    
   7.00000003E-02  0.198873848    
   7.99999982E-02  0.142555550    
   8.99999961E-02  0.142555550    
   9.99999940E-02   9.79402065E-02
  0.109999999       9.79402065E-02
  0.119999997       6.43789545E-02
  0.129999995       6.43789545E-02
  0.140000001       4.04528044E-02
  0.149999991       4.04528044E-02
  0.159999996       2.43538115E-02
  0.170000002       2.43538115E-02
  0.179999992       1.42452847E-02
  0.189999998       1.42452847E-02
  0.199999988       8.54194351E-03
  0.209999993       8.54194351E-03
  0.219999999       6.08913368E-03
  0.229999989       6.08913368E-03
  0.239999995       6.25189999E-03
  0.250000000       6.25189999E-03
  0.259999990       8.94053001E-03
  0.269999981       8.94053001E-03
  0.280000001       1.45973666E-02
  0.289999992       1.45973666E-02
  0.299999982       2.41555236E-02
  0.310000002       2.41555236E-02
  0.319999993       3.89624760E-02
  0.329999983       3.89624760E-02
  0.340000004       6.06494844E-02
  0.349999994       6.06494844E-02
  0.359999985       9.09283385E-02
  0.370000005       9.09283385E-02
  0.379999995      0.131312385    
  0.389999986      0.131312385    
  0.399999976      0.182786196    
  0.409999996      0.182786196    
  0.419999987      0.245479822    
  0.429999977      0.245479822    
  0.439999998      0.318425566    
  0.449999988      0.318425566    
  0.459999979      0.399476469    
  0.469999999      0.399476469    
  0.479999989      0.485439569    
  0.489999980      0.485439569    
  0.500000000      0.572425902    
  0.509999990      0.572425902    
  0.519999981      0.656360030    
  0.529999971      0.656360030    
  0.539999962      0.733540297    
  0.550000012      0.733540297    
  0.560000002      0.801126361    
  0.569999993      0.801126361    
  0.579999983      0.857444525    
  0.589999974      0.857444525    
  0.599999964      0.902059853    
  0.610000014      0.902059853    
  0.620000005      0.935621083    
  0.629999995      0.935621083    
  0.639999986      0.959547222    
  0.649999976      0.959547222    
  0.659999967      0.975646198    
  0.669999957      0.975646198    
  0.680000007      0.985754669    
  0.689999998      0.985754669    
  0.699999988      0.991458058    
  0.709999979      0.991458058    
  0.719999969      0.993910849    
  0.729999959      0.993910849    
  0.740000010      0.993748009    
  0.750000000      0.993748009    
  0.759999990      0.991059422    
  0.769999981      0.991059422    
  0.779999971      0.985402644    
  0.789999962      0.985402644    
  0.799999952      0.975844502    
  0.810000002      0.975844502    
  0.819999993      0.961037517    
  0.829999983      0.961037517    
  0.839999974      0.939350545    
  0.849999964      0.939350545    
  0.859999955      0.909071624    
  0.870000005      0.909071624    
  0.879999995      0.868687630    
  0.889999986      0.868687630    
  0.899999976      0.817213774    
  0.909999967      0.817213774    
  0.919999957      0.754520118    
  0.930000007      0.754520118    
  0.939999998      0.681574464    
  0.949999988      0.681574464    
  0.959999979      0.600523710    
  0.969999969      0.600523710    
  0.979999959      0.514560640    
  0.989999950      0.514560640    
   1.00000000      0.427574217    
