   9.99999978E-03   2.80724430    
   1.99999996E-02  0.595852494    
   2.99999993E-02   1.32420707    
   3.99999991E-02  -6.17643893E-02
   4.99999970E-02 -0.815500319    
   5.99999987E-02   2.63265705    
   7.00000003E-02  -3.36043358    
   7.99999982E-02   1.15794158    
   8.99999961E-02   4.40718651    
   9.99999940E-02  -9.14114189    
  0.109999999       5.62324619    
  0.119999997       8.05363464    
  0.129999995      -19.2377090    
  0.140000001       8.75402164    
  0.149999991       20.8209648    
  0.159999996      -32.1910629    
  0.170000002      -3.72748566    
  0.179999992       47.7787209    
  0.189999998      -25.3370743    
  0.199999988      -48.7765045    
  0.209999993       54.8833885    
  0.219999999       38.9198761    
  0.229999989      -77.3247223    
  0.239999995      -27.0918846    
  0.250000000       90.7573547    
  0.259999990       21.4624290    
  0.269999981      -95.7067947    
  0.280000001      -26.4118500    
  0.289999992       91.4373779    
  0.299999982       41.2045174    
  0.310000002      -75.0400696    
  0.319999993      -59.0765457    
  0.329999983       44.5833206    
  0.340000004       68.0227509    
  0.349999994      -5.09304428    
  0.359999985      -56.5992508    
  0.370000005      -28.1356792    
  0.379999995       24.8763504    
  0.389999986       36.9432983    
  0.399999976       8.95156193    
  0.409999996      -18.3397865    
  0.419999987      -20.7701740    
  0.429999977      -6.00578260    
  0.439999998       7.54254723    
  0.449999988       10.7917919    
  0.459999979       6.27341127    
  0.469999999      0.280317545    
  0.479999989      -3.16783500    
  0.489999980      -3.92156816    
  0.500000000      -2.53559875    
  0.509999990      -1.80724359    
  0.519999981      0.404147148    
  0.529999971     -0.324207544    
  0.539999962       1.06176507    
  0.550000012       1.81550050    
  0.560000002      -1.63265753    
  0.569999993       4.36043262    
  0.579999983     -0.157940984    
  0.589999974      -3.40718246    
  0.599999964       10.1411362    
  0.610000014      -4.62324953    
  0.620000005      -7.05362129    
  0.629999995       20.2377052    
  0.639999986      -7.75403595    
  0.649999976      -19.8209496    
  0.659999967       33.1910629    
  0.669999957       4.72747517    
  0.680000007      -46.7787209    
  0.689999998       26.3370781    
  0.699999988       49.7765121    
  0.709999979      -53.8833923    
  0.719999969      -37.9198837    
  0.729999959       78.3247299    
  0.740000010       28.0918770    
  0.750000000      -89.7573776    
  0.759999990      -20.4624157    
  0.769999981       96.7068024    
  0.779999971       27.4118347    
  0.789999962      -90.4373779    
  0.799999952      -40.2045174    
  0.810000002       76.0400772    
  0.819999993       60.0765457    
  0.829999983      -43.5833321    
  0.839999974      -67.0227509    
  0.849999964       6.09304237    
  0.859999955       57.5992432    
  0.870000005       29.1356773    
  0.879999995      -23.8763428    
  0.889999986      -35.9432907    
  0.899999976      -7.95156479    
  0.909999967       19.3397770    
  0.919999957       21.7701683    
  0.930000007       7.00578308    
  0.939999998      -6.54254341    
  0.949999988      -9.79178810    
  0.959999979      -5.27341366    
  0.969999969      0.719676733    
  0.979999959       4.16783381    
  0.989999950       4.92157078    
   1.00000000       3.53559923    
