   9.99999978E-03   1.73719227E-03
   1.99999996E-02   1.73719227E-03
   2.99999993E-02   4.22686018E-04
   3.99999991E-02   4.22686018E-04
   4.99999970E-02   8.04996234E-05
   5.99999987E-02   8.04996234E-05
   7.00000003E-02   1.21764588E-05
   7.99999982E-02   1.21764588E-05
   8.99999961E-02   6.32709180E-06
   9.99999940E-02   6.32709180E-06
  0.109999999       2.48016458E-05
  0.119999997       2.48016458E-05
  0.129999995       1.01350961E-04
  0.140000001       1.01350961E-04
  0.149999991       3.67302913E-04
  0.159999996       3.67302913E-04
  0.170000002       1.18561659E-03
  0.179999992       1.18561659E-03
  0.189999998       3.42623726E-03
  0.199999988       3.42623726E-03
  0.209999993       8.90330970E-03
  0.219999999       8.90330970E-03
  0.229999989       2.08844040E-02
  0.239999995       2.08844040E-02
  0.250000000       4.43767495E-02
  0.259999990       4.43767495E-02
  0.269999981       8.57058689E-02
  0.280000001       8.57058689E-02
  0.289999992      0.150962383    
  0.299999982      0.150962383    
  0.310000002      0.243409127    
  0.319999993      0.243409127    
  0.329999983      0.360801816    
  0.340000004      0.360801816    
  0.349999994      0.494202614    
  0.359999985      0.494202614    
  0.370000005      0.629536748    
  0.379999995      0.629536748    
  0.389999986      0.751713395    
  0.399999976      0.751713395    
  0.409999996      0.849454701    
  0.419999987      0.849454701    
  0.429999977      0.918374777    
  0.439999998      0.918374777    
  0.449999988      0.960918188    
  0.459999979      0.960918188    
  0.469999999      0.983709276    
  0.479999989      0.983709276    
  0.489999980      0.994187951    
  0.500000000      0.994187951    
  0.509999990      0.998262882    
  0.519999981      0.998262882    
  0.529999971      0.999577343    
  0.539999962      0.999577343    
  0.550000012      0.999919474    
  0.560000002      0.999919474    
  0.569999993      0.999987781    
  0.579999983      0.999987781    
  0.589999974      0.999993622    
  0.599999964      0.999993622    
  0.610000014      0.999975145    
  0.620000005      0.999975145    
  0.629999995      0.999898672    
  0.639999986      0.999898672    
  0.649999976      0.999632716    
  0.659999967      0.999632716    
  0.669999957      0.998814464    
  0.680000007      0.998814464    
  0.689999998      0.996573806    
  0.699999988      0.996573806    
  0.709999979      0.991096735    
  0.719999969      0.991096735    
  0.729999959      0.979115605    
  0.740000010      0.979115605    
  0.750000000      0.955623209    
  0.759999990      0.955623209    
  0.769999981      0.914294064    
  0.779999971      0.914294064    
  0.789999962      0.849037588    
  0.799999952      0.849037588    
  0.810000002      0.756590843    
  0.819999993      0.756590843    
  0.829999983      0.639198244    
  0.839999974      0.639198244    
  0.849999964      0.505797446    
  0.859999955      0.505797446    
  0.870000005      0.370463341    
  0.879999995      0.370463341    
  0.889999986      0.248286709    
  0.899999976      0.248286709    
  0.909999967      0.150545388    
  0.919999957      0.150545388    
  0.930000007       8.16252306E-02
  0.939999998       8.16252306E-02
  0.949999988       3.90819237E-02
  0.959999979       3.90819237E-02
  0.969999969       1.62908677E-02
  0.979999959       1.62908677E-02
  0.989999950       5.81221981E-03
   1.00000000       5.81221981E-03
