   9.99999978E-03  0.262068659    
   1.99999996E-02  0.262068659    
   2.99999993E-02  0.190895751    
   3.99999991E-02  0.190895751    
   4.99999970E-02  0.132704943    
   5.99999987E-02  0.132704943    
   7.00000003E-02   8.78071040E-02
   7.99999982E-02   8.78071040E-02
   8.99999961E-02   5.51609024E-02
   9.99999940E-02   5.51609024E-02
  0.109999999       3.28313559E-02
  0.119999997       3.28313559E-02
  0.129999995       1.85104162E-02
  0.140000001       1.85104162E-02
  0.149999991       9.96901095E-03
  0.159999996       9.96901095E-03
  0.170000002       5.36622480E-03
  0.179999992       5.36622480E-03
  0.189999998       3.40658915E-03
  0.199999988       3.40658915E-03
  0.209999993       3.38376965E-03
  0.219999999       3.38376965E-03
  0.229999989       5.16647846E-03
  0.239999995       5.16647846E-03
  0.250000000       9.17178113E-03
  0.259999990       9.17178113E-03
  0.269999981       1.63430572E-02
  0.280000001       1.63430572E-02
  0.289999992       2.81181075E-02
  0.299999982       2.81181075E-02
  0.310000002       4.63492051E-02
  0.319999993       4.63492051E-02
  0.329999983       7.31303245E-02
  0.340000004       7.31303245E-02
  0.349999994      0.110503137    
  0.359999985      0.110503137    
  0.370000005      0.160051435    
  0.379999995      0.160051435    
  0.389999986      0.222445831    
  0.399999976      0.222445831    
  0.409999996      0.297047853    
  0.419999987      0.297047853    
  0.429999977      0.381702632    
  0.439999998      0.381702632    
  0.449999988      0.472824067    
  0.459999979      0.472824067    
  0.469999999      0.565805137    
  0.479999989      0.565805137    
  0.489999980      0.655686855    
  0.500000000      0.655686855    
  0.509999990      0.737931430    
  0.519999981      0.737931430    
  0.529999971      0.809104264    
  0.539999962      0.809104264    
  0.550000012      0.867295086    
  0.560000002      0.867295086    
  0.569999993      0.912193000    
  0.579999983      0.912193000    
  0.589999974      0.944839120    
  0.599999964      0.944839120    
  0.610000014      0.967168748    
  0.620000005      0.967168748    
  0.629999995      0.981489658    
  0.639999986      0.981489658    
  0.649999976      0.990031064    
  0.659999967      0.990031064    
  0.669999957      0.994633794    
  0.680000007      0.994633794    
  0.689999998      0.996593356    
  0.699999988      0.996593356    
  0.709999979      0.996616244    
  0.719999969      0.996616244    
  0.729999959      0.994833589    
  0.740000010      0.994833589    
  0.750000000      0.990828276    
  0.759999990      0.990828276    
  0.769999981      0.983657002    
  0.779999971      0.983657002    
  0.789999962      0.971881926    
  0.799999952      0.971881926    
  0.810000002      0.953650832    
  0.819999993      0.953650832    
  0.829999983      0.926869631    
  0.839999974      0.926869631    
  0.849999964      0.889496803    
  0.859999955      0.889496803    
  0.870000005      0.839948475    
  0.879999995      0.839948475    
  0.889999986      0.777554154    
  0.899999976      0.777554154    
  0.909999967      0.702952266    
  0.919999957      0.702952266    
  0.930000007      0.618297577    
  0.939999998      0.618297577    
  0.949999988      0.527176142    
  0.959999979      0.527176142    
  0.969999969      0.434194982    
  0.979999959      0.434194982    
  0.989999950      0.344313264    
   1.00000000      0.344313264    
