   9.99999978E-03  0.722966850    
   1.99999996E-02  0.657404006    
   2.99999993E-02  0.657404006    
   3.99999991E-02  0.586521924    
   4.99999970E-02  0.586521924    
   5.99999987E-02  0.512488723    
   7.00000003E-02  0.512488723    
   7.99999982E-02  0.437807083    
   8.99999961E-02  0.437807083    
   9.99999940E-02  0.365068316    
  0.109999999      0.365068316    
  0.119999997      0.296688527    
  0.129999995      0.296688527    
  0.140000001      0.234671086    
  0.149999991      0.234671086    
  0.159999996      0.180436254    
  0.170000002      0.180436254    
  0.179999992      0.134742528    
  0.189999998      0.134742528    
  0.199999988       9.77073684E-02
  0.209999993       9.77073684E-02
  0.219999999       6.89147115E-02
  0.229999989       6.89147115E-02
  0.239999995       4.75825034E-02
  0.250000000       4.75825034E-02
  0.259999990       3.27573605E-02
  0.269999981       3.27573605E-02
  0.280000001       2.35045012E-02
  0.289999992       2.35045012E-02
  0.299999982       1.90677103E-02
  0.310000002       1.90677103E-02
  0.319999993       1.89839453E-02
  0.329999983       1.89839453E-02
  0.340000004       2.31453013E-02
  0.349999994       2.31453013E-02
  0.359999985       3.18073370E-02
  0.370000005       3.18073370E-02
  0.379999995       4.55458909E-02
  0.389999986       4.55458909E-02
  0.399999976       6.51662722E-02
  0.409999996       6.51662722E-02
  0.419999987       9.15708318E-02
  0.429999977       9.15708318E-02
  0.439999998      0.125594914    
  0.449999988      0.125594914    
  0.459999979      0.167827055    
  0.469999999      0.167827055    
  0.479999989      0.218436137    
  0.489999980      0.218436137    
  0.500000000      0.277033240    
  0.509999990      0.277033240    
  0.519999981      0.342596084    
  0.529999971      0.342596084    
  0.539999962      0.413478196    
  0.550000012      0.413478196    
  0.560000002      0.487511396    
  0.569999993      0.487511396    
  0.579999983      0.562193036    
  0.589999974      0.562193036    
  0.599999964      0.634931862    
  0.610000014      0.634931862    
  0.620000005      0.703311682    
  0.629999995      0.703311682    
  0.639999986      0.765329123    
  0.649999976      0.765329123    
  0.659999967      0.819563925    
  0.669999957      0.819563925    
  0.680000007      0.865257621    
  0.689999998      0.865257621    
  0.699999988      0.902292728    
  0.709999979      0.902292728    
  0.719999969      0.931085348    
  0.729999959      0.931085348    
  0.740000010      0.952417493    
  0.750000000      0.952417493    
  0.759999990      0.967242599    
  0.769999981      0.967242599    
  0.779999971      0.976495445    
  0.789999962      0.976495445    
  0.799999952      0.980932176    
  0.810000002      0.980932176    
  0.819999993      0.981015980    
  0.829999983      0.981015980    
  0.839999974      0.976854682    
  0.849999964      0.976854682    
  0.859999955      0.968192577    
  0.870000005      0.968192577    
  0.879999995      0.954454064    
  0.889999986      0.954454064    
  0.899999976      0.934833646    
  0.909999967      0.934833646    
  0.919999957      0.908429027    
  0.930000007      0.908429027    
  0.939999998      0.874404907    
  0.949999988      0.874404907    
  0.959999979      0.832172811    
  0.969999969      0.832172811    
  0.979999959      0.781563878    
  0.989999950      0.781563878    
   1.00000000      0.722966850    
