   9.99999978E-03  0.908474207    
   1.99999996E-02  0.881337166    
   2.99999993E-02  0.881337166    
   3.99999991E-02  0.847735643    
   4.99999970E-02  0.847735643    
   5.99999987E-02  0.807616472    
   7.00000003E-02  0.807616472    
   7.99999982E-02  0.761169553    
   8.99999961E-02  0.761169553    
   9.99999940E-02  0.708888352    
  0.109999999      0.708888352    
  0.119999997      0.651599288    
  0.129999995      0.651599288    
  0.140000001      0.590451777    
  0.149999991      0.590451777    
  0.159999996      0.526867092    
  0.170000002      0.526867092    
  0.179999992      0.462452233    
  0.189999998      0.462452233    
  0.199999988      0.398887753    
  0.209999993      0.398887753    
  0.219999999      0.337804556    
  0.229999989      0.337804556    
  0.239999995      0.280666679    
  0.250000000      0.280666679    
  0.259999990      0.228676081    
  0.269999981      0.228676081    
  0.280000001      0.182711005    
  0.289999992      0.182711005    
  0.299999982      0.143306151    
  0.310000002      0.143306151    
  0.319999993      0.110674016    
  0.329999983      0.110674016    
  0.340000004       8.47623497E-02
  0.349999994       8.47623497E-02
  0.359999985       6.53365478E-02
  0.370000005       6.53365478E-02
  0.379999995       5.20737879E-02
  0.389999986       5.20737879E-02
  0.399999976       4.46544737E-02
  0.409999996       4.46544737E-02
  0.419999987       4.28384021E-02
  0.429999977       4.28384021E-02
  0.439999998       4.65154275E-02
  0.449999988       4.65154275E-02
  0.459999979       5.57247028E-02
  0.469999999       5.57247028E-02
  0.479999989       7.06403553E-02
  0.489999980       7.06403553E-02
  0.500000000       9.15258154E-02
  0.509999990       9.15258154E-02
  0.519999981      0.118662834    
  0.529999971      0.118662834    
  0.539999962      0.152264446    
  0.550000012      0.152264446    
  0.560000002      0.192383632    
  0.569999993      0.192383632    
  0.579999983      0.238830626    
  0.589999974      0.238830626    
  0.599999964      0.291111827    
  0.610000014      0.291111827    
  0.620000005      0.348400801    
  0.629999995      0.348400801    
  0.639999986      0.409548342    
  0.649999976      0.409548342    
  0.659999967      0.473133028    
  0.669999957      0.473133028    
  0.680000007      0.537547886    
  0.689999998      0.537547886    
  0.699999988      0.601112425    
  0.709999979      0.601112425    
  0.719999969      0.662195683    
  0.729999959      0.662195683    
  0.740000010      0.719333529    
  0.750000000      0.719333529    
  0.759999990      0.771324158    
  0.769999981      0.771324158    
  0.779999971      0.817289174    
  0.789999962      0.817289174    
  0.799999952      0.856694043    
  0.810000002      0.856694043    
  0.819999993      0.889326155    
  0.829999983      0.889326155    
  0.839999974      0.915237725    
  0.849999964      0.915237725    
  0.859999955      0.934663475    
  0.870000005      0.934663475    
  0.879999995      0.947926104    
  0.889999986      0.947926104    
  0.899999976      0.955345392    
  0.909999967      0.955345392    
  0.919999957      0.957161427    
  0.930000007      0.957161427    
  0.939999998      0.953484535    
  0.949999988      0.953484535    
  0.959999979      0.944275260    
  0.969999969      0.944275260    
  0.979999959      0.929359674    
  0.989999950      0.929359674    
   1.00000000      0.908474207    
