   9.99999978E-03   3546.20605    
   1.99999996E-02  -21073.6816    
   2.99999993E-02  -2502.86768    
   3.99999991E-02   10938.9512    
   4.99999970E-02  -9634.88574    
   5.99999987E-02   3904.80371    
   7.00000003E-02   21667.2070    
   7.99999982E-02  -19801.7031    
   8.99999961E-02  -22251.4824    
   9.99999940E-02   34750.8633    
  0.109999999       8002.66602    
  0.119999997      -46535.9844    
  0.129999995       16113.0840    
  0.140000001       51600.1641    
  0.149999991      -42654.4336    
  0.159999996      -47208.9805    
  0.170000002       66798.3359    
  0.179999992       34479.1953    
  0.189999998      -86547.3750    
  0.199999988      -17929.0254    
  0.209999993       101059.508    
  0.219999999       2347.80078    
  0.229999989      -110416.289    
  0.239999995       9038.76953    
  0.250000000       115824.047    
  0.259999990      -14075.5039    
  0.269999981      -118439.758    
  0.280000001       11459.8047    
  0.289999992       118245.078    
  0.299999982      -1209.93750    
  0.310000002      -113973.992    
  0.319999993      -15262.3105    
  0.329999983       103726.172    
  0.340000004       35107.8242    
  0.349999994      -85918.7109    
  0.359999985      -53599.5625    
  0.370000005       60407.7422    
  0.379999995       64962.2812    
  0.389999986      -29292.3203    
  0.399999976      -64779.3906    
  0.409999996      -2130.30469    
  0.419999987       52408.3516    
  0.429999977       25660.1523    
  0.439999998      -31342.1992    
  0.449999988      -33791.9805    
  0.459999979       7676.92676    
  0.469999999       25439.3398    
  0.479999989       11899.6523    
  0.489999980      -8674.19922    
  0.500000000      -22116.0234    
  0.509999990      -3545.20312    
  0.519999981       21074.6797    
  0.529999971       2503.86621    
  0.539999962      -10937.9502    
  0.550000012       9635.88574    
  0.560000002      -3903.81104    
  0.569999993      -21666.2070    
  0.579999983       19802.7129    
  0.589999974       22252.4805    
  0.599999964      -34749.8789    
  0.610000014      -8001.66016    
  0.620000005       46537.0078    
  0.629999995      -16112.0977    
  0.639999986      -51599.1719    
  0.649999976       42655.4375    
  0.659999967       47209.9883    
  0.669999957      -66797.3438    
  0.680000007      -34478.1875    
  0.689999998       86548.3828    
  0.699999988       17929.9922    
  0.709999979      -101058.516    
  0.719999969      -2346.77734    
  0.729999959       110417.297    
  0.740000010      -9037.78516    
  0.750000000      -115823.055    
  0.759999990       14076.5156    
  0.769999981       118440.734    
  0.779999971      -11458.7969    
  0.789999962      -118244.062    
  0.799999952       1210.94531    
  0.810000002       113975.016    
  0.819999993       15263.3145    
  0.829999983      -103725.195    
  0.839999974      -35106.8359    
  0.849999964       85919.7031    
  0.859999955       53600.5742    
  0.870000005      -60406.7383    
  0.879999995      -64961.2891    
  0.889999986       29293.3184    
  0.899999976       64780.3945    
  0.909999967       2131.29883    
  0.919999957      -52407.3516    
  0.930000007      -25659.1426    
  0.939999998       31343.1992    
  0.949999988       33792.9805    
  0.959999979      -7675.93359    
  0.969999969      -25438.3398    
  0.979999959      -11898.6514    
  0.989999950       8675.19531    
   1.00000000       22117.0234    
