   9.99999978E-03   5832532.00    
   1.99999996E-02  -1482932.12    
   2.99999993E-02  -5015564.00    
   3.99999991E-02   1811232.62    
   4.99999970E-02   2403869.75    
   5.99999987E-02  -2996601.50    
   7.00000003E-02   1141605.00    
   7.99999982E-02   4253872.50    
   8.99999961E-02  -4665421.50    
   9.99999940E-02  -4675188.50    
  0.109999999       7542742.00    
  0.119999997       3684726.50    
  0.129999995      -9620936.00    
  0.140000001      -1316016.75    
  0.149999991       11042409.0    
  0.159999996      -1862449.50    
  0.170000002      -11966338.0    
  0.179999992       5111247.00    
  0.189999998       12446487.0    
  0.199999988      -7894743.00    
  0.209999993      -12520933.0    
  0.219999999       10001997.0    
  0.229999989       12347777.0    
  0.239999995      -11405118.0    
  0.250000000      -12201726.0    
  0.259999990       12078827.0    
  0.269999981       12321330.0    
  0.280000001      -11959222.0    
  0.289999992      -12755830.0    
  0.299999982       10997063.0    
  0.310000002       13342848.0    
  0.319999993      -9180080.00    
  0.329999983      -13806271.0    
  0.340000004       6534957.00    
  0.349999994       13870197.0    
  0.359999985      -3207382.50    
  0.370000005      -13311268.0    
  0.379999995      -406413.500    
  0.389999986       11952010.0    
  0.399999976       3647090.50    
  0.409999996      -9658572.00    
  0.419999987      -5800556.00    
  0.429999977       6417373.00    
  0.439999998       6427141.00    
  0.449999988      -2492150.50    
  0.459999979      -5604419.00    
  0.469999999      -1466212.25    
  0.479999989       3934261.00    
  0.489999980       4526897.50    
  0.500000000      -2299900.00    
  0.509999990      -5832531.00    
  0.519999981       1482934.00    
  0.529999971       5015564.50    
  0.539999962      -1811232.88    
  0.550000012      -2403868.50    
  0.560000002       2996603.75    
  0.569999993      -1141604.62    
  0.579999983      -4253872.50    
  0.589999974       4665424.00    
  0.599999964       4675191.00    
  0.610000014      -7542744.00    
  0.620000005      -3684725.50    
  0.629999995       9620941.00    
  0.639999986       1316017.00    
  0.649999976      -11042410.0    
  0.659999967       1862451.00    
  0.669999957       11966339.0    
  0.680000007      -5111247.00    
  0.689999998      -12446487.0    
  0.699999988       7894749.00    
  0.709999979       12520934.0    
  0.719999969      -10002000.0    
  0.729999959      -12347776.0    
  0.740000010       11405125.0    
  0.750000000       12201725.0    
  0.759999990      -12078830.0    
  0.769999981      -12321328.0    
  0.779999971       11959226.0    
  0.789999962       12755828.0    
  0.799999952      -10997067.0    
  0.810000002      -13342846.0    
  0.819999993       9180083.00    
  0.829999983       13806272.0    
  0.839999974      -6534955.50    
  0.849999964      -13870196.0    
  0.859999955       3207383.00    
  0.870000005       13311268.0    
  0.879999995       406414.500    
  0.889999986      -11952006.0    
  0.899999976      -3647089.00    
  0.909999967       9658572.00    
  0.919999957       5800557.50    
  0.930000007      -6417373.00    
  0.939999998      -6427140.50    
  0.949999988       2492152.50    
  0.959999979       5604420.50    
  0.969999969       1466212.75    
  0.979999959      -3934260.00    
  0.989999950      -4526896.50    
   1.00000000       2299900.75    
