   9.99999978E-03   2.41636182E-03
   1.99999996E-02   6.05242909E-04
   2.99999993E-02   6.05242909E-04
   3.99999991E-02   1.18424563E-04
   4.99999970E-02   1.18424563E-04
   5.99999987E-02   1.72913897E-05
   7.00000003E-02   1.72913897E-05
   7.99999982E-02   3.65157348E-06
   8.99999961E-02   3.65157348E-06
   9.99999940E-02   1.07862897E-05
  0.109999999       1.07862897E-05
  0.119999997       4.81605712E-05
  0.129999995       4.81605712E-05
  0.140000001       1.90001607E-04
  0.149999991       1.90001607E-04
  0.159999996       6.62805047E-04
  0.170000002       6.62805047E-04
  0.179999992       2.05696910E-03
  0.189999998       2.05696910E-03
  0.199999988       5.70835080E-03
  0.209999993       5.70835080E-03
  0.219999999       1.42282406E-02
  0.229999989       1.42282406E-02
  0.239999995       3.19780111E-02
  0.250000000       3.19780111E-02
  0.259999990       6.50413111E-02
  0.269999981       6.50413111E-02
  0.280000001      0.120146811    
  0.289999992      0.120146811    
  0.299999982      0.202321678    
  0.310000002      0.202321678    
  0.319999993      0.311888188    
  0.329999983      0.311888188    
  0.340000004      0.442324519    
  0.349999994      0.442324519    
  0.359999985      0.580666065    
  0.370000005      0.580666065    
  0.379999995      0.710987806    
  0.389999986      0.710987806    
  0.399999976      0.819589317    
  0.409999996      0.819589317    
  0.419999987      0.899230301    
  0.429999977      0.899230301    
  0.439999998      0.950282335    
  0.449999988      0.950282335    
  0.459999979      0.978644609    
  0.469999999      0.978644609    
  0.479999989      0.992150426    
  0.489999980      0.992150426    
  0.500000000      0.997583747    
  0.509999990      0.997583747    
  0.519999981      0.999394834    
  0.529999971      0.999394834    
  0.539999962      0.999881566    
  0.550000012      0.999881566    
  0.560000002      0.999982655    
  0.569999993      0.999982655    
  0.579999983      0.999996305    
  0.589999974      0.999996305    
  0.599999964      0.999989152    
  0.610000014      0.999989152    
  0.620000005      0.999951839    
  0.629999995      0.999951839    
  0.639999986      0.999809980    
  0.649999976      0.999809980    
  0.659999967      0.999337196    
  0.669999957      0.999337196    
  0.680000007      0.997943103    
  0.689999998      0.997943103    
  0.699999988      0.994291723    
  0.709999979      0.994291723    
  0.719999969      0.985771835    
  0.729999959      0.985771835    
  0.740000010      0.968021989    
  0.750000000      0.968021989    
  0.759999990      0.934958637    
  0.769999981      0.934958637    
  0.779999971      0.879853129    
  0.789999962      0.879853129    
  0.799999952      0.797678292    
  0.810000002      0.797678292    
  0.819999993      0.688111842    
  0.829999983      0.688111842    
  0.839999974      0.557675540    
  0.849999964      0.557675540    
  0.859999955      0.419333965    
  0.870000005      0.419333965    
  0.879999995      0.289012253    
  0.889999986      0.289012253    
  0.899999976      0.180410802    
  0.909999967      0.180410802    
  0.919999957      0.100769714    
  0.930000007      0.100769714    
  0.939999998       4.97177504E-02
  0.949999988       4.97177504E-02
  0.959999979       2.13555470E-02
  0.969999969       2.13555470E-02
  0.979999959       7.84973428E-03
  0.989999950       7.84973428E-03
   1.00000000       2.41636182E-03
