   9.99999978E-03  -1229.01050    
   1.99999996E-02   789.652283    
   2.99999993E-02   748.831848    
   3.99999991E-02  -541.654114    
   4.99999970E-02   840.167664    
   5.99999987E-02   235.146667    
   7.00000003E-02  -2107.34424    
   7.99999982E-02   819.664795    
   8.99999961E-02   2080.02856    
   9.99999940E-02  -2615.70581    
  0.109999999      -692.447998    
  0.119999997       4217.70752    
  0.129999995      -1644.70264    
  0.140000001      -4629.39062    
  0.149999991       4442.94629    
  0.159999996       3659.72949    
  0.170000002      -7079.00684    
  0.179999992      -1725.50195    
  0.189999998       9031.69336    
  0.199999988      -619.064209    
  0.209999993      -10195.6426    
  0.219999999       2838.92920    
  0.229999989       10810.2871    
  0.239999995      -4455.94873    
  0.250000000      -11139.6162    
  0.259999990       5206.38135    
  0.269999981       11403.4863    
  0.280000001      -4942.50928    
  0.289999992      -11626.1758    
  0.299999982       3640.05566    
  0.310000002       11611.4082    
  0.319999993      -1423.16357    
  0.329999983      -10999.7383    
  0.340000004      -1348.98022    
  0.349999994       9408.21191    
  0.359999985       4054.70630    
  0.370000005      -6684.02783    
  0.379999995      -5900.81250    
  0.389999986       3171.52246    
  0.399999976       6156.21045    
  0.409999996       293.801147    
  0.419999987      -4616.35449    
  0.429999977      -2693.09668    
  0.439999998       2002.63770    
  0.449999988       3263.00244    
  0.459999979       335.993958    
  0.469999999      -2006.49756    
  0.479999989      -1401.47705    
  0.489999980      -19.6547241    
  0.500000000       1270.83142    
  0.509999990       1230.01025    
  0.519999981      -788.652344    
  0.529999971      -747.831665    
  0.539999962       542.653442    
  0.550000012      -839.167419    
  0.560000002      -234.145630    
  0.569999993       2108.34375    
  0.579999983      -818.665955    
  0.589999974      -2079.02808    
  0.599999964       2616.70703    
  0.610000014       693.447388    
  0.620000005      -4216.70850    
  0.629999995       1645.70337    
  0.639999986       4630.39160    
  0.649999976      -4441.94727    
  0.659999967      -3658.72998    
  0.669999957       7080.00830    
  0.680000007       1726.50073    
  0.689999998      -9030.69336    
  0.699999988       620.066895    
  0.709999979       10196.6445    
  0.719999969      -2837.93115    
  0.729999959      -10809.2861    
  0.740000010       4456.94922    
  0.750000000       11140.6162    
  0.759999990      -5205.38135    
  0.769999981      -11402.4863    
  0.779999971       4943.50928    
  0.789999962       11627.1758    
  0.799999952      -3639.05566    
  0.810000002      -11610.4082    
  0.819999993       1424.16260    
  0.829999983       11000.7402    
  0.839999974       1349.98120    
  0.849999964      -9407.21289    
  0.859999955      -4053.70728    
  0.870000005       6685.02930    
  0.879999995       5901.81348    
  0.889999986      -3170.52441    
  0.899999976      -6155.21191    
  0.909999967      -292.800537    
  0.919999957       4617.35596    
  0.930000007       2694.09717    
  0.939999998      -2001.63794    
  0.949999988      -3262.00244    
  0.959999979      -334.994019    
  0.969999969       2007.49731    
  0.979999959       1402.47705    
  0.989999950       20.6550903    
   1.00000000      -1269.83105    
