   9.99999978E-03   6.11233190E-02
   1.99999996E-02   3.25021073E-02
   2.99999993E-02   3.25021073E-02
   3.99999991E-02   1.58067048E-02
   4.99999970E-02   1.58067048E-02
   5.99999987E-02   6.98513910E-03
   7.00000003E-02   6.98513910E-03
   7.99999982E-02   2.78879167E-03
   8.99999961E-02   2.78879167E-03
   9.99999940E-02   1.01436931E-03
  0.109999999       1.01436931E-03
  0.119999997       3.87661159E-04
  0.129999995       3.87661159E-04
  0.140000001       3.08293878E-04
  0.149999991       3.08293878E-04
  0.159999996       6.27230096E-04
  0.170000002       6.27230096E-04
  0.179999992       1.54306344E-03
  0.189999998       1.54306344E-03
  0.199999988       3.63353547E-03
  0.209999993       3.63353547E-03
  0.219999999       7.99517240E-03
  0.229999989       7.99517240E-03
  0.239999995       1.64287090E-02
  0.250000000       1.64287090E-02
  0.259999990       3.15659568E-02
  0.269999981       3.15659568E-02
  0.280000001       5.67947105E-02
  0.289999992       5.67947105E-02
  0.299999982       9.58392173E-02
  0.310000002       9.58392173E-02
  0.319999993      0.151937649    
  0.329999983      0.151937649    
  0.340000004      0.226735577    
  0.349999994      0.226735577    
  0.359999985      0.319227636    
  0.370000005      0.319227636    
  0.379999995      0.425208092    
  0.389999986      0.425208092    
  0.399999976      0.537611604    
  0.409999996      0.537611604    
  0.419999987      0.647811174    
  0.429999977      0.647811174    
  0.439999998      0.747515500    
  0.449999988      0.747515500    
  0.459999979      0.830602467    
  0.469999999      0.830602467    
  0.479999989      0.894227624    
  0.489999980      0.894227624    
  0.500000000      0.938876748    
  0.509999990      0.938876748    
  0.519999981      0.967497945    
  0.529999971      0.967497945    
  0.539999962      0.984193325    
  0.550000012      0.984193325    
  0.560000002      0.993014932    
  0.569999993      0.993014932    
  0.579999983      0.997211218    
  0.589999974      0.997211218    
  0.599999964      0.998985529    
  0.610000014      0.998985529    
  0.620000005      0.999612272    
  0.629999995      0.999612272    
  0.639999986      0.999691665    
  0.649999976      0.999691665    
  0.659999967      0.999372780    
  0.669999957      0.999372780    
  0.680000007      0.998456955    
  0.689999998      0.998456955    
  0.699999988      0.996366560    
  0.709999979      0.996366560    
  0.719999969      0.992004991    
  0.729999959      0.992004991    
  0.740000010      0.983571351    
  0.750000000      0.983571351    
  0.759999990      0.968434036    
  0.769999981      0.968434036    
  0.779999971      0.943205237    
  0.789999962      0.943205237    
  0.799999952      0.904160798    
  0.810000002      0.904160798    
  0.819999993      0.848062277    
  0.829999983      0.848062277    
  0.839999974      0.773264408    
  0.849999964      0.773264408    
  0.859999955      0.680772483    
  0.870000005      0.680772483    
  0.879999995      0.574792027    
  0.889999986      0.574792027    
  0.899999976      0.462388456    
  0.909999967      0.462388456    
  0.919999957      0.352188915    
  0.930000007      0.352188915    
  0.939999998      0.252484590    
  0.949999988      0.252484590    
  0.959999979      0.169397652    
  0.969999969      0.169397652    
  0.979999959      0.105772533    
  0.989999950      0.105772533    
   1.00000000       6.11233190E-02
