   9.99999978E-03   4.93038942E-06
   1.99999996E-02   4.93038942E-06
   2.99999993E-02   3.72857856E-10
   3.99999991E-02   3.72857856E-10
   4.99999970E-02   7.96551536E-09
   5.99999987E-02   7.96551536E-09
   7.00000003E-02   1.09200954E-07
   7.99999982E-02   1.09200954E-07
   8.99999961E-02   1.07937376E-06
   9.99999940E-02   1.07937376E-06
  0.109999999       8.19397519E-06
  0.119999997       8.19397519E-06
  0.129999995       4.96958201E-05
  0.140000001       4.96958201E-05
  0.149999991       2.47323653E-04
  0.159999996       2.47323653E-04
  0.170000002       1.02960051E-03
  0.179999992       1.02960051E-03
  0.189999998       3.63718974E-03
  0.199999988       3.63718974E-03
  0.209999993       1.10253599E-02
  0.219999999       1.10253599E-02
  0.229999989       2.89360713E-02
  0.239999995       2.89360713E-02
  0.250000000       6.62500560E-02
  0.259999990       6.62500560E-02
  0.269999981      0.133223861    
  0.280000001      0.133223861    
  0.289999992      0.236873865    
  0.299999982      0.236873865    
  0.310000002      0.375073820    
  0.319999993      0.375073820    
  0.329999983      0.533427954    
  0.340000004      0.533427954    
  0.349999994      0.688677132    
  0.359999985      0.688677132    
  0.370000005      0.818051338    
  0.379999995      0.818051338    
  0.389999986      0.908840358    
  0.399999976      0.908840358    
  0.409999996      0.961800575    
  0.419999987      0.961800575    
  0.429999977      0.987019718    
  0.439999998      0.987019718    
  0.449999988      0.996572435    
  0.459999979      0.996572435    
  0.469999999      0.999341309    
  0.479999989      0.999341309    
  0.489999980      0.999918222    
  0.500000000      0.999918222    
  0.509999990      0.999995112    
  0.519999981      0.999995112    
  0.529999971       1.00000000    
  0.539999962       1.00000000    
  0.550000012       1.00000000    
  0.560000002       1.00000000    
  0.569999993      0.999999940    
  0.579999983      0.999999940    
  0.589999974      0.999998927    
  0.599999964      0.999998927    
  0.610000014      0.999991775    
  0.620000005      0.999991775    
  0.629999995      0.999950290    
  0.639999986      0.999950290    
  0.649999976      0.999752760    
  0.659999967      0.999752760    
  0.669999957      0.998970509    
  0.680000007      0.998970509    
  0.689999998      0.996362865    
  0.699999988      0.996362865    
  0.709999979      0.988974690    
  0.719999969      0.988974690    
  0.729999959      0.971063852    
  0.740000010      0.971063852    
  0.750000000      0.933749855    
  0.759999990      0.933749855    
  0.769999981      0.866776109    
  0.779999971      0.866776109    
  0.789999962      0.763126135    
  0.799999952      0.763126135    
  0.810000002      0.624926209    
  0.819999993      0.624926209    
  0.829999983      0.466572106    
  0.839999974      0.466572106    
  0.849999964      0.311322957    
  0.859999955      0.311322957    
  0.870000005      0.181948662    
  0.879999995      0.181948662    
  0.889999986       9.11597013E-02
  0.899999976       9.11597013E-02
  0.909999967       3.81994694E-02
  0.919999957       3.81994694E-02
  0.930000007       1.29803102E-02
  0.939999998       1.29803102E-02
  0.949999988       3.42760072E-03
  0.959999979       3.42760072E-03
  0.969999969       6.58698846E-04
  0.979999959       6.58698846E-04
  0.989999950       8.18443150E-05
   1.00000000       8.18443150E-05
