   9.99999978E-03  0.808931887    
   1.99999996E-02  0.808931887    
   2.99999993E-02  0.758537531    
   3.99999991E-02  0.758537531    
   4.99999970E-02  0.701491833    
   5.99999987E-02  0.701491833    
   7.00000003E-02  0.638829052    
   7.99999982E-02  0.638829052    
   8.99999961E-02  0.572026908    
   9.99999940E-02  0.572026908    
  0.109999999      0.502918661    
  0.119999997      0.502918661    
  0.129999995      0.433551788    
  0.140000001      0.433551788    
  0.149999991      0.366013229    
  0.159999996      0.366013229    
  0.170000002      0.302247077    
  0.179999992      0.302247077    
  0.189999998      0.243892252    
  0.199999988      0.243892252    
  0.209999993      0.192164019    
  0.219999999      0.192164019    
  0.229999989      0.147796348    
  0.239999995      0.147796348    
  0.250000000      0.111049637    
  0.259999990      0.111049637    
  0.269999981       8.17783475E-02
  0.280000001       8.17783475E-02
  0.289999992       5.95433787E-02
  0.299999982       5.95433787E-02
  0.310000002       4.37489524E-02
  0.319999993       4.37489524E-02
  0.329999983       3.37820426E-02
  0.340000004       3.37820426E-02
  0.349999994       2.91353352E-02
  0.359999985       2.91353352E-02
  0.370000005       2.94985659E-02
  0.379999995       2.94985659E-02
  0.389999986       3.48091051E-02
  0.399999976       3.48091051E-02
  0.409999996       4.52575386E-02
  0.419999987       4.52575386E-02
  0.429999977       6.12488836E-02
  0.439999998       6.12488836E-02
  0.449999988       8.33239555E-02
  0.459999979       8.33239555E-02
  0.469999999      0.112049356    
  0.479999989      0.112049356    
  0.489999980      0.147888318    
  0.500000000      0.147888318    
  0.509999990      0.191068098    
  0.519999981      0.191068098    
  0.529999971      0.241462469    
  0.539999962      0.241462469    
  0.550000012      0.298508137    
  0.560000002      0.298508137    
  0.569999993      0.361171067    
  0.579999983      0.361171067    
  0.589999974      0.427973241    
  0.599999964      0.427973241    
  0.610000014      0.497081488    
  0.620000005      0.497081488    
  0.629999995      0.566448390    
  0.639999986      0.566448390    
  0.649999976      0.633986950    
  0.659999967      0.633986950    
  0.669999957      0.697753072    
  0.680000007      0.697753072    
  0.689999998      0.756107986    
  0.699999988      0.756107986    
  0.709999979      0.807836175    
  0.719999969      0.807836175    
  0.729999959      0.852203846    
  0.740000010      0.852203846    
  0.750000000      0.888950527    
  0.759999990      0.888950527    
  0.769999981      0.918221772    
  0.779999971      0.918221772    
  0.789999962      0.940456629    
  0.799999952      0.940456629    
  0.810000002      0.956251025    
  0.819999993      0.956251025    
  0.829999983      0.966217875    
  0.839999974      0.966217875    
  0.849999964      0.970864594    
  0.859999955      0.970864594    
  0.870000005      0.970501304    
  0.879999995      0.970501304    
  0.889999986      0.965190828    
  0.899999976      0.965190828    
  0.909999967      0.954742432    
  0.919999957      0.954742432    
  0.930000007      0.938751101    
  0.939999998      0.938751101    
  0.949999988      0.916675985    
  0.959999979      0.916675985    
  0.969999969      0.887950659    
  0.979999959      0.887950659    
  0.989999950      0.852111697    
   1.00000000      0.852111697    
