   9.99999978E-03  0.881339848    
   1.99999996E-02  0.846151054    
   2.99999993E-02  0.846151054    
   3.99999991E-02  0.804131508    
   4.99999970E-02  0.804131508    
   5.99999987E-02  0.755473554    
   7.00000003E-02  0.755473554    
   7.99999982E-02  0.700728893    
   8.99999961E-02  0.700728893    
   9.99999940E-02  0.640835404    
  0.109999999      0.640835404    
  0.119999997      0.577097356    
  0.129999995      0.577097356    
  0.140000001      0.511115849    
  0.149999991      0.511115849    
  0.159999996      0.444679797    
  0.170000002      0.444679797    
  0.179999992      0.379628509    
  0.189999998      0.379628509    
  0.199999988      0.317705810    
  0.209999993      0.317705810    
  0.219999999      0.260427266    
  0.229999989      0.260427266    
  0.239999995      0.208978087    
  0.250000000      0.208978087    
  0.259999990      0.164155543    
  0.269999981      0.164155543    
  0.280000001      0.126362443    
  0.289999992      0.126362443    
  0.299999982       9.56488475E-02
  0.310000002       9.56488475E-02
  0.319999993       7.17926696E-02
  0.329999983       7.17926696E-02
  0.340000004       5.44048995E-02
  0.349999994       5.44048995E-02
  0.359999985       4.30422537E-02
  0.370000005       4.30422537E-02
  0.379999995       3.73110697E-02
  0.389999986       3.73110697E-02
  0.399999976       3.69486324E-02
  0.409999996       3.69486324E-02
  0.419999987       4.18720916E-02
  0.429999977       4.18720916E-02
  0.439999998       5.21898344E-02
  0.449999988       5.21898344E-02
  0.459999979       6.81745335E-02
  0.469999999       6.81745335E-02
  0.479999989       9.02015418E-02
  0.489999980       9.02015418E-02
  0.500000000      0.118660234    
  0.509999990      0.118660234    
  0.519999981      0.153849095    
  0.529999971      0.153849095    
  0.539999962      0.195868567    
  0.550000012      0.195868567    
  0.560000002      0.244526491    
  0.569999993      0.244526491    
  0.579999983      0.299271226    
  0.589999974      0.299271226    
  0.599999964      0.359164655    
  0.610000014      0.359164655    
  0.620000005      0.422902763    
  0.629999995      0.422902763    
  0.639999986      0.488884300    
  0.649999976      0.488884300    
  0.659999967      0.555320323    
  0.669999957      0.555320323    
  0.680000007      0.620371699    
  0.689999998      0.620371699    
  0.699999988      0.682294428    
  0.709999979      0.682294428    
  0.719999969      0.739572942    
  0.729999959      0.739572942    
  0.740000010      0.791022062    
  0.750000000      0.791022062    
  0.759999990      0.835844636    
  0.769999981      0.835844636    
  0.779999971      0.873637736    
  0.789999962      0.873637736    
  0.799999952      0.904351294    
  0.810000002      0.904351294    
  0.819999993      0.928207338    
  0.829999983      0.928207338    
  0.839999974      0.945595026    
  0.849999964      0.945595026    
  0.859999955      0.956957638    
  0.870000005      0.956957638    
  0.879999995      0.962688863    
  0.889999986      0.962688863    
  0.899999976      0.963051260    
  0.909999967      0.963051260    
  0.919999957      0.958127856    
  0.930000007      0.958127856    
  0.939999998      0.947810173    
  0.949999988      0.947810173    
  0.959999979      0.931825519    
  0.969999969      0.931825519    
  0.979999959      0.909798503    
  0.989999950      0.909798503    
   1.00000000      0.881339848    
