   9.99999978E-03  0.223203003    
   1.99999996E-02  0.155871436    
   2.99999993E-02  0.155871436    
   3.99999991E-02  0.103197537    
   4.99999970E-02  0.103197537    
   5.99999987E-02   6.45715520E-02
   7.00000003E-02   6.45715520E-02
   7.99999982E-02   3.80680375E-02
   8.99999961E-02   3.80680375E-02
   9.99999940E-02   2.10912079E-02
  0.109999999       2.10912079E-02
  0.119999997       1.09809227E-02
  0.129999995       1.09809227E-02
  0.140000001       5.44626359E-03
  0.149999991       5.44626359E-03
  0.159999996       2.78779166E-03
  0.170000002       2.78779166E-03
  0.179999992       1.94924627E-03
  0.189999998       1.94924627E-03
  0.199999988       2.47811573E-03
  0.209999993       2.47811573E-03
  0.219999999       4.47106734E-03
  0.229999989       4.47106734E-03
  0.239999995       8.54855962E-03
  0.250000000       8.54855962E-03
  0.259999990       1.58607978E-02
  0.269999981       1.58607978E-02
  0.280000001       2.80886944E-02
  0.289999992       2.80886944E-02
  0.299999982       4.73786555E-02
  0.310000002       4.73786555E-02
  0.319999993       7.61474147E-02
  0.329999983       7.61474147E-02
  0.340000004      0.116719425    
  0.349999994      0.116719425    
  0.359999985      0.170815587    
  0.370000005      0.170815587    
  0.379999995      0.238985568    
  0.389999986      0.238985568    
  0.399999976      0.320140272    
  0.409999996      0.320140272    
  0.419999987      0.411360741    
  0.429999977      0.411360741    
  0.439999998      0.508109689    
  0.449999988      0.508109689    
  0.459999979      0.604858637    
  0.469999999      0.604858637    
  0.479999989      0.695998907    
  0.489999980      0.695998907    
  0.500000000      0.776797056    
  0.509999990      0.776797056    
  0.519999981      0.844128668    
  0.529999971      0.844128668    
  0.539999962      0.896802485    
  0.550000012      0.896802485    
  0.560000002      0.935428441    
  0.569999993      0.935428441    
  0.579999983      0.961932063    
  0.589999974      0.961932063    
  0.599999964      0.978908896    
  0.610000014      0.978908896    
  0.620000005      0.989019156    
  0.629999995      0.989019156    
  0.639999986      0.994553804    
  0.649999976      0.994553804    
  0.659999967      0.997212172    
  0.669999957      0.997212172    
  0.680000007      0.998050749    
  0.689999998      0.998050749    
  0.699999988      0.997521877    
  0.709999979      0.997521877    
  0.719999969      0.995528936    
  0.729999959      0.995528936    
  0.740000010      0.991451502    
  0.750000000      0.991451502    
  0.759999990      0.984139264    
  0.769999981      0.984139264    
  0.779999971      0.971911430    
  0.789999962      0.971911430    
  0.799999952      0.952621341    
  0.810000002      0.952621341    
  0.819999993      0.923852563    
  0.829999983      0.923852563    
  0.839999974      0.883280516    
  0.849999964      0.883280516    
  0.859999955      0.829184413    
  0.870000005      0.829184413    
  0.879999995      0.761014402    
  0.889999986      0.761014402    
  0.899999976      0.679859757    
  0.909999967      0.679859757    
  0.919999957      0.588639438    
  0.930000007      0.588639438    
  0.939999998      0.491890430    
  0.949999988      0.491890430    
  0.959999979      0.395141423    
  0.969999969      0.395141423    
  0.979999959      0.304001093    
  0.989999950      0.304001093    
   1.00000000      0.223203003    
