   9.99999978E-03  -14309.0771    
   1.99999996E-02  -7531.57764    
   2.99999993E-02   10358.6533    
   3.99999991E-02   148.116211    
   4.99999970E-02  -4052.36865    
   5.99999987E-02   12187.2520    
   7.00000003E-02  -4113.29248    
   7.99999982E-02  -19810.3750    
   8.99999961E-02   14735.7832    
   9.99999940E-02   17009.3047    
  0.109999999      -27008.2402    
  0.119999997      -4630.52832    
  0.129999995       37394.0039    
  0.140000001      -12960.5918    
  0.149999991      -41698.6250    
  0.159999996       31902.5605    
  0.170000002       38590.4531    
  0.179999992      -49720.1250    
  0.189999998      -30305.9551    
  0.199999988       64529.9062    
  0.209999993       20355.8027    
  0.219999999      -75200.2422    
  0.229999989      -11579.1758    
  0.239999995       81938.8594    
  0.250000000       6124.55664    
  0.259999990      -85490.4062    
  0.269999981      -5526.83594    
  0.280000001       86088.1406    
  0.289999992       10273.8477    
  0.299999982      -83244.1641    
  0.310000002      -19623.1152    
  0.319999993       75932.8906    
  0.329999983       31758.7852    
  0.340000004      -63077.0469    
  0.349999994      -43662.8711    
  0.359999985       44647.6953    
  0.370000005       51335.5781    
  0.379999995      -22265.6094    
  0.389999986      -51003.6328    
  0.399999976      -649.027344    
  0.409999996       41375.5078    
  0.419999987       18997.7930    
  0.429999977      -25019.7559    
  0.439999998      -27293.2773    
  0.449999988       7252.87988    
  0.459999979       22949.9668    
  0.469999999       6649.42383    
  0.479999989      -9590.20508    
  0.489999980      -13790.6963    
  0.500000000      -3580.15381    
  0.509999990       14310.0781    
  0.519999981       7532.57568    
  0.529999971      -10357.6523    
  0.539999962      -147.116943    
  0.550000012       4053.36499    
  0.560000002      -12186.2529    
  0.569999993       4114.29932    
  0.579999983       19811.3750    
  0.589999974      -14734.7930    
  0.599999964      -17008.3066    
  0.610000014       27009.2539    
  0.620000005       4631.52539    
  0.629999995      -37393.0195    
  0.639999986       12961.5996    
  0.649999976       41699.6328    
  0.659999967      -31901.5645    
  0.669999957      -38589.4570    
  0.680000007       49721.1328    
  0.689999998       30306.9434    
  0.699999988      -64528.9219    
  0.709999979      -20354.7832    
  0.719999969       75201.2500    
  0.729999959       11580.1680    
  0.740000010      -81937.8750    
  0.750000000      -6123.55859    
  0.759999990       85491.4141    
  0.769999981       5527.83398    
  0.779999971      -86087.1250    
  0.789999962      -10272.8516    
  0.799999952       83245.1719    
  0.810000002       19624.1230    
  0.819999993      -75931.9062    
  0.829999983      -31757.7988    
  0.839999974       63078.0547    
  0.849999964       43663.8789    
  0.859999955      -44646.6875    
  0.870000005      -51334.5859    
  0.879999995       22266.6016    
  0.889999986       51004.6367    
  0.899999976       650.023438    
  0.909999967      -41374.5117    
  0.919999957      -18996.7871    
  0.930000007       25020.7617    
  0.939999998       27294.2773    
  0.949999988      -7251.88477    
  0.959999979      -22948.9688    
  0.969999969      -6648.42139    
  0.979999959       9591.20312    
  0.989999950       13791.6953    
   1.00000000       3581.15674    
