   9.99999978E-03  0.683413446    
   1.99999996E-02  0.683413446    
   2.99999993E-02  0.614054978    
   3.99999991E-02  0.614054978    
   4.99999970E-02  0.540633500    
   5.99999987E-02  0.540633500    
   7.00000003E-02  0.465580791    
   7.99999982E-02  0.465580791    
   8.99999961E-02  0.391517609    
   9.99999940E-02  0.391517609    
  0.109999999      0.320986211    
  0.119999997      0.320986211    
  0.129999995      0.256192356    
  0.140000001      0.256192356    
  0.149999991      0.198802292    
  0.159999996      0.198802292    
  0.170000002      0.149826199    
  0.179999992      0.149826199    
  0.189999998      0.109603077    
  0.199999988      0.109603077    
  0.209999993       7.78811872E-02
  0.219999999       7.78811872E-02
  0.229999989       5.39705940E-02
  0.239999995       5.39705940E-02
  0.250000000       3.69356796E-02
  0.259999990       3.69356796E-02
  0.269999981       2.57935021E-02
  0.280000001       2.57935021E-02
  0.289999992       1.96894985E-02
  0.299999982       1.96894985E-02
  0.310000002       1.80313960E-02
  0.319999993       1.80313960E-02
  0.329999983       2.05715261E-02
  0.340000004       2.05715261E-02
  0.349999994       2.74349265E-02
  0.359999985       2.74349265E-02
  0.370000005       3.90946940E-02
  0.379999995       3.90946940E-02
  0.389999986       5.62978946E-02
  0.399999976       5.62978946E-02
  0.409999996       7.99468979E-02
  0.419999987       7.99468979E-02
  0.429999977      0.110944055    
  0.439999998      0.110944055    
  0.449999988      0.150013015    
  0.459999979      0.150013015    
  0.469999999      0.197517112    
  0.479999989      0.197517112    
  0.489999980      0.253301173    
  0.500000000      0.253301173    
  0.509999990      0.316586673    
  0.519999981      0.316586673    
  0.529999971      0.385945171    
  0.539999962      0.385945171    
  0.550000012      0.459366620    
  0.560000002      0.459366620    
  0.569999993      0.534419358    
  0.579999983      0.534419358    
  0.589999974      0.608482480    
  0.599999964      0.608482480    
  0.610000014      0.679014027    
  0.620000005      0.679014027    
  0.629999995      0.743807852    
  0.639999986      0.743807852    
  0.649999976      0.801197886    
  0.659999967      0.801197886    
  0.669999957      0.850173950    
  0.680000007      0.850173950    
  0.689999998      0.890397012    
  0.699999988      0.890397012    
  0.709999979      0.922118902    
  0.719999969      0.922118902    
  0.729999959      0.946029425    
  0.740000010      0.946029425    
  0.750000000      0.963064313    
  0.759999990      0.963064313    
  0.769999981      0.974206448    
  0.779999971      0.974206448    
  0.789999962      0.980310380    
  0.799999952      0.980310380    
  0.810000002      0.981968522    
  0.819999993      0.981968522    
  0.829999983      0.979428411    
  0.839999974      0.979428411    
  0.849999964      0.972564995    
  0.859999955      0.972564995    
  0.870000005      0.960905254    
  0.879999995      0.960905254    
  0.889999986      0.943702042    
  0.899999976      0.943702042    
  0.909999967      0.920053005    
  0.919999957      0.920053005    
  0.930000007      0.889055789    
  0.939999998      0.889055789    
  0.949999988      0.849986851    
  0.959999979      0.849986851    
  0.969999969      0.802482843    
  0.979999959      0.802482843    
  0.989999950      0.746698856    
   1.00000000      0.746698856    
