   9.99999978E-03  0.898720086    
   1.99999996E-02  0.868445992    
   2.99999993E-02  0.868445992    
   3.99999991E-02  0.831553817    
   4.99999970E-02  0.831553817    
   5.99999987E-02  0.788066983    
   7.00000003E-02  0.788066983    
   7.99999982E-02  0.738299668    
   8.99999961E-02  0.738299668    
   9.99999940E-02  0.682906687    
  0.109999999      0.682906687    
  0.119999997      0.622895956    
  0.129999995      0.622895956    
  0.140000001      0.559597135    
  0.149999991      0.559597135    
  0.159999996      0.494587719    
  0.170000002      0.494587719    
  0.179999992      0.429585904    
  0.189999998      0.429585904    
  0.199999988      0.366322786    
  0.209999993      0.366322786    
  0.219999999      0.306411803    
  0.229999989      0.306411803    
  0.239999995      0.251233488    
  0.250000000      0.251233488    
  0.259999990      0.201851249    
  0.269999981      0.201851249    
  0.280000001      0.158968523    
  0.289999992      0.158968523    
  0.299999982      0.122931875    
  0.310000002      0.122931875    
  0.319999993       9.37756374E-02
  0.329999983       9.37756374E-02
  0.340000004       7.12998882E-02
  0.349999994       7.12998882E-02
  0.359999985       5.51674664E-02
  0.370000005       5.51674664E-02
  0.379999995       4.50051576E-02
  0.389999986       4.50051576E-02
  0.399999976       4.04944830E-02
  0.409999996       4.04944830E-02
  0.419999987       4.14398387E-02
  0.429999977       4.14398387E-02
  0.439999998       4.78057489E-02
  0.449999988       4.78057489E-02
  0.459999979       5.97190261E-02
  0.469999999       5.97190261E-02
  0.479999989       7.74361044E-02
  0.489999980       7.74361044E-02
  0.500000000      0.101279885    
  0.509999990      0.101279885    
  0.519999981      0.131554067    
  0.529999971      0.131554067    
  0.539999962      0.168446332    
  0.550000012      0.168446332    
  0.560000002      0.211933151    
  0.569999993      0.211933151    
  0.579999983      0.261700511    
  0.589999974      0.261700511    
  0.599999964      0.317093492    
  0.610000014      0.317093492    
  0.620000005      0.377104163    
  0.629999995      0.377104163    
  0.639999986      0.440402985    
  0.649999976      0.440402985    
  0.659999967      0.505412400    
  0.669999957      0.505412400    
  0.680000007      0.570414245    
  0.689999998      0.570414245    
  0.699999988      0.633677363    
  0.709999979      0.633677363    
  0.719999969      0.693588436    
  0.729999959      0.693588436    
  0.740000010      0.748766780    
  0.750000000      0.748766780    
  0.759999990      0.798149049    
  0.769999981      0.798149049    
  0.779999971      0.841031611    
  0.789999962      0.841031611    
  0.799999952      0.877068281    
  0.810000002      0.877068281    
  0.819999993      0.906224489    
  0.829999983      0.906224489    
  0.839999974      0.928700209    
  0.849999964      0.928700209    
  0.859999955      0.944832504    
  0.870000005      0.944832504    
  0.879999995      0.954994678    
  0.889999986      0.954994678    
  0.899999976      0.959505439    
  0.909999967      0.959505439    
  0.919999957      0.958560109    
  0.930000007      0.958560109    
  0.939999998      0.952194214    
  0.949999988      0.952194214    
  0.959999979      0.940280974    
  0.969999969      0.940280974    
  0.979999959      0.922563910    
  0.989999950      0.922563910    
   1.00000000      0.898720086    
