   9.99999978E-03   0.00000000    
   1.99999996E-02   0.00000000    
   2.99999993E-02   0.00000000    
   3.99999991E-02   0.00000000    
   4.99999970E-02   0.00000000    
   5.99999987E-02   0.00000000    
   7.00000003E-02   0.00000000    
   7.99999982E-02   0.00000000    
   8.99999961E-02   0.00000000    
   9.99999940E-02   0.00000000    
  0.109999999       0.00000000    
  0.119999997       4.07820465E-07
  0.129999995       4.07820465E-07
  0.140000001       1.06033322E-05
  0.149999991       1.06033322E-05
  0.159999996       1.29550957E-04
  0.170000002       1.29550957E-04
  0.179999992       9.88617190E-04
  0.189999998       9.88617190E-04
  0.199999988       5.28394897E-03
  0.209999993       5.28394897E-03
  0.219999999       2.10334975E-02
  0.229999989       2.10334975E-02
  0.239999995       6.47822395E-02
  0.250000000       6.47822395E-02
  0.259999990      0.158529550    
  0.269999981      0.158529550    
  0.280000001      0.314775050    
  0.289999992      0.314775050    
  0.299999982      0.517315507    
  0.310000002      0.517315507    
  0.319999993      0.719856024    
  0.329999983      0.719856024    
  0.340000004      0.873295784    
  0.349999994      0.873295784    
  0.359999985      0.958540082    
  0.370000005      0.958540082    
  0.379999995      0.991326392    
  0.389999986      0.991326392    
  0.399999976      0.999132633    
  0.409999996      0.999132633    
  0.419999987       1.00000000    
  0.429999977       1.00000000    
  0.439999998       1.00000000    
  0.449999988       1.00000000    
  0.459999979       1.00000000    
  0.469999999       1.00000000    
  0.479999989       1.00000000    
  0.489999980       1.00000000    
  0.500000000       1.00000000    
  0.509999990       1.00000000    
  0.519999981       1.00000000    
  0.529999971       1.00000000    
  0.539999962       1.00000000    
  0.550000012       1.00000000    
  0.560000002       1.00000000    
  0.569999993       1.00000000    
  0.579999983       1.00000000    
  0.589999974       1.00000000    
  0.599999964       1.00000000    
  0.610000014       1.00000000    
  0.620000005      0.999999583    
  0.629999995      0.999999583    
  0.639999986      0.999989390    
  0.649999976      0.999989390    
  0.659999967      0.999870420    
  0.669999957      0.999870420    
  0.680000007      0.999011338    
  0.689999998      0.999011338    
  0.699999988      0.994716048    
  0.709999979      0.994716048    
  0.719999969      0.978966475    
  0.729999959      0.978966475    
  0.740000010      0.935217738    
  0.750000000      0.935217738    
  0.759999990      0.841470420    
  0.769999981      0.841470420    
  0.779999971      0.685224950    
  0.789999962      0.685224950    
  0.799999952      0.482684463    
  0.810000002      0.482684463    
  0.819999993      0.280143976    
  0.829999983      0.280143976    
  0.839999974      0.126704201    
  0.849999964      0.126704201    
  0.859999955       4.14598882E-02
  0.870000005       4.14598882E-02
  0.879999995       8.67361762E-03
  0.889999986       8.67361762E-03
  0.899999976       8.67361727E-04
  0.909999967       8.67361727E-04
  0.919999957       0.00000000    
  0.930000007       0.00000000    
  0.939999998       0.00000000    
  0.949999988       0.00000000    
  0.959999979       0.00000000    
  0.969999969       0.00000000    
  0.979999959       0.00000000    
  0.989999950       0.00000000    
   1.00000000       0.00000000    
