   9.99999978E-03   0.00000000    
   1.99999996E-02   0.00000000    
   2.99999993E-02   0.00000000    
   3.99999991E-02   0.00000000    
   4.99999970E-02   0.00000000    
   5.99999987E-02   0.00000000    
   7.00000003E-02   0.00000000    
   7.99999982E-02   0.00000000    
   8.99999961E-02   0.00000000    
   9.99999940E-02   0.00000000    
  0.109999999       0.00000000    
  0.119999997       0.00000000    
  0.129999995       0.00000000    
  0.140000001       0.00000000    
  0.149999991       0.00000000    
  0.159999996       2.06226250E-05
  0.170000002       2.06226250E-05
  0.179999992       3.98704084E-04
  0.189999998       3.98704084E-04
  0.199999988       3.54938302E-03
  0.209999993       3.54938302E-03
  0.219999999       1.93027779E-02
  0.229999989       1.93027779E-02
  0.239999995       7.18140900E-02
  0.250000000       7.18140900E-02
  0.259999990      0.194340467    
  0.269999981      0.194340467    
  0.280000001      0.398551166    
  0.289999992      0.398551166    
  0.299999982      0.641659081    
  0.310000002      0.641659081    
  0.319999993      0.844249010    
  0.329999983      0.844249010    
  0.340000004      0.956798971    
  0.349999994      0.956798971    
  0.359999985      0.994315624    
  0.370000005      0.994315624    
  0.379999995       1.00000000    
  0.389999986       1.00000000    
  0.399999976       1.00000000    
  0.409999996       1.00000000    
  0.419999987       1.00000000    
  0.429999977       1.00000000    
  0.439999998       1.00000000    
  0.449999988       1.00000000    
  0.459999979       1.00000000    
  0.469999999       1.00000000    
  0.479999989       1.00000000    
  0.489999980       1.00000000    
  0.500000000       1.00000000    
  0.509999990       1.00000000    
  0.519999981       1.00000000    
  0.529999971       1.00000000    
  0.539999962       1.00000000    
  0.550000012       1.00000000    
  0.560000002       1.00000000    
  0.569999993       1.00000000    
  0.579999983       1.00000000    
  0.589999974       1.00000000    
  0.599999964       1.00000000    
  0.610000014       1.00000000    
  0.620000005       1.00000000    
  0.629999995       1.00000000    
  0.639999986       1.00000000    
  0.649999976       1.00000000    
  0.659999967      0.999979377    
  0.669999957      0.999979377    
  0.680000007      0.999601305    
  0.689999998      0.999601305    
  0.699999988      0.996450603    
  0.709999979      0.996450603    
  0.719999969      0.980697215    
  0.729999959      0.980697215    
  0.740000010      0.928185940    
  0.750000000      0.928185940    
  0.759999990      0.805659533    
  0.769999981      0.805659533    
  0.779999971      0.601448894    
  0.789999962      0.601448894    
  0.799999952      0.358340919    
  0.810000002      0.358340919    
  0.819999993      0.155750960    
  0.829999983      0.155750960    
  0.839999974       4.32009995E-02
  0.849999964       4.32009995E-02
  0.859999955       5.68434177E-03
  0.870000005       5.68434177E-03
  0.879999995       0.00000000    
  0.889999986       0.00000000    
  0.899999976       0.00000000    
  0.909999967       0.00000000    
  0.919999957       0.00000000    
  0.930000007       0.00000000    
  0.939999998       0.00000000    
  0.949999988       0.00000000    
  0.959999979       0.00000000    
  0.969999969       0.00000000    
  0.979999959       0.00000000    
  0.989999950       0.00000000    
   1.00000000       0.00000000    
