   9.99999978E-03   171784.844    
   1.99999996E-02  -64482.0938    
   2.99999993E-02  -136472.000    
   3.99999991E-02   69398.2188    
   4.99999970E-02   20879.2227    
   5.99999987E-02  -97437.6875    
   7.00000003E-02   122611.953    
   7.99999982E-02   105036.289    
   8.99999961E-02  -242294.922    
   9.99999940E-02  -52494.4297    
  0.109999999       311911.875    
  0.119999997      -67875.6953    
  0.129999995      -330570.188    
  0.140000001       227889.625    
  0.149999991       306474.219    
  0.159999996      -385964.812    
  0.170000002      -246480.906    
  0.179999992       514418.906    
  0.189999998       160229.422    
  0.199999988      -607925.938    
  0.209999993      -66284.5469    
  0.219999999       672770.375    
  0.229999989      -12357.6875    
  0.239999995      -715086.812    
  0.250000000       58643.5000    
  0.259999990       738507.188    
  0.269999981      -64882.5625    
  0.280000001      -744746.250    
  0.289999992       28983.8438    
  0.299999982       731712.812    
  0.310000002       46585.0000    
  0.319999993      -692469.688    
  0.329999983      -150828.375    
  0.340000004       617326.812    
  0.349999994       263137.375    
  0.359999985      -497762.188    
  0.370000005      -358278.188    
  0.379999995       334160.688    
  0.389999986       412745.188    
  0.399999976      -145714.641    
  0.409999996      -408409.125    
  0.419999987      -28621.5391    
  0.429999977       335784.812    
  0.439999998       145984.281    
  0.449999988      -201346.953    
  0.459999979      -183771.312    
  0.469999999       36278.3438    
  0.479999989       154595.344    
  0.489999980       106076.336    
  0.500000000      -99793.9531    
  0.509999990      -171783.812    
  0.519999981       64483.0977    
  0.529999971       136472.969    
  0.539999962      -69397.2344    
  0.550000012      -20878.1973    
  0.560000002       97438.7109    
  0.569999993      -122611.000    
  0.579999983      -105035.273    
  0.589999974       242296.000    
  0.599999964       52495.4141    
  0.610000014      -311911.000    
  0.620000005       67876.7422    
  0.629999995       330571.375    
  0.639999986      -227888.719    
  0.649999976      -306473.250    
  0.659999967       385965.906    
  0.669999957       246481.844    
  0.680000007      -514417.969    
  0.689999998      -160228.406    
  0.699999988       607927.000    
  0.709999979       66285.4062    
  0.719999969      -672769.375    
  0.729999959       12358.7812    
  0.740000010       715087.875    
  0.750000000      -58642.5625    
  0.759999990      -738506.250    
  0.769999981       64883.7188    
  0.779999971       744747.375    
  0.789999962      -28982.8438    
  0.799999952      -731712.000    
  0.810000002      -46584.0312    
  0.819999993       692470.688    
  0.829999983       150829.406    
  0.839999974      -617325.750    
  0.849999964      -263136.438    
  0.859999955       497763.219    
  0.870000005       358279.312    
  0.879999995      -334159.688    
  0.889999986      -412744.250    
  0.899999976       145715.641    
  0.909999967       408410.125    
  0.919999957       28622.5000    
  0.930000007      -335783.844    
  0.939999998      -145983.281    
  0.949999988       201348.000    
  0.959999979       183772.312    
  0.969999969      -36277.3516    
  0.979999959      -154594.344    
  0.989999950      -106075.320    
   1.00000000       99794.9375    
