   9.99999978E-03  -14061.9600    
   1.99999996E-02  -1495.43164    
   2.99999993E-02   10082.6240    
   3.99999991E-02  -2599.54785    
   4.99999970E-02  -908.032104    
   5.99999987E-02   9977.79785    
   7.00000003E-02  -9745.84668    
   7.99999982E-02  -12552.4189    
   8.99999961E-02   19285.9727    
   9.99999940E-02   5648.33691    
  0.109999999      -26157.8984    
  0.119999997       9049.70215    
  0.129999995       28563.0234    
  0.140000001      -26274.2227    
  0.149999991      -24691.4980    
  0.159999996       41754.2930    
  0.170000002       14715.4307    
  0.179999992      -53745.8047    
  0.189999998      -1387.28516    
  0.199999988       61928.8750    
  0.209999993      -11791.4062    
  0.219999999      -66659.9609    
  0.229999989       22369.7109    
  0.239999995       69135.5859    
  0.250000000      -28843.3652    
  0.259999990      -70736.1094    
  0.269999981       30173.8398    
  0.280000001       72066.5938    
  0.289999992      -25912.3555    
  0.299999982      -72678.2188    
  0.310000002       16351.4277    
  0.319999993       71219.9531    
  0.329999983      -2500.31641    
  0.340000004      -65816.4531    
  0.349999994      -13457.9375    
  0.359999985       55003.2812    
  0.370000005       27964.4121    
  0.379999995      -38481.3711    
  0.389999986      -36898.6367    
  0.399999976       17938.6172    
  0.409999996       37451.9375    
  0.419999987       2244.33301    
  0.429999977      -29561.9062    
  0.439999998      -15924.2695    
  0.449999988       15914.1221    
  0.459999979       18720.6992    
  0.469999999      -1002.94727    
  0.479999989      -11888.7861    
  0.489999980      -10197.2734    
  0.500000000       2484.90479    
  0.509999990       14062.9600    
  0.519999981       1496.43018    
  0.529999971      -10081.6230    
  0.539999962       2600.54614    
  0.550000012       909.029297    
  0.560000002      -9976.79688    
  0.569999993       9746.85254    
  0.579999983       12553.4160    
  0.589999974      -19284.9805    
  0.599999964      -5647.33398    
  0.610000014       26158.9102    
  0.620000005      -9048.71094    
  0.629999995      -28562.0332    
  0.639999986       26275.2324    
  0.649999976       24692.5000    
  0.659999967      -41753.2969    
  0.669999957      -14714.4287    
  0.680000007       53746.8086    
  0.689999998       1388.27148    
  0.699999988      -61927.8828    
  0.709999979       11792.4277    
  0.719999969       66660.9609    
  0.729999959      -22368.7227    
  0.740000010      -69134.6016    
  0.750000000       28844.3711    
  0.759999990       70737.1094    
  0.769999981      -30172.8379    
  0.779999971      -72065.5781    
  0.789999962       25913.3516    
  0.799999952       72679.2266    
  0.810000002      -16350.4238    
  0.819999993      -71218.9688    
  0.829999983       2501.31055    
  0.839999974       65817.4609    
  0.849999964       13458.9434    
  0.859999955      -55002.2812    
  0.870000005      -27963.4238    
  0.879999995       38482.3672    
  0.889999986       36899.6406    
  0.899999976      -17937.6211    
  0.909999967      -37450.9375    
  0.919999957      -2243.32617    
  0.930000007       29562.9102    
  0.939999998       15925.2686    
  0.949999988      -15913.1270    
  0.959999979      -18719.6992    
  0.969999969       1003.94971    
  0.979999959       11889.7842    
  0.989999950       10198.2734    
   1.00000000      -2483.90186    
