   9.99999978E-03  0.177682996    
   1.99999996E-02  0.177682996    
   2.99999993E-02  0.119518802    
   3.99999991E-02  0.119518802    
   4.99999970E-02   7.59954378E-02
   5.99999987E-02   7.59954378E-02
   7.00000003E-02   4.55317385E-02
   7.99999982E-02   4.55317385E-02
   8.99999961E-02   2.56285369E-02
   9.99999940E-02   2.56285369E-02
  0.109999999       1.35289915E-02
  0.119999997       1.35289915E-02
  0.129999995       6.73414208E-03
  0.140000001       6.73414208E-03
  0.149999991       3.29979975E-03
  0.159999996       3.29979975E-03
  0.170000002       1.93444430E-03
  0.179999992       1.93444430E-03
  0.189999998       1.97391608E-03
  0.199999988       1.97391608E-03
  0.209999993       3.31844855E-03
  0.219999999       3.31844855E-03
  0.229999989       6.39209896E-03
  0.239999995       6.39209896E-03
  0.250000000       1.21426620E-02
  0.259999990       1.21426620E-02
  0.269999981       2.20576953E-02
  0.280000001       2.20576953E-02
  0.289999992       3.81403565E-02
  0.299999982       3.81403565E-02
  0.310000002       6.27758205E-02
  0.319999993       6.27758205E-02
  0.329999983       9.84334052E-02
  0.340000004       9.84334052E-02
  0.349999994      0.147196114    
  0.359999985      0.147196114    
  0.370000005      0.210181355    
  0.379999995      0.210181355    
  0.389999986      0.286992580    
  0.399999976      0.286992580    
  0.409999996      0.375386477    
  0.419999987      0.375386477    
  0.429999977      0.471317828    
  0.439999998      0.471317828    
  0.449999988      0.569429457    
  0.459999979      0.569429457    
  0.469999999      0.663907290    
  0.479999989      0.663907290    
  0.489999980      0.749485075    
  0.500000000      0.749485075    
  0.509999990      0.822317064    
  0.519999981      0.822317064    
  0.529999971      0.880481303    
  0.539999962      0.880481303    
  0.550000012      0.924004555    
  0.560000002      0.924004555    
  0.569999993      0.954468310    
  0.579999983      0.954468310    
  0.589999974      0.974371552    
  0.599999964      0.974371552    
  0.610000014      0.986471057    
  0.620000005      0.986471057    
  0.629999995      0.993265927    
  0.639999986      0.993265927    
  0.649999976      0.996700168    
  0.659999967      0.996700168    
  0.669999957      0.998065472    
  0.680000007      0.998065472    
  0.689999998      0.998026073    
  0.699999988      0.998026073    
  0.709999979      0.996681571    
  0.719999969      0.996681571    
  0.729999959      0.993607938    
  0.740000010      0.993607938    
  0.750000000      0.987857401    
  0.759999990      0.987857401    
  0.769999981      0.977942407    
  0.779999971      0.977942407    
  0.789999962      0.961859703    
  0.799999952      0.961859703    
  0.810000002      0.937224150    
  0.819999993      0.937224150    
  0.829999983      0.901566505    
  0.839999974      0.901566505    
  0.849999964      0.852803826    
  0.859999955      0.852803826    
  0.870000005      0.789818585    
  0.879999995      0.789818585    
  0.889999986      0.713007450    
  0.899999976      0.713007450    
  0.909999967      0.624613643    
  0.919999957      0.624613643    
  0.930000007      0.528682292    
  0.939999998      0.528682292    
  0.949999988      0.430570632    
  0.959999979      0.430570632    
  0.969999969      0.336092740    
  0.979999959      0.336092740    
  0.989999950      0.250515014    
   1.00000000      0.250515014    
