   9.99999978E-03   3.11085619E-02
   1.99999996E-02   3.11085619E-02
   2.99999993E-02   1.46637205E-02
   3.99999991E-02   1.46637205E-02
   4.99999970E-02   6.23099972E-03
   5.99999987E-02   6.23099972E-03
   7.00000003E-02   2.36813398E-03
   7.99999982E-02   2.36813398E-03
   8.99999961E-02   8.05663294E-04
   9.99999940E-02   8.05663294E-04
  0.109999999       2.73765501E-04
  0.119999997       2.73765501E-04
  0.129999995       1.89175757E-04
  0.140000001       1.89175757E-04
  0.149999991       3.94023693E-04
  0.159999996       3.94023693E-04
  0.170000002       1.03214930E-03
  0.179999992       1.03214930E-03
  0.189999998       2.57404987E-03
  0.199999988       2.57404987E-03
  0.209999993       5.96537581E-03
  0.219999999       5.96537581E-03
  0.229999989       1.28468359E-02
  0.239999995       1.28468359E-02
  0.250000000       2.57496219E-02
  0.259999990       2.57496219E-02
  0.269999981       4.81144488E-02
  0.280000001       4.81144488E-02
  0.289999992       8.39555264E-02
  0.299999982       8.39555264E-02
  0.310000002      0.137053415    
  0.319999993      0.137053415    
  0.329999983      0.209746957    
  0.340000004      0.209746957    
  0.349999994      0.301658362    
  0.359999985      0.301658362    
  0.370000005      0.408888340    
  0.379999995      0.408888340    
  0.389999986      0.524189353    
  0.399999976      0.524189353    
  0.409999996      0.638289332    
  0.419999987      0.638289332    
  0.429999977      0.742016613    
  0.439999998      0.742016613    
  0.449999988      0.828455985    
  0.459999979      0.828455985    
  0.469999999      0.894314528    
  0.479999989      0.894314528    
  0.489999980      0.940049589    
  0.500000000      0.940049589    
  0.509999990      0.968891501    
  0.519999981      0.968891501    
  0.529999971      0.985336304    
  0.539999962      0.985336304    
  0.550000012      0.993769050    
  0.560000002      0.993769050    
  0.569999993      0.997631848    
  0.579999983      0.997631848    
  0.589999974      0.999194264    
  0.599999964      0.999194264    
  0.610000014      0.999726176    
  0.620000005      0.999726176    
  0.629999995      0.999810815    
  0.639999986      0.999810815    
  0.649999976      0.999605954    
  0.659999967      0.999605954    
  0.669999957      0.998967886    
  0.680000007      0.998967886    
  0.689999998      0.997426033    
  0.699999988      0.997426033    
  0.709999979      0.994034767    
  0.719999969      0.994034767    
  0.729999959      0.987153292    
  0.740000010      0.987153292    
  0.750000000      0.974250317    
  0.759999990      0.974250317    
  0.769999981      0.951885462    
  0.779999971      0.951885462    
  0.789999962      0.916044414    
  0.799999952      0.916044414    
  0.810000002      0.862946510    
  0.819999993      0.862946510    
  0.829999983      0.790253043    
  0.839999974      0.790253043    
  0.849999964      0.698341727    
  0.859999955      0.698341727    
  0.870000005      0.591111720    
  0.879999995      0.591111720    
  0.889999986      0.475810707    
  0.899999976      0.475810707    
  0.909999967      0.361710757    
  0.919999957      0.361710757    
  0.930000007      0.257983536    
  0.939999998      0.257983536    
  0.949999988      0.171544164    
  0.959999979      0.171544164    
  0.969999969      0.105685614    
  0.979999959      0.105685614    
  0.989999950       5.99505007E-02
   1.00000000       5.99505007E-02
