   9.99999978E-03  0.154730111    
   1.99999996E-02  -1.88965630E-02
   2.99999993E-02  0.165179551    
   3.99999991E-02 -0.307061613    
   4.99999970E-02  0.528243065    
   5.99999987E-02 -0.679179192    
   7.00000003E-02  0.487386584    
   7.99999982E-02  0.368410259    
   8.99999961E-02  -1.80681050    
   9.99999940E-02   2.78149462    
  0.109999999      -1.47701025    
  0.119999997      -2.75693560    
  0.129999995       6.74645853    
  0.140000001      -4.38241959    
  0.149999991      -5.79768181    
  0.159999996       13.3079958    
  0.170000002      -4.10265112    
  0.179999992      -16.0648670    
  0.189999998       17.8798122    
  0.199999988       10.3891077    
  0.209999993      -29.2042027    
  0.219999999      -4.41684723E-02
  0.229999989       35.7273560    
  0.239999995      -9.54517078    
  0.250000000      -38.8727493    
  0.259999990       14.3942080    
  0.269999981       40.8083420    
  0.280000001      -12.4586229    
  0.289999992      -41.7861938    
  0.299999982       3.48633289    
  0.310000002       39.2578506    
  0.319999993       10.0978165    
  0.329999983      -29.4954891    
  0.340000004      -22.0047894    
  0.349999994       11.9398861    
  0.359999985       23.9021034    
  0.370000005       6.49145603    
  0.379999995      -12.6142225    
  0.389999986      -14.0294857    
  0.399999976      -2.90060449    
  0.409999996       6.60278988    
  0.419999987       7.88271427    
  0.429999977       3.62420845    
  0.439999998     -0.964098692    
  0.449999988      -3.13931775    
  0.459999979      -3.02033973    
  0.469999999      -1.85377264    
  0.479999989     -0.646352410    
  0.489999980      0.188952029    
  0.500000000      0.661194086    
  0.509999990      0.845269799    
  0.519999981       1.01889646    
  0.529999971      0.834820867    
  0.539999962       1.30706084    
  0.550000012      0.471756995    
  0.560000002       1.67917943    
  0.569999993      0.512613118    
  0.579999983      0.631589413    
  0.589999974       2.80681038    
  0.599999964      -1.78149283    
  0.610000014       2.47701025    
  0.620000005       3.75693107    
  0.629999995      -5.74645519    
  0.639999986       5.38242435    
  0.649999976       6.79767418    
  0.659999967      -12.3079967    
  0.669999957       5.10265779    
  0.680000007       17.0648613    
  0.689999998      -16.8798141    
  0.699999988      -9.38910866    
  0.709999979       30.2042007    
  0.719999969       1.04417133    
  0.729999959      -34.7273560    
  0.740000010       10.5451717    
  0.750000000       39.8727493    
  0.759999990      -13.3942184    
  0.769999981      -39.8083458    
  0.779999971       13.4586267    
  0.789999962       42.7861938    
  0.799999952      -2.48633671    
  0.810000002      -38.2578506    
  0.819999993      -9.09781456    
  0.829999983       30.4954891    
  0.839999974       23.0047836    
  0.849999964      -10.9398880    
  0.859999955      -22.9020996    
  0.870000005      -5.49145699    
  0.879999995       13.6142178    
  0.889999986       15.0294819    
  0.899999976       3.90060639    
  0.909999967      -5.60278797    
  0.919999957      -6.88271379    
  0.930000007      -2.62420917    
  0.939999998       1.96409559    
  0.949999988       4.13931608    
  0.959999979       4.02034044    
  0.969999969       2.85377455    
  0.979999959       1.64635217    
  0.989999950      0.811047375    
   1.00000000      0.338806212    
