   9.99999978E-03  0.932426453    
   1.99999996E-02  0.932426453    
   2.99999993E-02  0.929404855    
   3.99999991E-02  0.929404855    
   4.99999970E-02  0.920509815    
   5.99999987E-02  0.920509815    
   7.00000003E-02  0.905726731    
   7.99999982E-02  0.905726731    
   8.99999961E-02  0.885030508    
   9.99999940E-02  0.885030508    
  0.109999999      0.858421206    
  0.119999997      0.858421206    
  0.129999995      0.825969279    
  0.140000001      0.825969279    
  0.149999991      0.787863433    
  0.159999996      0.787863433    
  0.170000002      0.744452417    
  0.179999992      0.744452417    
  0.189999998      0.696275711    
  0.199999988      0.696275711    
  0.209999993      0.644075274    
  0.219999999      0.644075274    
  0.229999989      0.588787556    
  0.239999995      0.588787556    
  0.250000000      0.531513035    
  0.259999990      0.531513035    
  0.269999981      0.473466754    
  0.280000001      0.473466754    
  0.289999992      0.415915370    
  0.299999982      0.415915370    
  0.310000002      0.360106945    
  0.319999993      0.360106945    
  0.329999983      0.307203382    
  0.340000004      0.307203382    
  0.349999994      0.258221596    
  0.359999985      0.258221596    
  0.370000005      0.213992029    
  0.379999995      0.213992029    
  0.389999986      0.175137430    
  0.399999976      0.175137430    
  0.409999996      0.142074332    
  0.419999987      0.142074332    
  0.429999977      0.115034409    
  0.439999998      0.115034409    
  0.449999988       9.41020772E-02
  0.459999979       9.41020772E-02
  0.469999999       7.92612657E-02
  0.479999989       7.92612657E-02
  0.489999980       7.04440251E-02
  0.500000000       7.04440251E-02
  0.509999990       6.75735325E-02
  0.519999981       6.75735325E-02
  0.529999971       7.05949888E-02
  0.539999962       7.05949888E-02
  0.550000012       7.94901177E-02
  0.560000002       7.94901177E-02
  0.569999993       9.42732319E-02
  0.579999983       9.42732319E-02
  0.589999974      0.114969514    
  0.599999964      0.114969514    
  0.610000014      0.141578883    
  0.620000005      0.141578883    
  0.629999995      0.174030811    
  0.639999986      0.174030811    
  0.649999976      0.212136671    
  0.659999967      0.212136671    
  0.669999957      0.255547673    
  0.680000007      0.255547673    
  0.689999998      0.303724468    
  0.699999988      0.303724468    
  0.709999979      0.355924934    
  0.719999969      0.355924934    
  0.729999959      0.411212683    
  0.740000010      0.411212683    
  0.750000000      0.468487263    
  0.759999990      0.468487263    
  0.769999981      0.526533544    
  0.779999971      0.526533544    
  0.789999962      0.584084928    
  0.799999952      0.584084928    
  0.810000002      0.639893293    
  0.819999993      0.639893293    
  0.829999983      0.692796826    
  0.839999974      0.692796826    
  0.849999964      0.741778553    
  0.859999955      0.741778553    
  0.870000005      0.786008120    
  0.879999995      0.786008120    
  0.889999986      0.824862778    
  0.899999976      0.824862778    
  0.909999967      0.857925832    
  0.919999957      0.857925832    
  0.930000007      0.884965718    
  0.939999998      0.884965718    
  0.949999988      0.905897975    
  0.959999979      0.905897975    
  0.969999969      0.920738816    
  0.979999959      0.920738816    
  0.989999950      0.929556072    
   1.00000000      0.929556072    
