   9.99999978E-03  0.916806698    
   1.99999996E-02  0.892714977    
   2.99999993E-02  0.892714977    
   3.99999991E-02  0.862307787    
   4.99999970E-02  0.862307787    
   5.99999987E-02  0.825481653    
   7.00000003E-02  0.825481653    
   7.99999982E-02  0.782328486    
   8.99999961E-02  0.782328486    
   9.99999940E-02  0.733204126    
  0.109999999      0.733204126    
  0.119999997      0.678770185    
  0.129999995      0.678770185    
  0.140000001      0.620002687    
  0.149999991      0.620002687    
  0.159999996      0.558162093    
  0.170000002      0.558162093    
  0.179999992      0.494727790    
  0.189999998      0.494727790    
  0.199999988      0.431303024    
  0.209999993      0.431303024    
  0.219999999      0.369502783    
  0.229999989      0.369502783    
  0.239999995      0.310838997    
  0.250000000      0.310838997    
  0.259999990      0.256619245    
  0.269999981      0.256619245    
  0.280000001      0.207871243    
  0.289999992      0.207871243    
  0.299999982      0.165303230    
  0.310000002      0.165303230    
  0.319999993      0.129303575    
  0.329999983      0.129303575    
  0.340000004       9.99771059E-02
  0.349999994       9.99771059E-02
  0.359999985       7.72109330E-02
  0.370000005       7.72109330E-02
  0.379999995       6.07578680E-02
  0.389999986       6.07578680E-02
  0.399999976       5.03247231E-02
  0.409999996       5.03247231E-02
  0.419999987       4.56522703E-02
  0.429999977       4.56522703E-02
  0.439999998       4.65760976E-02
  0.449999988       4.65760976E-02
  0.459999979       5.30602746E-02
  0.469999999       5.30602746E-02
  0.479999989       6.52000234E-02
  0.489999980       6.52000234E-02
  0.500000000       8.31932798E-02
  0.509999990       8.31932798E-02
  0.519999981      0.107285075    
  0.529999971      0.107285075    
  0.539999962      0.137692213    
  0.550000012      0.137692213    
  0.560000002      0.174518436    
  0.569999993      0.174518436    
  0.579999983      0.217671618    
  0.589999974      0.217671618    
  0.599999964      0.266796052    
  0.610000014      0.266796052    
  0.620000005      0.321229964    
  0.629999995      0.321229964    
  0.639999986      0.379997492    
  0.649999976      0.379997492    
  0.659999967      0.441838056    
  0.669999957      0.441838056    
  0.680000007      0.505272329    
  0.689999998      0.505272329    
  0.699999988      0.568697155    
  0.709999979      0.568697155    
  0.719999969      0.630497456    
  0.729999959      0.630497456    
  0.740000010      0.689161241    
  0.750000000      0.689161241    
  0.759999990      0.743380964    
  0.769999981      0.743380964    
  0.779999971      0.792128861    
  0.789999962      0.792128861    
  0.799999952      0.834696889    
  0.810000002      0.834696889    
  0.819999993      0.870696545    
  0.829999983      0.870696545    
  0.839999974      0.900022984    
  0.849999964      0.900022984    
  0.859999955      0.922789097    
  0.870000005      0.922789097    
  0.879999995      0.939242065    
  0.889999986      0.939242065    
  0.899999976      0.949675083    
  0.909999967      0.949675083    
  0.919999957      0.954347551    
  0.930000007      0.954347551    
  0.939999998      0.953423798    
  0.949999988      0.953423798    
  0.959999979      0.946939707    
  0.969999969      0.946939707    
  0.979999959      0.934799850    
  0.989999950      0.934799850    
   1.00000000      0.916806698    
