   9.99999978E-03  0.934890151    
   1.99999996E-02  0.934890151    
   2.99999993E-02  0.926024675    
   3.99999991E-02  0.926024675    
   4.99999970E-02  0.911287189    
   5.99999987E-02  0.911287189    
   7.00000003E-02  0.890614510    
   7.99999982E-02  0.890614510    
   8.99999961E-02  0.863959551    
   9.99999940E-02  0.863959551    
  0.109999999      0.831344306    
  0.119999997      0.831344306    
  0.129999995      0.792914152    
  0.140000001      0.792914152    
  0.149999991      0.748987854    
  0.159999996      0.748987854    
  0.170000002      0.700092733    
  0.179999992      0.700092733    
  0.189999998      0.646980822    
  0.199999988      0.646980822    
  0.209999993      0.590620339    
  0.219999999      0.590620339    
  0.229999989      0.532162368    
  0.239999995      0.532162368    
  0.250000000      0.472886503    
  0.259999990      0.472886503    
  0.269999981      0.414130002    
  0.280000001      0.414130002    
  0.289999992      0.357209176    
  0.299999982      0.357209176    
  0.310000002      0.303343117    
  0.319999993      0.303343117    
  0.329999983      0.253588736    
  0.340000004      0.253588736    
  0.349999994      0.208794922    
  0.359999985      0.208794922    
  0.370000005      0.169580266    
  0.379999995      0.169580266    
  0.389999986      0.136336654    
  0.399999976      0.136336654    
  0.409999996      0.109255612    
  0.419999987      0.109255612    
  0.429999977       8.83727744E-02
  0.439999998       8.83727744E-02
  0.449999988       7.36223161E-02
  0.459999979       7.36223161E-02
  0.469999999       6.48931712E-02
  0.479999989       6.48931712E-02
  0.489999980       6.20782897E-02
  0.500000000       6.20782897E-02
  0.509999990       6.51097894E-02
  0.519999981       6.51097894E-02
  0.529999971       7.39752501E-02
  0.539999962       7.39752501E-02
  0.550000012       8.87126848E-02
  0.560000002       8.87126848E-02
  0.569999993      0.109385446    
  0.579999983      0.109385446    
  0.589999974      0.136040419    
  0.599999964      0.136040419    
  0.610000014      0.168655768    
  0.620000005      0.168655768    
  0.629999995      0.207085952    
  0.639999986      0.207085952    
  0.649999976      0.251012295    
  0.659999967      0.251012295    
  0.669999957      0.299907386    
  0.680000007      0.299907386    
  0.689999998      0.353019267    
  0.699999988      0.353019267    
  0.709999979      0.409379900    
  0.719999969      0.409379900    
  0.729999959      0.467837930    
  0.740000010      0.467837930    
  0.750000000      0.527113736    
  0.759999990      0.527113736    
  0.769999981      0.585870206    
  0.779999971      0.585870206    
  0.789999962      0.642791092    
  0.799999952      0.642791092    
  0.810000002      0.696657121    
  0.819999993      0.696657121    
  0.829999983      0.746411443    
  0.839999974      0.746411443    
  0.849999964      0.791205347    
  0.859999955      0.791205347    
  0.870000005      0.830420017    
  0.879999995      0.830420017    
  0.889999986      0.863663554    
  0.899999976      0.863663554    
  0.909999967      0.890744507    
  0.919999957      0.890744507    
  0.930000007      0.911627412    
  0.939999998      0.911627412    
  0.949999988      0.926377773    
  0.959999979      0.926377773    
  0.969999969      0.935106814    
  0.979999959      0.935106814    
  0.989999950      0.937921643    
   1.00000000      0.937921643    
