   9.99999978E-03  0.929782748    
   1.99999996E-02  0.929782748    
   2.99999993E-02  0.913683951    
   3.99999991E-02  0.913683951    
   4.99999970E-02  0.891602576    
   5.99999987E-02  0.891602576    
   7.00000003E-02  0.863433301    
   7.99999982E-02  0.863433301    
   8.99999961E-02  0.829152882    
   9.99999940E-02  0.829152882    
  0.109999999      0.788885713    
  0.119999997      0.788885713    
  0.129999995      0.742960334    
  0.140000001      0.742960334    
  0.149999991      0.691947937    
  0.159999996      0.691947937    
  0.170000002      0.636676311    
  0.179999992      0.636676311    
  0.189999998      0.578214586    
  0.199999988      0.578214586    
  0.209999993      0.517830133    
  0.219999999      0.517830133    
  0.229999989      0.456919163    
  0.239999995      0.456919163    
  0.250000000      0.396922082    
  0.259999990      0.396922082    
  0.269999981      0.339231968    
  0.280000001      0.339231968    
  0.289999992      0.285108507    
  0.299999982      0.285108507    
  0.310000002      0.235607907    
  0.319999993      0.235607907    
  0.329999983      0.191538364    
  0.340000004      0.191538364    
  0.349999994      0.153443709    
  0.359999985      0.153443709    
  0.370000005      0.121617809    
  0.379999995      0.121617809    
  0.389999986       9.61440951E-02
  0.399999976       9.61440951E-02
  0.409999996       7.69539475E-02
  0.419999987       7.69539475E-02
  0.429999977       6.38938025E-02
  0.439999998       6.38938025E-02
  0.449999988       5.67907691E-02
  0.459999979       5.67907691E-02
  0.469999999       5.55072688E-02
  0.479999989       5.55072688E-02
  0.489999980       5.99769466E-02
  0.500000000       5.99769466E-02
  0.509999990       7.02170804E-02
  0.519999981       7.02170804E-02
  0.529999971       8.63159969E-02
  0.539999962       8.63159969E-02
  0.550000012      0.108397387    
  0.560000002      0.108397387    
  0.569999993      0.136566728    
  0.579999983      0.136566728    
  0.589999974      0.170847178    
  0.599999964      0.170847178    
  0.610000014      0.211114347    
  0.620000005      0.211114347    
  0.629999995      0.257039756    
  0.639999986      0.257039756    
  0.649999976      0.308052212    
  0.659999967      0.308052212    
  0.669999957      0.363323957    
  0.680000007      0.363323957    
  0.689999998      0.421785593    
  0.699999988      0.421785593    
  0.709999979      0.482170045    
  0.719999969      0.482170045    
  0.729999959      0.543081045    
  0.740000010      0.543081045    
  0.750000000      0.603078127    
  0.759999990      0.603078127    
  0.769999981      0.660768211    
  0.779999971      0.660768211    
  0.789999962      0.714891732    
  0.799999952      0.714891732    
  0.810000002      0.764392316    
  0.819999993      0.764392316    
  0.829999983      0.808461785    
  0.839999974      0.808461785    
  0.849999964      0.846556485    
  0.859999955      0.846556485    
  0.870000005      0.878382325    
  0.879999995      0.878382325    
  0.889999986      0.903856039    
  0.899999976      0.903856039    
  0.909999967      0.923046052    
  0.919999957      0.923046052    
  0.930000007      0.936106145    
  0.939999998      0.936106145    
  0.949999988      0.943209171    
  0.959999979      0.943209171    
  0.969999969      0.944492698    
  0.979999959      0.944492698    
  0.989999950      0.940022945    
   1.00000000      0.940022945    
