   9.99999978E-03   173895.297    
   1.99999996E-02   206181.844    
   2.99999993E-02  -140223.328    
   3.99999991E-02  -96855.3281    
   4.99999970E-02   125108.523    
   5.99999987E-02  -98069.4297    
   7.00000003E-02  -105342.914    
   7.99999982E-02   289563.188    
   8.99999961E-02   40340.7656    
   9.99999940E-02  -408437.125    
  0.109999999       96428.0781    
  0.119999997       433634.969    
  0.129999995      -293408.500    
  0.140000001      -381861.000    
  0.149999991       505867.344    
  0.159999996       279082.656    
  0.170000002      -686566.312    
  0.179999992      -144986.562    
  0.189999998       814105.812    
  0.199999988      -1746.25000    
  0.209999993      -894980.438    
  0.219999999       136086.562    
  0.229999989       945642.875    
  0.239999995      -232259.375    
  0.250000000      -977739.938    
  0.259999990       274056.594    
  0.269999981       996184.875    
  0.280000001      -255611.562    
  0.289999992      -1001092.12    
  0.299999982       176809.594    
  0.310000002       986365.750    
  0.319999993      -44701.0312    
  0.329999983      -937934.938    
  0.340000004      -122082.906    
  0.349999994       837009.250    
  0.359999985       295429.500    
  0.370000005      -670219.125    
  0.379999995      -443434.375    
  0.389999986       444293.906    
  0.399999976       532746.312    
  0.409999996      -194297.156    
  0.419999987      -531504.125    
  0.429999977      -26638.8125    
  0.439999998       422139.031    
  0.449999988       172916.625    
  0.459999979      -221989.500    
  0.469999999      -229263.047    
  0.479999989      -6085.03125    
  0.489999980       215878.922    
  0.500000000       172510.875    
  0.509999990      -173894.312    
  0.519999981      -206180.781    
  0.529999971       140224.312    
  0.539999962       96856.2656    
  0.550000012      -125107.547    
  0.560000002       98070.4922    
  0.569999993       105343.922    
  0.579999983      -289562.250    
  0.589999974      -40339.7344    
  0.599999964       408438.219    
  0.610000014      -96427.1719    
  0.620000005      -433634.188    
  0.629999995       293409.688    
  0.639999986       381862.156    
  0.649999976      -505866.469    
  0.659999967      -279081.625    
  0.669999957       686567.375    
  0.680000007       144987.469    
  0.689999998      -814104.938    
  0.699999988       1747.40625    
  0.709999979       894981.438    
  0.719999969      -136085.750    
  0.729999959      -945641.812    
  0.740000010       232260.438    
  0.750000000       977741.062    
  0.759999990      -274055.719    
  0.769999981      -996183.875    
  0.779999971       255612.688    
  0.789999962       1001093.38    
  0.799999952      -176808.625    
  0.810000002      -986364.875    
  0.819999993       44701.8750    
  0.829999983       937935.875    
  0.839999974       122084.031    
  0.849999964      -837008.188    
  0.859999955      -295428.594    
  0.870000005       670220.188    
  0.879999995       443435.438    
  0.889999986      -444292.875    
  0.899999976      -532745.375    
  0.909999967       194298.188    
  0.919999957       531505.062    
  0.930000007       26639.7969    
  0.939999998      -422138.125    
  0.949999988      -172915.625    
  0.959999979       221990.531    
  0.969999969       229264.062    
  0.979999959       6086.01562    
  0.989999950      -215877.906    
   1.00000000      -172509.875    
