   9.99999978E-03  0.853356898    
   1.99999996E-02  0.853356898    
   2.99999993E-02  0.812132061    
   3.99999991E-02  0.812132061    
   4.99999970E-02  0.764096081    
   5.99999987E-02  0.764096081    
   7.00000003E-02  0.709742427    
   7.99999982E-02  0.709742427    
   8.99999961E-02  0.649967372    
   9.99999940E-02  0.649967372    
  0.109999999      0.586056232    
  0.119999997      0.586056232    
  0.129999995      0.519617915    
  0.140000001      0.519617915    
  0.149999991      0.452475101    
  0.159999996      0.452475101    
  0.170000002      0.386522144    
  0.179999992      0.386522144    
  0.189999998      0.323571742    
  0.199999988      0.323571742    
  0.209999993      0.265212327    
  0.219999999      0.265212327    
  0.229999989      0.212695986    
  0.239999995      0.212695986    
  0.250000000      0.166872770    
  0.259999990      0.166872770    
  0.269999981      0.128178343    
  0.280000001      0.128178343    
  0.289999992       9.66735929E-02
  0.299999982       9.66735929E-02
  0.310000002       7.21265301E-02
  0.319999993       7.21265301E-02
  0.329999983       5.41213974E-02
  0.340000004       5.41213974E-02
  0.349999994       4.21774872E-02
  0.359999985       4.21774872E-02
  0.370000005       3.58599164E-02
  0.379999995       3.58599164E-02
  0.389999986       3.48679014E-02
  0.399999976       3.48679014E-02
  0.409999996       3.90900970E-02
  0.419999987       3.90900970E-02
  0.429999977       4.86210138E-02
  0.439999998       4.86210138E-02
  0.449999988       6.37375116E-02
  0.459999979       6.37375116E-02
  0.469999999       8.48385096E-02
  0.479999989       8.48385096E-02
  0.489999980      0.112355337    
  0.500000000      0.112355337    
  0.509999990      0.146643221    
  0.519999981      0.146643221    
  0.529999971      0.187868044    
  0.539999962      0.187868044    
  0.550000012      0.235903978    
  0.560000002      0.235903978    
  0.569999993      0.290257633    
  0.579999983      0.290257633    
  0.589999974      0.350032687    
  0.599999964      0.350032687    
  0.610000014      0.413943887    
  0.620000005      0.413943887    
  0.629999995      0.480382204    
  0.639999986      0.480382204    
  0.649999976      0.547524989    
  0.659999967      0.547524989    
  0.669999957      0.613478005    
  0.680000007      0.613478005    
  0.689999998      0.676428437    
  0.699999988      0.676428437    
  0.709999979      0.734787822    
  0.719999969      0.734787822    
  0.729999959      0.787304163    
  0.740000010      0.787304163    
  0.750000000      0.833127379    
  0.759999990      0.833127379    
  0.769999981      0.871821880    
  0.779999971      0.871821880    
  0.789999962      0.903326511    
  0.799999952      0.903326511    
  0.810000002      0.927873552    
  0.819999993      0.927873552    
  0.829999983      0.945878565    
  0.839999974      0.945878565    
  0.849999964      0.957822382    
  0.859999955      0.957822382    
  0.870000005      0.964139998    
  0.879999995      0.964139998    
  0.889999986      0.965131998    
  0.899999976      0.965131998    
  0.909999967      0.960909843    
  0.919999957      0.960909843    
  0.930000007      0.951378942    
  0.939999998      0.951378942    
  0.949999988      0.936262488    
  0.959999979      0.936262488    
  0.969999969      0.915161490    
  0.979999959      0.915161490    
  0.989999950      0.887644708    
   1.00000000      0.887644708    
