   9.99999978E-03   37.6923523    
   1.99999996E-02  -23.6237030    
   2.99999993E-02  -10.5819302    
   3.99999991E-02   3.91977072    
   4.99999970E-02  -51.9141083    
   5.99999987E-02   31.0556736    
   7.00000003E-02   44.3530884    
   7.99999982E-02  -88.7071991    
   8.99999961E-02   53.5803947    
   9.99999940E-02   99.8344421    
  0.109999999      -168.927780    
  0.119999997       14.5431061    
  0.129999995       236.683075    
  0.140000001      -203.398560    
  0.149999991      -182.057968    
  0.159999996       391.943329    
  0.170000002       13.1364288    
  0.179999992      -510.622131    
  0.189999998       215.107147    
  0.199999988       540.949585    
  0.209999993      -438.515808    
  0.219999999      -509.851501    
  0.229999989       613.477356    
  0.239999995       464.527283    
  0.250000000      -720.708862    
  0.259999990      -447.342743    
  0.269999981       753.466797    
  0.280000001       480.100464    
  0.289999992      -705.135742    
  0.299999982      -556.185425    
  0.310000002       567.143616    
  0.319999993       638.479187    
  0.329999983      -340.986206    
  0.340000004      -666.828613    
  0.349999994       58.9006348    
  0.359999985       582.659119    
  0.370000005       203.852310    
  0.379999995      -370.148987    
  0.389999986      -348.808502    
  0.399999976       91.2731628    
  0.409999996       313.413147    
  0.419999987       129.942230    
  0.429999977      -138.820023    
  0.439999998      -185.074097    
  0.449999988      -42.7864838    
  0.459999979       90.2738571    
  0.469999999       103.571266    
  0.479999989       20.6014385    
  0.489999980      -35.2324677    
  0.500000000      -49.7341461    
  0.509999990      -36.6923409    
  0.519999981       24.6237183    
  0.529999971       11.5819273    
  0.539999962      -2.91976452    
  0.550000012       52.9140854    
  0.560000002      -30.0556774    
  0.569999993      -43.3530273    
  0.579999983       89.7071533    
  0.589999974      -52.5804596    
  0.599999964      -98.8343353    
  0.610000014       169.927780    
  0.620000005      -13.5431747    
  0.629999995      -235.683060    
  0.639999986       204.398636    
  0.649999976       183.057953    
  0.659999967      -390.943359    
  0.669999957      -12.1364441    
  0.680000007       511.622192    
  0.689999998      -214.107208    
  0.699999988      -539.949707    
  0.709999979       439.515991    
  0.719999969       510.851624    
  0.729999959      -612.477539    
  0.740000010      -463.527313    
  0.750000000       721.708862    
  0.759999990       448.342712    
  0.769999981      -752.466675    
  0.779999971      -479.100403    
  0.789999962       706.135620    
  0.799999952       557.185364    
  0.810000002      -566.143616    
  0.819999993      -637.479187    
  0.829999983       341.986267    
  0.839999974       667.828613    
  0.849999964      -57.9007263    
  0.859999955      -581.659180    
  0.870000005      -202.852295    
  0.879999995       371.149048    
  0.889999986       349.808533    
  0.899999976      -90.2731171    
  0.909999967      -312.413116    
  0.919999957      -128.942261    
  0.930000007       139.819977    
  0.939999998       186.074066    
  0.949999988       43.7864914    
  0.959999979      -89.2738113    
  0.969999969      -102.571243    
  0.979999959      -19.6014576    
  0.989999950       36.2324257    
   1.00000000       50.7341309    
