   9.99999978E-03   557.669434    
   1.99999996E-02   7818.79834    
   2.99999993E-02  -433.565552    
   3.99999991E-02  -3049.51416    
   4.99999970E-02   4044.49219    
   5.99999987E-02  -3899.57764    
   7.00000003E-02  -6705.75635    
   7.99999982E-02   10329.3750    
   8.99999961E-02   4045.25684    
   9.99999940E-02  -14669.6738    
  0.109999999       4342.28906    
  0.119999997       15920.7314    
  0.129999995      -15241.6621    
  0.140000001      -13050.6367    
  0.149999991       25116.6855    
  0.159999996       5892.88770    
  0.170000002      -32263.7129    
  0.179999992       4000.18945    
  0.189999998       36485.2812    
  0.199999988      -14174.9561    
  0.209999993      -38199.2031    
  0.219999999       22798.2148    
  0.229999989       38411.8672    
  0.239999995      -28869.7383    
  0.250000000      -38429.1992    
  0.259999990       31757.5547    
  0.269999981       39128.7500    
  0.280000001      -31057.9980    
  0.289999992      -40617.4609    
  0.299999982       26664.1348    
  0.310000002       42277.7734    
  0.319999993      -18719.6328    
  0.329999983      -42743.8633    
  0.340000004       7916.36523    
  0.349999994       40401.4414    
  0.359999985       4137.54004    
  0.370000005      -34019.0547    
  0.379999995      -14795.2520    
  0.389999986       23372.0703    
  0.399999976       21181.0430    
  0.409999996      -9981.35156    
  0.419999987      -21559.7949    
  0.429999977      -2547.83203    
  0.439999998       16167.0996    
  0.449999988       9882.98242    
  0.459999979      -7152.14990    
  0.469999999      -9958.33398    
  0.479999989      -2014.26416    
  0.489999980       5079.74561    
  0.500000000       7695.69434    
  0.509999990      -556.670898    
  0.519999981      -7817.79785    
  0.529999971       434.565430    
  0.539999962       3050.51270    
  0.550000012      -4043.49023    
  0.560000002       3900.57959    
  0.569999993       6706.75391    
  0.579999983      -10328.3789    
  0.589999974      -4044.25342    
  0.599999964       14670.6787    
  0.610000014      -4341.29395    
  0.620000005      -15919.7373    
  0.629999995       15242.6689    
  0.639999986       13051.6387    
  0.649999976      -25115.6914    
  0.659999967      -5891.88672    
  0.669999957       32264.7168    
  0.680000007      -3999.19434    
  0.689999998      -36484.2812    
  0.699999988       14175.9688    
  0.709999979       38200.1992    
  0.719999969      -22797.2266    
  0.729999959      -38410.8672    
  0.740000010       28870.7383    
  0.750000000       38430.2031    
  0.759999990      -31756.5547    
  0.769999981      -39127.7422    
  0.779999971       31058.9980    
  0.789999962       40618.4609    
  0.799999952      -26663.1289    
  0.810000002      -42276.7812    
  0.819999993       18720.6309    
  0.829999983       42744.8711    
  0.839999974      -7915.36133    
  0.849999964      -40400.4453    
  0.859999955      -4136.54297    
  0.870000005       34020.0508    
  0.879999995       14796.2539    
  0.889999986      -23371.0723    
  0.899999976      -21180.0430    
  0.909999967       9982.35742    
  0.919999957       21560.7988    
  0.930000007       2548.83008    
  0.939999998      -16166.1025    
  0.949999988      -9881.98340    
  0.959999979       7153.15137    
  0.969999969       9959.33398    
  0.979999959       2015.26489    
  0.989999950      -5078.74414    
   1.00000000      -7694.69482    
