   9.99999978E-03   0.00000000    
   1.99999996E-02   0.00000000    
   2.99999993E-02   0.00000000    
   3.99999991E-02   0.00000000    
   4.99999970E-02   0.00000000    
   5.99999987E-02   0.00000000    
   7.00000003E-02   0.00000000    
   7.99999982E-02   0.00000000    
   8.99999961E-02   0.00000000    
   9.99999940E-02   0.00000000    
  0.109999999       1.52932671E-07
  0.119999997       1.52932671E-07
  0.129999995       4.23113715E-06
  0.140000001       4.23113715E-06
  0.149999991       5.52086894E-05
  0.159999996       5.52086894E-05
  0.170000002       4.51700762E-04
  0.179999992       4.51700762E-04
  0.189999998       2.59936647E-03
  0.199999988       2.59936647E-03
  0.209999993       1.11900307E-02
  0.219999999       1.11900307E-02
  0.229999989       3.74392755E-02
  0.239999995       3.74392755E-02
  0.250000000       9.99374762E-02
  0.259999990       9.99374762E-02
  0.269999981      0.217121616    
  0.280000001      0.217121616    
  0.289999992      0.390727729    
  0.299999982      0.390727729    
  0.310000002      0.593268216    
  0.319999993      0.593268216    
  0.329999983      0.777395964    
  0.340000004      0.777395964    
  0.349999994      0.905262411    
  0.359999985      0.905262411    
  0.370000005      0.970834970    
  0.379999995      0.970834970    
  0.389999986      0.994253695    
  0.399999976      0.994253695    
  0.409999996      0.999457896    
  0.419999987      0.999457896    
  0.429999977       1.00000000    
  0.439999998       1.00000000    
  0.449999988       1.00000000    
  0.459999979       1.00000000    
  0.469999999       1.00000000    
  0.479999989       1.00000000    
  0.489999980       1.00000000    
  0.500000000       1.00000000    
  0.509999990       1.00000000    
  0.519999981       1.00000000    
  0.529999971       1.00000000    
  0.539999962       1.00000000    
  0.550000012       1.00000000    
  0.560000002       1.00000000    
  0.569999993       1.00000000    
  0.579999983       1.00000000    
  0.589999974       1.00000000    
  0.599999964       1.00000000    
  0.610000014      0.999999821    
  0.620000005      0.999999821    
  0.629999995      0.999995768    
  0.639999986      0.999995768    
  0.649999976      0.999944806    
  0.659999967      0.999944806    
  0.669999957      0.999548316    
  0.680000007      0.999548316    
  0.689999998      0.997400641    
  0.699999988      0.997400641    
  0.709999979      0.988809943    
  0.719999969      0.988809943    
  0.729999959      0.962560713    
  0.740000010      0.962560713    
  0.750000000      0.900062442    
  0.759999990      0.900062442    
  0.769999981      0.782878399    
  0.779999971      0.782878399    
  0.789999962      0.609272242    
  0.799999952      0.609272242    
  0.810000002      0.406731784    
  0.819999993      0.406731784    
  0.829999983      0.222604066    
  0.839999974      0.222604066    
  0.849999964       9.47375819E-02
  0.859999955       9.47375819E-02
  0.870000005       2.91650370E-02
  0.879999995       2.91650370E-02
  0.889999986       5.74627193E-03
  0.899999976       5.74627193E-03
  0.909999967       5.42101101E-04
  0.919999957       5.42101101E-04
  0.930000007       0.00000000    
  0.939999998       0.00000000    
  0.949999988       0.00000000    
  0.959999979       0.00000000    
  0.969999969       0.00000000    
  0.979999959       0.00000000    
  0.989999950       0.00000000    
   1.00000000       0.00000000    
