   9.99999978E-03   1.22923811E-03
   1.99999996E-02   2.55191117E-04
   2.99999993E-02   2.55191117E-04
   3.99999991E-02   3.87623077E-05
   4.99999970E-02   3.87623077E-05
   5.99999987E-02   4.05833725E-06
   7.00000003E-02   4.05833725E-06
   7.99999982E-02   1.76012304E-06
   8.99999961E-02   1.76012304E-06
   9.99999940E-02   8.82650784E-06
  0.109999999       8.82650784E-06
  0.119999997       4.23915772E-05
  0.129999995       4.23915772E-05
  0.140000001       1.76651854E-04
  0.149999991       1.76651854E-04
  0.159999996       6.44528598E-04
  0.170000002       6.44528598E-04
  0.179999992       2.07415200E-03
  0.189999998       2.07415200E-03
  0.199999988       5.92313753E-03
  0.209999993       5.92313753E-03
  0.219999999       1.50873894E-02
  0.229999989       1.50873894E-02
  0.239999995       3.44341435E-02
  0.250000000       3.44341435E-02
  0.259999990       7.07093030E-02
  0.269999981       7.07093030E-02
  0.280000001      0.131167904    
  0.289999992      0.131167904    
  0.299999982      0.220736220    
  0.310000002      0.220736220    
  0.319999993      0.338589251    
  0.329999983      0.338589251    
  0.340000004      0.476084501    
  0.349999994      0.476084501    
  0.359999985      0.617944658    
  0.370000005      0.617944658    
  0.379999995      0.746908426    
  0.389999986      0.746908426    
  0.399999976      0.849705637    
  0.409999996      0.849705637    
  0.419999987      0.921092629    
  0.429999977      0.921092629    
  0.439999998      0.963924766    
  0.449999988      0.963924766    
  0.459999979      0.985889971    
  0.469999999      0.985889971    
  0.479999989      0.995381236    
  0.489999980      0.995381236    
  0.500000000      0.998770833    
  0.509999990      0.998770833    
  0.519999981      0.999744892    
  0.529999971      0.999744892    
  0.539999962      0.999961257    
  0.550000012      0.999961257    
  0.560000002      0.999995887    
  0.569999993      0.999995887    
  0.579999983      0.999998152    
  0.589999974      0.999998152    
  0.599999964      0.999991119    
  0.610000014      0.999991119    
  0.620000005      0.999957561    
  0.629999995      0.999957561    
  0.639999986      0.999823332    
  0.649999976      0.999823332    
  0.659999967      0.999355435    
  0.669999957      0.999355435    
  0.680000007      0.997925878    
  0.689999998      0.997925878    
  0.699999988      0.994076967    
  0.709999979      0.994076967    
  0.719999969      0.984912634    
  0.729999959      0.984912634    
  0.740000010      0.965565920    
  0.750000000      0.965565920    
  0.759999990      0.929290652    
  0.769999981      0.929290652    
  0.779999971      0.868832052    
  0.789999962      0.868832052    
  0.799999952      0.779263794    
  0.810000002      0.779263794    
  0.819999993      0.661410809    
  0.829999983      0.661410809    
  0.839999974      0.523915529    
  0.849999964      0.523915529    
  0.859999955      0.382055402    
  0.870000005      0.382055402    
  0.879999995      0.253091633    
  0.889999986      0.253091633    
  0.899999976      0.150294408    
  0.909999967      0.150294408    
  0.919999957       7.89074600E-02
  0.930000007       7.89074600E-02
  0.939999998       3.60752903E-02
  0.949999988       3.60752903E-02
  0.959999979       1.41100753E-02
  0.969999969       1.41100753E-02
  0.979999959       4.61893156E-03
  0.989999950       4.61893156E-03
   1.00000000       1.22923811E-03
