   9.99999978E-03   1.72106549E-02
   1.99999996E-02   1.72106549E-02
   2.99999993E-02   7.15846242E-03
   3.99999991E-02   7.15846242E-03
   4.99999970E-02   2.63086008E-03
   5.99999987E-02   2.63086008E-03
   7.00000003E-02   8.45450792E-04
   7.99999982E-02   8.45450792E-04
   8.99999961E-02   2.42162903E-04
   9.99999940E-02   2.42162903E-04
  0.109999999       9.16163553E-05
  0.119999997       9.16163553E-05
  0.129999995       1.37539668E-04
  0.140000001       1.37539668E-04
  0.149999991       3.91838024E-04
  0.159999996       3.91838024E-04
  0.170000002       1.09649904E-03
  0.179999992       1.09649904E-03
  0.189999998       2.83037778E-03
  0.199999988       2.83037778E-03
  0.209999993       6.73193624E-03
  0.219999999       6.73193624E-03
  0.229999989       1.47827938E-02
  0.239999995       1.47827938E-02
  0.250000000       3.00306287E-02
  0.259999990       3.00306287E-02
  0.269999981       5.65486029E-02
  0.280000001       5.65486029E-02
  0.289999992       9.89037007E-02
  0.299999982       9.89037007E-02
  0.310000002      0.161024511    
  0.319999993      0.161024511    
  0.329999983      0.244648710    
  0.340000004      0.244648710    
  0.349999994      0.347888470    
  0.359999985      0.347888470    
  0.370000005      0.464647710    
  0.379999995      0.464647710    
  0.389999986      0.585433125    
  0.399999976      0.585433125    
  0.409999996      0.699508250    
  0.419999987      0.699508250    
  0.429999977      0.797637343    
  0.439999998      0.797637343    
  0.449999988      0.874300718    
  0.459999979      0.874300718    
  0.469999999      0.928507149    
  0.479999989      0.928507149    
  0.489999980      0.963050425    
  0.500000000      0.963050425    
  0.509999990      0.982789457    
  0.519999981      0.982789457    
  0.529999971      0.992841601    
  0.539999962      0.992841601    
  0.550000012      0.997369170    
  0.560000002      0.997369170    
  0.569999993      0.999154568    
  0.579999983      0.999154568    
  0.589999974      0.999757767    
  0.599999964      0.999757767    
  0.610000014      0.999908328    
  0.620000005      0.999908328    
  0.629999995      0.999862432    
  0.639999986      0.999862432    
  0.649999976      0.999608159    
  0.659999967      0.999608159    
  0.669999957      0.998903573    
  0.680000007      0.998903573    
  0.689999998      0.997169733    
  0.699999988      0.997169733    
  0.709999979      0.993268192    
  0.719999969      0.993268192    
  0.729999959      0.985217214    
  0.740000010      0.985217214    
  0.750000000      0.969969392    
  0.759999990      0.969969392    
  0.769999981      0.943451405    
  0.779999971      0.943451405    
  0.789999962      0.901096225    
  0.799999952      0.901096225    
  0.810000002      0.838975489    
  0.819999993      0.838975489    
  0.829999983      0.755351365    
  0.839999974      0.755351365    
  0.849999964      0.652111530    
  0.859999955      0.652111530    
  0.870000005      0.535352349    
  0.879999995      0.535352349    
  0.889999986      0.414566994    
  0.899999976      0.414566994    
  0.909999967      0.300491929    
  0.919999957      0.300491929    
  0.930000007      0.202362791    
  0.939999998      0.202362791    
  0.949999988      0.125699401    
  0.959999979      0.125699401    
  0.969999969       7.14929849E-02
  0.979999959       7.14929849E-02
  0.989999950       3.69496718E-02
   1.00000000       3.69496718E-02
