   9.99999978E-03  -90.5690613    
   1.99999996E-02   1079.66602    
   2.99999993E-02   46.7858276    
   3.99999991E-02  -258.598938    
   4.99999970E-02   710.757446    
   5.99999987E-02  -813.973511    
   7.00000003E-02  -997.703674    
   7.99999982E-02   1748.88538    
   8.99999961E-02   42.4580688    
   9.99999940E-02  -2234.49121    
  0.109999999       1816.73560    
  0.119999997       1876.91895    
  0.129999995      -3664.64453    
  0.140000001      -410.090454    
  0.149999991       4876.96973    
  0.159999996      -1872.98242    
  0.170000002      -5228.92822    
  0.179999992       4340.33057    
  0.189999998       4770.41699    
  0.199999988      -6504.91064    
  0.209999993      -3811.74829    
  0.219999999       8166.06494    
  0.229999989       2831.57617    
  0.239999995      -9250.53418    
  0.250000000      -2198.52441    
  0.259999990       9805.42773    
  0.269999981       2161.60132    
  0.280000001      -9842.34863    
  0.289999992      -2790.34131    
  0.299999982       9291.76465    
  0.310000002       3957.27466    
  0.319999993      -8020.53613    
  0.329999983      -5327.37207    
  0.340000004       5947.95410    
  0.349999994       6378.03906    
  0.359999985      -3191.21875    
  0.370000005      -6547.16406    
  0.379999995       202.786133    
  0.389999986       5489.84668    
  0.399999976       2235.29346    
  0.409999996      -3306.26953    
  0.419999987      -3366.45312    
  0.429999977       684.774048    
  0.439999998       2961.72388    
  0.449999988       1255.29712    
  0.459999979      -1491.29211    
  0.469999999      -1675.02295    
  0.479999989      -150.291931    
  0.489999980       819.064880    
  0.500000000       1124.44934    
  0.509999990       91.5687561    
  0.519999981      -1078.66589    
  0.529999971      -45.7859039    
  0.539999962       259.598633    
  0.550000012      -709.756714    
  0.560000002       814.973816    
  0.569999993       998.702820    
  0.579999983      -1747.88562    
  0.589999974      -41.4570923    
  0.599999964       2235.49146    
  0.610000014      -1815.73657    
  0.620000005      -1875.91895    
  0.629999995       3665.64551    
  0.639999986       411.090698    
  0.649999976      -4875.97070    
  0.659999967       1873.98267    
  0.669999957       5229.92871    
  0.680000007      -4339.33154    
  0.689999998      -4769.41602    
  0.699999988       6505.91260    
  0.709999979       3812.74780    
  0.719999969      -8165.06592    
  0.729999959      -2830.57520    
  0.740000010       9251.53418    
  0.750000000       2199.52441    
  0.759999990      -9804.42773    
  0.769999981      -2160.60132    
  0.779999971       9843.34863    
  0.789999962       2791.34131    
  0.799999952      -9290.76465    
  0.810000002      -3956.27466    
  0.819999993       8021.53613    
  0.829999983       5328.37354    
  0.839999974      -5946.95410    
  0.849999964      -6377.03955    
  0.859999955       3192.21899    
  0.870000005       6548.16504    
  0.879999995      -201.787109    
  0.889999986      -5488.84814    
  0.899999976      -2234.29346    
  0.909999967       3307.27075    
  0.919999957       3367.45361    
  0.930000007      -683.774170    
  0.939999998      -2960.72412    
  0.949999988      -1254.29712    
  0.959999979       1492.29199    
  0.969999969       1676.02283    
  0.979999959       151.292084    
  0.989999950      -818.064575    
   1.00000000      -1123.44934    
