   9.99999978E-03  0.201613486    
   1.99999996E-02  0.137798846    
   2.99999993E-02  0.137798846    
   3.99999991E-02   8.90520439E-02
   4.99999970E-02   8.90520439E-02
   5.99999987E-02   5.42344153E-02
   7.00000003E-02   5.42344153E-02
   7.99999982E-02   3.10272779E-02
   8.99999961E-02   3.10272779E-02
   9.99999940E-02   1.66306384E-02
  0.109999999       1.66306384E-02
  0.119999997       8.35958123E-03
  0.129999995       8.35958123E-03
  0.140000001       4.02507745E-03
  0.149999991       4.02507745E-03
  0.159999996       2.09100358E-03
  0.170000002       2.09100358E-03
  0.179999992       1.67351216E-03
  0.189999998       1.67351216E-03
  0.199999988       2.47458951E-03
  0.209999993       2.47458951E-03
  0.219999999       4.72488021E-03
  0.229999989       4.72488021E-03
  0.239999995       9.17079765E-03
  0.250000000       9.17079765E-03
  0.259999990       1.70957688E-02
  0.269999981       1.70957688E-02
  0.280000001       3.03275734E-02
  0.289999992       3.03275734E-02
  0.299999982       5.11616617E-02
  0.310000002       5.11616617E-02
  0.319999993       8.21327344E-02
  0.329999983       8.21327344E-02
  0.340000004      0.125601187    
  0.349999994      0.125601187    
  0.359999985      0.183187678    
  0.370000005      0.183187678    
  0.379999995      0.255170792    
  0.389999986      0.255170792    
  0.399999976      0.340028912    
  0.409999996      0.340028912    
  0.419999987      0.434315741    
  0.429999977      0.434315741    
  0.439999998      0.532988012    
  0.449999988      0.532988012    
  0.459999979      0.630165219    
  0.469999999      0.630165219    
  0.479999989      0.720144153    
  0.489999980      0.720144153    
  0.500000000      0.798386574    
  0.509999990      0.798386574    
  0.519999981      0.862201214    
  0.529999971      0.862201214    
  0.539999962      0.910947978    
  0.550000012      0.910947978    
  0.560000002      0.945765615    
  0.569999993      0.945765615    
  0.579999983      0.968972743    
  0.589999974      0.968972743    
  0.599999964      0.983369470    
  0.610000014      0.983369470    
  0.620000005      0.991640508    
  0.629999995      0.991640508    
  0.639999986      0.995974958    
  0.649999976      0.995974958    
  0.659999967      0.997908950    
  0.669999957      0.997908950    
  0.680000007      0.998326421    
  0.689999998      0.998326421    
  0.699999988      0.997525454    
  0.709999979      0.997525454    
  0.719999969      0.995275140    
  0.729999959      0.995275140    
  0.740000010      0.990829229    
  0.750000000      0.990829229    
  0.759999990      0.982904315    
  0.769999981      0.982904315    
  0.779999971      0.969672501    
  0.789999962      0.969672501    
  0.799999952      0.948838353    
  0.810000002      0.948838353    
  0.819999993      0.917867184    
  0.829999983      0.917867184    
  0.839999974      0.874398708    
  0.849999964      0.874398708    
  0.859999955      0.816812277    
  0.870000005      0.816812277    
  0.879999995      0.744829237    
  0.889999986      0.744829237    
  0.899999976      0.659971178    
  0.909999967      0.659971178    
  0.919999957      0.565684378    
  0.930000007      0.565684378    
  0.939999998      0.467012078    
  0.949999988      0.467012078    
  0.959999979      0.369834840    
  0.969999969      0.369834840    
  0.979999959      0.279855937    
  0.989999950      0.279855937    
   1.00000000      0.201613486    
