   9.99999978E-03  -20.9432220    
   1.99999996E-02  -8.48624229    
   2.99999993E-02   5.22595930    
   3.99999991E-02  -10.0934229    
   4.99999970E-02   18.0680237    
   5.99999987E-02   12.7444973    
   7.00000003E-02  -28.4218102    
   7.99999982E-02   33.1810875    
   8.99999961E-02   14.8262253    
   9.99999940E-02  -66.2395630    
  0.109999999       51.8335915    
  0.119999997       50.2301636    
  0.129999995      -124.022804    
  0.140000001       32.9386902    
  0.149999991       150.358643    
  0.159999996      -151.299652    
  0.170000002      -106.764084    
  0.179999992       258.350098    
  0.189999998       8.72920227    
  0.199999988      -325.283142    
  0.209999993       107.866829    
  0.219999999       351.915009    
  0.229999989      -209.185791    
  0.239999995      -356.997986    
  0.250000000       273.567017    
  0.259999990       362.002289    
  0.269999981      -289.811157    
  0.280000001      -378.246307    
  0.289999992       252.318802    
  0.299999982       400.130890    
  0.310000002      -160.969940    
  0.319999993      -405.018097    
  0.329999983       28.1318817    
  0.340000004       362.144165    
  0.349999994       112.523239    
  0.359999985      -252.590912    
  0.370000005      -208.055389    
  0.379999995       93.6028900    
  0.389999986       211.022858    
  0.399999976       54.0613480    
  0.409999996      -120.191650    
  0.419999987      -118.588226    
  0.429999977     -0.515052795    
  0.439999998       80.5507431    
  0.449999988       62.1958847    
  0.459999979      0.592958450    
  0.469999999      -40.5733604    
  0.479999989      -35.2498131    
  0.489999980      -7.08834982    
  0.500000000       8.23102760    
  0.509999990       21.9432163    
  0.519999981       9.48623371    
  0.529999971      -4.22596264    
  0.539999962       11.0934191    
  0.550000012      -17.0680199    
  0.560000002      -11.7444859    
  0.569999993       29.4217834    
  0.579999983      -32.1810875    
  0.589999974      -13.8261852    
  0.599999964       67.2395248    
  0.610000014      -50.8336258    
  0.620000005      -49.2300949    
  0.629999995       125.022789    
  0.639999986      -31.9387207    
  0.649999976      -149.358643    
  0.659999967       152.299683    
  0.669999957       107.764084    
  0.680000007      -257.350128    
  0.689999998      -7.72917938    
  0.699999988       326.283203    
  0.709999979      -106.866852    
  0.719999969      -350.915100    
  0.729999959       210.185867    
  0.740000010       357.998047    
  0.750000000      -272.567078    
  0.759999990      -361.002258    
  0.769999981       290.811157    
  0.779999971       379.246246    
  0.789999962      -251.318787    
  0.799999952      -399.130890    
  0.810000002       161.969940    
  0.819999993       406.018127    
  0.829999983      -27.1319275    
  0.839999974      -361.144196    
  0.849999964      -111.523224    
  0.859999955       253.590927    
  0.870000005       209.055389    
  0.879999995      -92.6028900    
  0.889999986      -210.022858    
  0.899999976      -53.0613670    
  0.909999967       121.191612    
  0.919999957       119.588203    
  0.930000007       1.51507187    
  0.939999998      -79.5507202    
  0.949999988      -61.1958694    
  0.959999979      0.407024384    
  0.969999969       41.5733337    
  0.979999959       36.2498055    
  0.989999950       8.08836365    
   1.00000000      -7.23101807    
