   9.99999978E-03  -14942431.0    
   1.99999996E-02  -9487761.00    
   2.99999993E-02   13047802.0    
   3.99999991E-02   5404782.50    
   4.99999970E-02  -10128421.0    
   5.99999987E-02   3075543.50    
   7.00000003E-02   6612531.50    
   7.99999982E-02  -12924397.0    
   8.99999961E-02  -2498611.50    
   9.99999940E-02   21027808.0    
  0.109999999      -2619968.00    
  0.119999997      -25477712.0    
  0.129999995       9135596.00    
  0.140000001       26103536.0    
  0.149999991      -16900672.0    
  0.159999996      -24043628.0    
  0.170000002       25055690.0    
  0.179999992       20784888.0    
  0.189999998      -32405004.0    
  0.199999988      -17405864.0    
  0.209999993       38048752.0    
  0.219999999       14467227.0    
  0.229999989      -41754560.0    
  0.239999995      -12349622.0    
  0.250000000       43807400.0    
  0.259999990       11484640.0    
  0.269999981      -44536624.0    
  0.280000001      -12213870.0    
  0.289999992       43943152.0    
  0.299999982       14538222.0    
  0.310000002      -41683568.0    
  0.319999993      -18102048.0    
  0.329999983       37352568.0    
  0.340000004       22353428.0    
  0.349999994      -30836460.0    
  0.359999985      -26565660.0    
  0.370000005       22533648.0    
  0.379999995       29676612.0    
  0.389999986      -13327588.0    
  0.399999976      -30295524.0    
  0.409999996       4317776.00    
  0.419999987       27175510.0    
  0.429999977       3527734.00    
  0.439999998      -19998684.0    
  0.449999988      -9572904.00    
  0.459999979       9964026.00    
  0.469999999       13501016.0    
  0.479999989       297050.500    
  0.489999980      -15236154.0    
  0.500000000      -7593131.50    
  0.509999990       14942432.0    
  0.519999981       9487760.00    
  0.529999971      -13047803.0    
  0.539999962      -5404779.00    
  0.550000012       10128423.0    
  0.560000002      -3075546.00    
  0.569999993      -6612533.00    
  0.579999983       12924406.0    
  0.589999974       2498610.00    
  0.599999964      -21027814.0    
  0.610000014       2619974.00    
  0.620000005       25477712.0    
  0.629999995      -9135596.00    
  0.639999986      -26103538.0    
  0.649999976       16900676.0    
  0.659999967       24043632.0    
  0.669999957      -25055698.0    
  0.680000007      -20784884.0    
  0.689999998       32405012.0    
  0.699999988       17405860.0    
  0.709999979      -38048760.0    
  0.719999969      -14467214.0    
  0.729999959       41754576.0    
  0.740000010       12349615.0    
  0.750000000      -43807408.0    
  0.759999990      -11484630.0    
  0.769999981       44536636.0    
  0.779999971       12213863.0    
  0.789999962      -43943160.0    
  0.799999952      -14538212.0    
  0.810000002       41683572.0    
  0.819999993       18102046.0    
  0.829999983      -37352564.0    
  0.839999974      -22353424.0    
  0.849999964       30836460.0    
  0.859999955       26565658.0    
  0.870000005      -22533646.0    
  0.879999995      -29676606.0    
  0.889999986       13327585.0    
  0.899999976       30295520.0    
  0.909999967      -4317770.00    
  0.919999957      -27175504.0    
  0.930000007      -3527729.50    
  0.939999998       19998688.0    
  0.949999988       9572902.00    
  0.959999979      -9964028.00    
  0.969999969      -13501016.0    
  0.979999959      -297048.000    
  0.989999950       15236155.0    
   1.00000000       7593133.00    
