   9.99999978E-03  0.471567959    
   1.99999996E-02  0.387420177    
   2.99999993E-02  0.387420177    
   3.99999991E-02  0.307947725    
   4.99999970E-02  0.307947725    
   5.99999987E-02  0.236293375    
   7.00000003E-02  0.236293375    
   7.99999982E-02  0.174658328    
   8.99999961E-02  0.174658328    
   9.99999940E-02  0.124118663    
  0.109999999      0.124118663    
  0.119999997       8.46524090E-02
  0.129999995       8.46524090E-02
  0.140000001       5.53460084E-02
  0.149999991       5.53460084E-02
  0.159999996       3.47114392E-02
  0.170000002       3.47114392E-02
  0.179999992       2.10328940E-02
  0.189999998       2.10328940E-02
  0.199999988       1.26746157E-02
  0.209999993       1.26746157E-02
  0.219999999       8.30975547E-03
  0.229999989       8.30975547E-03
  0.239999995       7.06121884E-03
  0.250000000       7.06121884E-03
  0.259999990       8.56749248E-03
  0.269999981       8.56749248E-03
  0.280000001       1.29942922E-02
  0.289999992       1.29942922E-02
  0.299999982       2.10073702E-02
  0.310000002       2.10073702E-02
  0.319999993       3.37089635E-02
  0.329999983       3.37089635E-02
  0.340000004       5.25281578E-02
  0.349999994       5.25281578E-02
  0.359999985       7.90511221E-02
  0.370000005       7.90511221E-02
  0.379999995      0.114784807    
  0.389999986      0.114784807    
  0.399999976      0.160867110    
  0.409999996      0.160867110    
  0.419999987      0.217762366    
  0.429999977      0.217762366    
  0.439999998      0.285003304    
  0.449999988      0.285003304    
  0.459999979      0.361049891    
  0.469999999      0.361049891    
  0.479999989      0.443322599    
  0.489999980      0.443322599    
  0.500000000      0.528432250    
  0.509999990      0.528432250    
  0.519999981      0.612580001    
  0.529999971      0.612580001    
  0.539999962      0.692052484    
  0.550000012      0.692052484    
  0.560000002      0.763706803    
  0.569999993      0.763706803    
  0.579999983      0.825341761    
  0.589999974      0.825341761    
  0.599999964      0.875881433    
  0.610000014      0.875881433    
  0.620000005      0.915347576    
  0.629999995      0.915347576    
  0.639999986      0.944653988    
  0.649999976      0.944653988    
  0.659999967      0.965288579    
  0.669999957      0.965288579    
  0.680000007      0.978967071    
  0.689999998      0.978967071    
  0.699999988      0.987325311    
  0.709999979      0.987325311    
  0.719999969      0.991690218    
  0.729999959      0.991690218    
  0.740000010      0.992938757    
  0.750000000      0.992938757    
  0.759999990      0.991432488    
  0.769999981      0.991432488    
  0.779999971      0.987005770    
  0.789999962      0.987005770    
  0.799999952      0.978992641    
  0.810000002      0.978992641    
  0.819999993      0.966291130    
  0.829999983      0.966291130    
  0.839999974      0.947471797    
  0.849999964      0.947471797    
  0.859999955      0.920948863    
  0.870000005      0.920948863    
  0.879999995      0.885215223    
  0.889999986      0.885215223    
  0.899999976      0.839132845    
  0.909999967      0.839132845    
  0.919999957      0.782237589    
  0.930000007      0.782237589    
  0.939999998      0.714996696    
  0.949999988      0.714996696    
  0.959999979      0.638950288    
  0.969999969      0.638950288    
  0.979999959      0.556677580    
  0.989999950      0.556677580    
   1.00000000      0.471567959    
