   9.99999978E-03  0.796825707    
   1.99999996E-02  0.743209481    
   2.99999993E-02  0.743209481    
   3.99999991E-02  0.682862997    
   4.99999970E-02  0.682862997    
   5.99999987E-02  0.617040753    
   7.00000003E-02  0.617040753    
   7.99999982E-02  0.547467947    
   8.99999961E-02  0.547467947    
   9.99999940E-02  0.476218581    
  0.109999999      0.476218581    
  0.119999997      0.405538499    
  0.129999995      0.405538499    
  0.140000001      0.337639481    
  0.149999991      0.337639481    
  0.159999996      0.274496824    
  0.170000002      0.274496824    
  0.179999992      0.217681646    
  0.189999998      0.217681646    
  0.199999988      0.168254182    
  0.209999993      0.168254182    
  0.219999999      0.126730859    
  0.229999989      0.126730859    
  0.239999995       9.31260362E-02
  0.250000000       9.31260362E-02
  0.259999990       6.70553744E-02
  0.269999981       6.70553744E-02
  0.280000001       4.78793569E-02
  0.289999992       4.78793569E-02
  0.299999982       3.48621905E-02
  0.310000002       3.48621905E-02
  0.319999993       2.73221247E-02
  0.329999983       2.73221247E-02
  0.340000004       2.47540921E-02
  0.349999994       2.47540921E-02
  0.359999985       2.69118771E-02
  0.370000005       2.69118771E-02
  0.379999995       3.38432118E-02
  0.389999986       3.38432118E-02
  0.399999976       4.58762608E-02
  0.409999996       4.58762608E-02
  0.419999987       6.35599643E-02
  0.429999977       6.35599643E-02
  0.439999998       8.75641629E-02
  0.449999988       8.75641629E-02
  0.459999979      0.118549250    
  0.469999999      0.118549250    
  0.479999989      0.157018885    
  0.489999980      0.157018885    
  0.500000000      0.203174278    
  0.509999990      0.203174278    
  0.519999981      0.256790519    
  0.529999971      0.256790519    
  0.539999962      0.317137063    
  0.550000012      0.317137063    
  0.560000002      0.382959366    
  0.569999993      0.382959366    
  0.579999983      0.452532202    
  0.589999974      0.452532202    
  0.599999964      0.523781538    
  0.610000014      0.523781538    
  0.620000005      0.594461679    
  0.629999995      0.594461679    
  0.639999986      0.662360728    
  0.649999976      0.662360728    
  0.659999967      0.725503504    
  0.669999957      0.725503504    
  0.680000007      0.782318652    
  0.689999998      0.782318652    
  0.699999988      0.831746042    
  0.709999979      0.831746042    
  0.719999969      0.873269379    
  0.729999959      0.873269379    
  0.740000010      0.906874180    
  0.750000000      0.906874180    
  0.759999990      0.932944715    
  0.769999981      0.932944715    
  0.779999971      0.952120662    
  0.789999962      0.952120662    
  0.799999952      0.965137720    
  0.810000002      0.965137720    
  0.819999993      0.972677767    
  0.829999983      0.972677767    
  0.839999974      0.975245833    
  0.849999964      0.975245833    
  0.859999955      0.973088086    
  0.870000005      0.973088086    
  0.879999995      0.966156781    
  0.889999986      0.966156781    
  0.899999976      0.954123795    
  0.909999967      0.954123795    
  0.919999957      0.936440051    
  0.930000007      0.936440051    
  0.939999998      0.912435830    
  0.949999988      0.912435830    
  0.959999979      0.881450653    
  0.969999969      0.881450653    
  0.979999959      0.842981040    
  0.989999950      0.842981040    
   1.00000000      0.796825707    
