   9.99999978E-03  0.543627977    
   1.99999996E-02  0.543627977    
   2.99999993E-02  0.463034689    
   3.99999991E-02  0.463034689    
   4.99999970E-02  0.383663058    
   5.99999987E-02  0.383663058    
   7.00000003E-02  0.308636636    
   7.99999982E-02  0.308636636    
   8.99999961E-02  0.240601614    
   9.99999940E-02  0.240601614    
  0.109999999      0.181449115    
  0.119999997      0.181449115    
  0.129999995      0.132174030    
  0.140000001      0.132174030    
  0.149999991       9.28865373E-02
  0.159999996       9.28865373E-02
  0.170000002       6.29578531E-02
  0.179999992       6.29578531E-02
  0.189999998       4.12561856E-02
  0.199999988       4.12561856E-02
  0.209999993       2.64178496E-02
  0.219999999       2.64178496E-02
  0.229999989       1.71034541E-02
  0.239999995       1.71034541E-02
  0.250000000       1.22047327E-02
  0.259999990       1.22047327E-02
  0.269999981       1.09866606E-02
  0.280000001       1.09866606E-02
  0.289999992       1.31645957E-02
  0.299999982       1.31645957E-02
  0.310000002       1.89240184E-02
  0.319999993       1.89240184E-02
  0.329999983       2.88901851E-02
  0.340000004       2.88901851E-02
  0.349999994       4.40505296E-02
  0.359999985       4.40505296E-02
  0.370000005       6.56283870E-02
  0.379999995       6.56283870E-02
  0.389999986       9.49071273E-02
  0.399999976       9.49071273E-02
  0.409999996      0.133011431    
  0.419999987      0.133011431    
  0.429999977      0.180665478    
  0.439999998      0.180665478    
  0.449999988      0.237963498    
  0.459999979      0.237963498    
  0.469999999      0.304198354    
  0.479999989      0.304198354    
  0.489999980      0.377793670    
  0.500000000      0.377793670    
  0.509999990      0.456372231    
  0.519999981      0.456372231    
  0.529999971      0.536965489    
  0.539999962      0.536965489    
  0.550000012      0.616337121    
  0.560000002      0.616337121    
  0.569999993      0.691363513    
  0.579999983      0.691363513    
  0.589999974      0.759398580    
  0.599999964      0.759398580    
  0.610000014      0.818551004    
  0.620000005      0.818551004    
  0.629999995      0.867825985    
  0.639999986      0.867825985    
  0.649999976      0.907113552    
  0.659999967      0.907113552    
  0.669999957      0.937042236    
  0.680000007      0.937042236    
  0.689999998      0.958743870    
  0.699999988      0.958743870    
  0.709999979      0.973582149    
  0.719999969      0.973582149    
  0.729999959      0.982896566    
  0.740000010      0.982896566    
  0.750000000      0.987795234    
  0.759999990      0.987795234    
  0.769999981      0.989013374    
  0.779999971      0.989013374    
  0.789999962      0.986835420    
  0.799999952      0.986835420    
  0.810000002      0.981076002    
  0.819999993      0.981076002    
  0.829999983      0.971109807    
  0.839999974      0.971109807    
  0.849999964      0.955949426    
  0.859999955      0.955949426    
  0.870000005      0.934371591    
  0.879999995      0.934371591    
  0.889999986      0.905092835    
  0.899999976      0.905092835    
  0.909999967      0.866988540    
  0.919999957      0.866988540    
  0.930000007      0.819334507    
  0.939999998      0.819334507    
  0.949999988      0.762036443    
  0.959999979      0.762036443    
  0.969999969      0.695801675    
  0.979999959      0.695801675    
  0.989999950      0.622206450    
   1.00000000      0.622206450    
