   9.99999978E-03  0.244155794    
   1.99999996E-02  -2.15089228E-02
   2.99999993E-02  0.237220824    
   3.99999991E-02 -0.397827506    
   4.99999970E-02  0.621272445    
   5.99999987E-02 -0.668965101    
   7.00000003E-02  0.225489229    
   7.99999982E-02  0.941959500    
   8.99999961E-02  -2.41008162    
   9.99999940E-02   2.69904447    
  0.109999999      -9.24026966E-02
  0.119999997      -4.81280279    
  0.129999995       7.15282965    
  0.140000001      -1.24638462    
  0.149999991      -10.2202854    
  0.159999996       12.8842382    
  0.170000002       3.24056482    
  0.179999992      -21.5604820    
  0.189999998       11.2663183    
  0.199999988       22.1601105    
  0.209999993      -26.5958843    
  0.219999999      -16.2770576    
  0.229999989       38.1026077    
  0.239999995       9.10485554    
  0.250000000      -44.8575935    
  0.259999990      -5.52606487    
  0.269999981       47.5215492    
  0.280000001       8.19001102    
  0.289999992      -45.7724342    
  0.299999982      -16.7746773    
  0.310000002       37.6049805    
  0.319999993       27.2861519    
  0.329999983      -21.4698372    
  0.340000004      -32.3636322    
  0.349999994      0.463163376    
  0.359999985       25.2642117    
  0.370000005       15.6205378    
  0.379999995      -7.48398685    
  0.389999986      -16.4578896    
  0.399999976      -8.05867290    
  0.409999996       3.90696025    
  0.419999987       8.62735939    
  0.429999977       5.83591175    
  0.439999998      0.726782799    
  0.449999988      -2.62525749    
  0.459999979      -3.34172606    
  0.469999999      -2.44726944    
  0.479999989      -1.15703356    
  0.489999980     -0.137934595    
  0.500000000      0.497114658    
  0.509999990      0.755844235    
  0.519999981       1.02150869    
  0.529999971      0.762779772    
  0.539999962       1.39782679    
  0.550000012      0.378727347    
  0.560000002       1.66896534    
  0.569999993      0.774510622    
  0.579999983       5.80400825E-02
  0.589999974       3.41008091    
  0.599999964      -1.69904280    
  0.610000014       1.09240425    
  0.620000005       5.81279755    
  0.629999995      -6.15282869    
  0.639999986       2.24639201    
  0.649999976       11.2202797    
  0.659999967      -11.8842430    
  0.669999957      -2.24055672    
  0.680000007       22.5604782    
  0.689999998      -10.2663212    
  0.699999988      -21.1601124    
  0.709999979       27.5958805    
  0.719999969       17.2770615    
  0.729999959      -37.1026077    
  0.740000010      -8.10485458    
  0.750000000       45.8575974    
  0.759999990       6.52605438    
  0.769999981      -46.5215569    
  0.779999971      -7.19000912    
  0.789999962       46.7724342    
  0.799999952       17.7746735    
  0.810000002      -36.6049805    
  0.819999993      -26.2861500    
  0.829999983       22.4698391    
  0.839999974       33.3636284    
  0.849999964      0.536832809    
  0.859999955      -24.2642078    
  0.870000005      -14.6205368    
  0.879999995       8.48398304    
  0.889999986       17.4578857    
  0.899999976       9.05867386    
  0.909999967      -2.90695786    
  0.919999957      -7.62735844    
  0.930000007      -4.83591175    
  0.939999998      0.273214340    
  0.949999988       3.62525487    
  0.959999979       4.34172583    
  0.969999969       3.44727159    
  0.979999959       2.15703392    
  0.989999950       1.13793385    
   1.00000000      0.502885520    
