   9.99999978E-03   5.05870771    
   1.99999996E-02   2.15615416    
   2.99999993E-02   1.67757666    
   3.99999991E-02   2.16759443    
   4.99999970E-02  -2.79477787    
   5.99999987E-02   3.59217858    
   7.00000003E-02 -0.248055339    
   7.99999982E-02  -6.05884075    
   8.99999961E-02   10.3356094    
   9.99999940E-02  -4.59300280    
  0.109999999      -11.4749603    
  0.119999997       22.1848297    
  0.129999995      -7.19758415    
  0.140000001      -27.0746536    
  0.149999991       36.8759384    
  0.159999996       7.83640671    
  0.170000002      -58.5062943    
  0.179999992       29.3422966    
  0.189999998       60.5353432    
  0.199999988      -69.4843826    
  0.209999993      -45.4386330    
  0.219999999       101.244453    
  0.229999989       24.2967262    
  0.239999995      -121.440483    
  0.250000000      -8.83900452    
  0.259999990       131.852753    
  0.269999981       6.93922806    
  0.280000001      -133.752518    
  0.289999992      -21.1510124    
  0.299999982       124.586174    
  0.310000002       47.6384201    
  0.319999993      -99.0446320    
  0.329999983      -74.9988861    
  0.340000004       55.0208206    
  0.349999994       86.2138519    
  0.359999985      -1.63472557    
  0.370000005      -67.9774170    
  0.379999995      -38.9378967    
  0.389999986       25.0126991    
  0.399999976       44.8897743    
  0.409999996       15.5073538    
  0.419999987      -18.1524429    
  0.429999977      -25.0344009    
  0.439999998      -10.1057854    
  0.449999988       6.28867006    
  0.459999979       12.0994549    
  0.469999999       8.25921249    
  0.479999989       1.87225366    
  0.489999980      -3.09011245    
  0.500000000      -3.58012938    
  0.509999990      -4.05870676    
  0.519999981      -1.15615332    
  0.529999971     -0.677577615    
  0.539999962      -1.16759467    
  0.550000012       3.79477859    
  0.560000002      -2.59217787    
  0.569999993       1.24805474    
  0.579999983       7.05883646    
  0.589999974      -9.33560371    
  0.599999964       5.59300756    
  0.610000014       12.4749451    
  0.620000005      -21.1848259    
  0.629999995       8.19760323    
  0.639999986       28.0746346    
  0.649999976      -35.8759422    
  0.659999967      -6.83639145    
  0.669999957       59.5062866    
  0.680000007      -28.3423061    
  0.689999998      -59.5353546    
  0.699999988       70.4843979    
  0.709999979       46.4386482    
  0.719999969      -100.244469    
  0.729999959      -23.2967262    
  0.740000010       122.440498    
  0.750000000       9.83897781    
  0.759999990      -130.852783    
  0.769999981      -5.93922043    
  0.779999971       134.752518    
  0.789999962       22.1510010    
  0.799999952      -123.586182    
  0.810000002      -46.6384201    
  0.819999993       100.044647    
  0.829999983       75.9988937    
  0.839999974      -54.0208359    
  0.849999964      -85.2138596    
  0.859999955       2.63471985    
  0.870000005       68.9774094    
  0.879999995       39.9378929    
  0.889999986      -24.0126896    
  0.899999976      -43.8897629    
  0.909999967      -14.5073566    
  0.919999957       19.1524315    
  0.930000007       26.0343914    
  0.939999998       11.1057835    
  0.949999988      -5.28866482    
  0.959999979      -11.0994492    
  0.969999969      -7.25921583    
  0.979999959     -0.872260571    
  0.989999950       4.09011173    
   1.00000000       4.58013058    
