   9.99999978E-03  0.218847245    
   1.99999996E-02  0.218847245    
   2.99999993E-02  0.153606549    
   3.99999991E-02  0.153606549    
   4.99999970E-02  0.102438226    
   5.99999987E-02  0.102438226    
   7.00000003E-02   6.47205859E-02
   7.99999982E-02   6.47205859E-02
   8.99999961E-02   3.86338867E-02
   9.99999940E-02   3.86338867E-02
  0.109999999       2.17451155E-02
  0.119999997       2.17451155E-02
  0.129999995       1.15578603E-02
  0.140000001       1.15578603E-02
  0.149999991       5.91212139E-03
  0.159999996       5.91212139E-03
  0.170000002       3.19940154E-03
  0.179999992       3.19940154E-03
  0.189999998       2.42640427E-03
  0.199999988       2.42640427E-03
  0.209999993       3.19460337E-03
  0.219999999       3.19460337E-03
  0.229999989       5.66025684E-03
  0.239999995       5.66025684E-03
  0.250000000       1.05115473E-02
  0.259999990       1.05115473E-02
  0.269999981       1.89618114E-02
  0.280000001       1.89618114E-02
  0.289999992       3.27239335E-02
  0.299999982       3.27239335E-02
  0.310000002       5.39113432E-02
  0.319999993       5.39113432E-02
  0.329999983       8.48137513E-02
  0.340000004       8.48137513E-02
  0.349999994      0.127525404    
  0.359999985      0.127525404    
  0.370000005      0.183457553    
  0.379999995      0.183457553    
  0.389999986      0.252830833    
  0.399999976      0.252830833    
  0.409999996      0.334291816    
  0.419999987      0.334291816    
  0.429999977      0.424804091    
  0.439999998      0.424804091    
  0.449999988      0.519907594    
  0.459999979      0.519907594    
  0.469999999      0.614336491    
  0.479999989      0.614336491    
  0.489999980      0.702863634    
  0.500000000      0.702863634    
  0.509999990      0.781152844    
  0.519999981      0.781152844    
  0.529999971      0.846393466    
  0.539999962      0.846393466    
  0.550000012      0.897561789    
  0.560000002      0.897561789    
  0.569999993      0.935279489    
  0.579999983      0.935279489    
  0.589999974      0.961366177    
  0.599999964      0.961366177    
  0.610000014      0.978254974    
  0.620000005      0.978254974    
  0.629999995      0.988442242    
  0.639999986      0.988442242    
  0.649999976      0.994087934    
  0.659999967      0.994087934    
  0.669999957      0.996800542    
  0.680000007      0.996800542    
  0.689999998      0.997573555    
  0.699999988      0.997573555    
  0.709999979      0.996805370    
  0.719999969      0.996805370    
  0.729999959      0.994339764    
  0.740000010      0.994339764    
  0.750000000      0.989488542    
  0.759999990      0.989488542    
  0.769999981      0.981038272    
  0.779999971      0.981038272    
  0.789999962      0.967276096    
  0.799999952      0.967276096    
  0.810000002      0.946088672    
  0.819999993      0.946088672    
  0.829999983      0.915186226    
  0.839999974      0.915186226    
  0.849999964      0.872474492    
  0.859999955      0.872474492    
  0.870000005      0.816542447    
  0.879999995      0.816542447    
  0.889999986      0.747169197    
  0.899999976      0.747169197    
  0.909999967      0.665708303    
  0.919999957      0.665708303    
  0.930000007      0.575196028    
  0.939999998      0.575196028    
  0.949999988      0.480092615    
  0.959999979      0.480092615    
  0.969999969      0.385663569    
  0.979999959      0.385663569    
  0.989999950      0.297136426    
   1.00000000      0.297136426    
