   9.99999978E-03  -43331744.0    
   1.99999996E-02   44335116.0    
   2.99999993E-02   38550240.0    
   3.99999991E-02  -38862828.0    
   4.99999970E-02  -15718063.0    
   5.99999987E-02   33605556.0    
   7.00000003E-02  -17862508.0    
   7.99999982E-02  -27961322.0    
   8.99999961E-02   52438380.0    
   9.99999940E-02   19812436.0    
  0.109999999      -79788864.0    
  0.119999997      -6573714.00    
  0.129999995       96082016.0    
  0.140000001      -13081616.0    
  0.149999991      -102227232.    
  0.159999996       37931736.0    
  0.170000002       101893952.    
  0.179999992      -64372584.0    
  0.189999998      -98833776.0    
  0.199999988       88060576.0    
  0.209999993       95354176.0    
  0.219999999      -105909168.    
  0.229999989      -92516096.0    
  0.239999995       117010680.    
  0.250000000       91068992.0    
  0.259999990      -121928824.    
  0.269999981      -91824904.0    
  0.280000001       121172904.    
  0.289999992       95231248.0    
  0.299999982      -114295552.    
  0.310000002      -100902512.    
  0.319999993       100360832.    
  0.329999983       107654424.    
  0.340000004      -79239912.0    
  0.349999994      -113701096.    
  0.359999985       52565400.0    
  0.370000005       116527608.    
  0.379999995      -23631312.0    
  0.389999986      -112776904.    
  0.399999976      -3613292.00    
  0.409999996       99042416.0    
  0.419999987       25827296.0    
  0.429999977      -73773968.0    
  0.439999998      -41148032.0    
  0.449999988       39251656.0    
  0.459999979       49350468.0    
  0.469999999      -2117596.00    
  0.479999989      -51441220.0    
  0.489999980      -28296452.0    
  0.500000000       49116632.0    
  0.509999990       43331744.0    
  0.519999981      -44335124.0    
  0.529999971      -38550240.0    
  0.539999962       38862844.0    
  0.550000012       15718054.0    
  0.560000002      -33605564.0    
  0.569999993       17862532.0    
  0.579999983       27961320.0    
  0.589999974      -52438396.0    
  0.599999964      -19812438.0    
  0.610000014       79788864.0    
  0.620000005       6573726.00    
  0.629999995      -96082032.0    
  0.639999986       13081628.0    
  0.649999976       102227240.    
  0.659999967      -37931752.0    
  0.669999957      -101893952.    
  0.680000007       64372612.0    
  0.689999998       98833776.0    
  0.699999988      -88060624.0    
  0.709999979      -95354176.0    
  0.719999969       105909208.    
  0.729999959       92516088.0    
  0.740000010      -117010720.    
  0.750000000      -91068968.0    
  0.759999990       121928864.    
  0.769999981       91824880.0    
  0.779999971      -121172960.    
  0.789999962      -95231216.0    
  0.799999952       114295584.    
  0.810000002       100902488.    
  0.819999993      -100360832.    
  0.829999983      -107654416.    
  0.839999974       79239904.0    
  0.849999964       113701088.    
  0.859999955      -52565392.0    
  0.870000005      -116527592.    
  0.879999995       23631320.0    
  0.889999986       112776896.    
  0.899999976       3613312.00    
  0.909999967      -99042392.0    
  0.919999957      -25827298.0    
  0.930000007       73773968.0    
  0.939999998       41148032.0    
  0.949999988      -39251652.0    
  0.959999979      -49350452.0    
  0.969999969       2117612.00    
  0.979999959       51441228.0    
  0.989999950       28296444.0    
   1.00000000      -49116628.0    
