   9.99999978E-03   3.54218102    
   1.99999996E-02  0.966611803    
   2.99999993E-02   1.48861122    
   3.99999991E-02  0.473162442    
   4.99999970E-02  -1.48910570    
   5.99999987E-02   3.26889038    
   7.00000003E-02  -2.99175477    
   7.99999982E-02 -0.783963442    
   8.99999961E-02   6.98195744    
   9.99999940E-02  -9.44515705    
  0.109999999       1.32455206    
  0.119999997       14.2688732    
  0.129999995      -19.4128056    
  0.140000001      -1.26064682    
  0.149999991       31.0572357    
  0.159999996      -26.0539513    
  0.170000002      -23.7199326    
  0.179999992       53.1811180    
  0.189999998      -1.19826889    
  0.199999988      -68.8316193    
  0.209999993       32.9592934    
  0.219999999       71.9719086    
  0.229999989      -60.8217812    
  0.239999995      -69.1124039    
  0.250000000       78.6187744    
  0.259999990       68.0784607    
  0.269999981      -83.7382278    
  0.280000001      -73.1978912    
  0.289999992       74.5332870    
  0.299999982       82.8238831    
  0.310000002      -49.9698029    
  0.319999993      -88.9823914    
  0.329999983       12.8084965    
  0.340000004       80.4418411    
  0.349999994       26.0624561    
  0.359999985      -50.8385925    
  0.370000005      -48.5045776    
  0.379999995       8.60660553    
  0.389999986       40.9244957    
  0.399999976       22.7723331    
  0.409999996      -10.9093523    
  0.419999987      -23.8536758    
  0.429999977      -13.0839634    
  0.439999998       3.34315348    
  0.449999988       11.1090755    
  0.459999979       8.90127945    
  0.469999999       2.64062905    
  0.479999989      -2.11736345    
  0.489999980      -4.07962704    
  0.500000000      -3.06417990    
  0.509999990      -2.54218006    
  0.519999981       3.33881378E-02
  0.529999971     -0.488612026    
  0.539999962      0.526838064    
  0.550000012       2.48910618    
  0.560000002      -2.26889062    
  0.569999993       3.99175358    
  0.579999983       1.78396285    
  0.589999974      -5.98195171    
  0.599999964       10.4451532    
  0.610000014     -0.324560165    
  0.620000005      -13.2688599    
  0.629999995       20.4128094    
  0.639999986       2.26062775    
  0.649999976      -30.0572243    
  0.659999967       27.0539570    
  0.669999957       24.7199211    
  0.680000007      -52.1811218    
  0.689999998       2.19826889    
  0.699999988       69.8316345    
  0.709999979      -31.9592934    
  0.719999969      -70.9719162    
  0.729999959       61.8217888    
  0.740000010       70.1124039    
  0.750000000      -77.6188049    
  0.759999990      -67.0784607    
  0.769999981       84.7382355    
  0.779999971       74.1978760    
  0.789999962      -73.5332947    
  0.799999952      -81.8238831    
  0.810000002       50.9698105    
  0.819999993       89.9823990    
  0.829999983      -11.8085079    
  0.839999974      -79.4418488    
  0.849999964      -25.0624561    
  0.859999955       51.8385849    
  0.870000005       49.5045738    
  0.879999995      -7.60660172    
  0.889999986      -39.9244843    
  0.899999976      -21.7723312    
  0.909999967       11.9093437    
  0.919999957       24.8536663    
  0.930000007       14.0839615    
  0.939999998      -2.34315062    
  0.949999988      -10.1090708    
  0.959999979      -7.90127993    
  0.969999969      -1.64063525    
  0.979999959       3.11736035    
  0.989999950       5.07962942    
   1.00000000       4.06418085    
