   9.99999978E-03  0.881343186    
   1.99999996E-02  0.881343186    
   2.99999993E-02  0.846950710    
   3.99999991E-02  0.846950710    
   4.99999970E-02  0.805892348    
   5.99999987E-02  0.805892348    
   7.00000003E-02  0.758358181    
   7.99999982E-02  0.758358181    
   8.99999961E-02  0.704868793    
   9.99999940E-02  0.704868793    
  0.109999999      0.646303177    
  0.119999997      0.646303177    
  0.129999995      0.583884060    
  0.140000001      0.583884060    
  0.149999991      0.519118965    
  0.159999996      0.519118965    
  0.170000002      0.453702331    
  0.179999992      0.453702331    
  0.189999998      0.389391840    
  0.199999988      0.389391840    
  0.209999993      0.327874333    
  0.219999999      0.327874333    
  0.229999989      0.270640880    
  0.239999995      0.270640880    
  0.250000000      0.218887851    
  0.259999990      0.218887851    
  0.269999981      0.173456907    
  0.280000001      0.173456907    
  0.289999992      0.134821251    
  0.299999982      0.134821251    
  0.310000002      0.103116244    
  0.319999993      0.103116244    
  0.329999983       7.82079548E-02
  0.340000004       7.82079548E-02
  0.349999994       5.97864613E-02
  0.359999985       5.97864613E-02
  0.370000005       4.74691465E-02
  0.379999995       4.74691465E-02
  0.389999986       4.08985093E-02
  0.399999976       4.08985093E-02
  0.409999996       3.98211032E-02
  0.419999987       3.98211032E-02
  0.429999977       4.41377349E-02
  0.439999998       4.41377349E-02
  0.449999988       5.39191104E-02
  0.459999979       5.39191104E-02
  0.469999999       6.93855584E-02
  0.479999989       6.93855584E-02
  0.489999980       9.08536986E-02
  0.500000000       9.08536986E-02
  0.509999990      0.118656851    
  0.519999981      0.118656851    
  0.529999971      0.153049439    
  0.539999962      0.153049439    
  0.550000012      0.194107831    
  0.560000002      0.194107831    
  0.569999993      0.241641983    
  0.579999983      0.241641983    
  0.589999974      0.295131415    
  0.599999964      0.295131415    
  0.610000014      0.353697002    
  0.620000005      0.353697002    
  0.629999995      0.416116059    
  0.639999986      0.416116059    
  0.649999976      0.480881155    
  0.659999967      0.480881155    
  0.669999957      0.546297789    
  0.680000007      0.546297789    
  0.689999998      0.610608339    
  0.699999988      0.610608339    
  0.709999979      0.672125816    
  0.719999969      0.672125816    
  0.729999959      0.729359329    
  0.740000010      0.729359329    
  0.750000000      0.781112432    
  0.759999990      0.781112432    
  0.769999981      0.826543272    
  0.779999971      0.826543272    
  0.789999962      0.865178943    
  0.799999952      0.865178943    
  0.810000002      0.896883905    
  0.819999993      0.896883905    
  0.829999983      0.921792150    
  0.839999974      0.921792150    
  0.849999964      0.940213501    
  0.859999955      0.940213501    
  0.870000005      0.952530742    
  0.879999995      0.952530742    
  0.889999986      0.959101379    
  0.899999976      0.959101379    
  0.909999967      0.960178792    
  0.919999957      0.960178792    
  0.930000007      0.955862224    
  0.939999998      0.955862224    
  0.949999988      0.946080863    
  0.959999979      0.946080863    
  0.969999969      0.930614531    
  0.979999959      0.930614531    
  0.989999950      0.909146309    
   1.00000000      0.909146309    
