   9.99999978E-03  -19355.8398    
   1.99999996E-02  -123015.328    
   2.99999993E-02   15565.9414    
   3.99999991E-02   67927.1094    
   4.99999970E-02  -52544.5156    
   5.99999987E-02   20857.1367    
   7.00000003E-02   95314.2109    
   7.99999982E-02  -112355.922    
   8.99999961E-02  -100924.688    
   9.99999940E-02   186288.156    
  0.109999999       47390.3750    
  0.119999997      -235783.000    
  0.129999995       54639.1875    
  0.140000001       258674.250    
  0.149999991      -174847.531    
  0.159999996      -251714.906    
  0.170000002       286352.938    
  0.179999992       215384.734    
  0.189999998      -377522.625    
  0.199999988      -160356.062    
  0.209999993       447281.125    
  0.219999999       104640.891    
  0.229999989      -496490.969    
  0.239999995      -64187.8750    
  0.250000000       526028.375    
  0.259999990       47905.9062    
  0.269999981      -537487.188    
  0.280000001      -59364.7812    
  0.289999992       530851.375    
  0.299999982       98548.3906    
  0.310000002      -502583.250    
  0.319999993      -159943.172    
  0.329999983       447693.875    
  0.340000004       230527.375    
  0.349999994      -362379.812    
  0.359999985      -291411.531    
  0.370000005       246656.188    
  0.379999995       323523.500    
  0.389999986      -109998.328    
  0.399999976      -314033.406    
  0.409999996      -23611.1875    
  0.419999987       259562.188    
  0.429999977       120664.398    
  0.439999998      -166548.469    
  0.449999988      -155117.234    
  0.459999979       52552.9062    
  0.469999999       127010.031    
  0.479999989       53608.3984    
  0.489999980      -66863.2891    
  0.500000000      -119224.453    
  0.509999990       19356.8555    
  0.519999981       123016.312    
  0.529999971      -15564.9453    
  0.539999962      -67926.0938    
  0.550000012       52545.5273    
  0.560000002      -20856.1562    
  0.569999993      -95313.2266    
  0.579999983       112356.977    
  0.589999974       100925.688    
  0.599999964      -186287.219    
  0.610000014      -47389.3594    
  0.620000005       235784.109    
  0.629999995      -54638.1875    
  0.639999986      -258673.375    
  0.649999976       174848.594    
  0.659999967       251715.891    
  0.669999957      -286352.031    
  0.680000007      -215383.703    
  0.689999998       377523.656    
  0.699999988       160357.016    
  0.709999979      -447280.188    
  0.719999969      -104639.797    
  0.729999959       496492.000    
  0.740000010       64188.8438    
  0.750000000      -526027.375    
  0.759999990      -47904.7969    
  0.769999981       537488.250    
  0.779999971       59365.7656    
  0.789999962      -530850.500    
  0.799999952      -98547.4844    
  0.810000002       502584.344    
  0.819999993       159944.156    
  0.829999983      -447692.844    
  0.839999974      -230526.375    
  0.849999964       362380.812    
  0.859999955       291412.625    
  0.870000005      -246655.156    
  0.879999995      -323522.500    
  0.889999986       109999.297    
  0.899999976       314034.406    
  0.909999967       23612.1562    
  0.919999957      -259561.203    
  0.930000007      -120663.383    
  0.939999998       166549.500    
  0.949999988       155118.250    
  0.959999979      -52551.9219    
  0.969999969      -127009.016    
  0.979999959      -53607.3789    
  0.989999950       66864.2891    
   1.00000000       119225.445    
