   9.99999978E-03   5.66470194    
   1.99999996E-02   3.00143695    
   2.99999993E-02   1.67471659    
   3.99999991E-02   3.28568316    
   4.99999970E-02  -3.15092397    
   5.99999987E-02   2.95549798    
   7.00000003E-02   2.16469955    
   7.99999982E-02  -8.70475674    
   8.99999961E-02   9.96914959    
   9.99999940E-02  0.859639645    
  0.109999999      -18.1694183    
  0.119999997       21.1154861    
  0.129999995       5.11728668    
  0.140000001      -38.0930328    
  0.149999991       28.1481743    
  0.159999996       31.6819649    
  0.170000002      -63.8827667    
  0.179999992     -0.418113708    
  0.189999998       85.2420120    
  0.199999988      -42.9908905    
  0.209999993      -88.1208420    
  0.219999999       83.8106155    
  0.229999989       79.9679565    
  0.239999995      -113.156548    
  0.250000000      -72.1623154    
  0.259999990       127.908195    
  0.269999981       73.3405457    
  0.280000001      -126.729958    
  0.289999992      -85.7356873    
  0.299999982       107.388817    
  0.310000002       103.546120    
  0.319999993      -68.3853073    
  0.329999983      -113.515251    
  0.340000004       14.7176361    
  0.349999994       100.377739    
  0.359999985       36.9130936    
  0.370000005      -58.6516266    
  0.379999995      -62.1854248    
  0.389999986       4.05578232    
  0.399999976       47.2661095    
  0.409999996       31.2679081    
  0.419999987      -8.01700401    
  0.429999977      -27.0460663    
  0.439999998      -17.9365540    
  0.449999988      0.737360001    
  0.459999979       11.6068192    
  0.469999999       10.8160133    
  0.479999989       4.70958519    
  0.489999980      -1.72701669    
  0.500000000      -3.33798075    
  0.509999990      -4.66470051    
  0.519999981      -2.00143576    
  0.529999971     -0.674717307    
  0.539999962      -2.28568363    
  0.550000012       4.15092421    
  0.560000002      -1.95549691    
  0.569999993      -1.16469884    
  0.579999983       9.70475101    
  0.589999974      -8.96914673    
  0.599999964      0.140370369    
  0.610000014       19.1694031    
  0.620000005      -20.1154900    
  0.629999995      -4.11726189    
  0.639999986       39.0930214    
  0.649999976      -27.1481857    
  0.659999967      -30.6819496    
  0.669999957       64.8827667    
  0.680000007       1.41810417    
  0.689999998      -84.2420349    
  0.699999988       43.9908981    
  0.709999979       89.1208649    
  0.719999969      -82.8106232    
  0.729999959      -78.9679718    
  0.740000010       114.156570    
  0.750000000       73.1622925    
  0.759999990      -126.908234    
  0.769999981      -72.3405457    
  0.779999971       127.729965    
  0.789999962       86.7356720    
  0.799999952      -106.388824    
  0.810000002      -102.546127    
  0.819999993       69.3853149    
  0.829999983       114.515266    
  0.839999974      -13.7176476    
  0.849999964      -99.3777466    
  0.859999955      -35.9130974    
  0.870000005       59.6516151    
  0.879999995       63.1854172    
  0.889999986      -3.05577660    
  0.899999976      -46.2660980    
  0.909999967      -30.2679062    
  0.919999957       9.01699448    
  0.930000007       28.0460529    
  0.939999998       18.9365463    
  0.949999988      0.262643337    
  0.959999979      -10.6068115    
  0.969999969      -9.81601334    
  0.979999959      -3.70959234    
  0.989999950       2.72701406    
   1.00000000       4.33798170    
