   9.99999978E-03  0.776719630    
   1.99999996E-02  0.776719630    
   2.99999993E-02  0.720579565    
   3.99999991E-02  0.720579565    
   4.99999970E-02  0.658179641    
   5.99999987E-02  0.658179641    
   7.00000003E-02  0.590950966    
   7.99999982E-02  0.590950966    
   8.99999961E-02  0.520749450    
   9.99999940E-02  0.520749450    
  0.109999999      0.449713558    
  0.119999997      0.449713558    
  0.129999995      0.380076379    
  0.140000001      0.380076379    
  0.149999991      0.313960969    
  0.159999996      0.313960969    
  0.170000002      0.253191143    
  0.179999992      0.253191143    
  0.189999998      0.199146360    
  0.199999988      0.199146360    
  0.209999993      0.152682945    
  0.219999999      0.152682945    
  0.229999989      0.114129044    
  0.239999995      0.114129044    
  0.250000000       8.33495334E-02
  0.259999990       8.33495334E-02
  0.269999981       5.98643646E-02
  0.280000001       5.98643646E-02
  0.289999992       4.29979190E-02
  0.299999982       4.29979190E-02
  0.310000002       3.20346653E-02
  0.319999993       3.20346653E-02
  0.329999983       2.63591129E-02
  0.340000004       2.63591129E-02
  0.349999994       2.55632624E-02
  0.359999985       2.55632624E-02
  0.370000005       2.95111276E-02
  0.379999995       2.95111276E-02
  0.389999986       3.83556038E-02
  0.399999976       3.83556038E-02
  0.409999996       5.25076501E-02
  0.419999987       5.25076501E-02
  0.429999977       7.25615323E-02
  0.439999998       7.25615323E-02
  0.449999988       9.91835743E-02
  0.459999979       9.91835743E-02
  0.469999999      0.132975355    
  0.479999989      0.132975355    
  0.489999980      0.174327165    
  0.500000000      0.174327165    
  0.509999990      0.223280370    
  0.519999981      0.223280370    
  0.529999971      0.279420465    
  0.539999962      0.279420465    
  0.550000012      0.341820419    
  0.560000002      0.341820419    
  0.569999993      0.409049153    
  0.579999983      0.409049153    
  0.589999974      0.479250699    
  0.599999964      0.479250699    
  0.610000014      0.550286591    
  0.620000005      0.550286591    
  0.629999995      0.619923770    
  0.639999986      0.619923770    
  0.649999976      0.686039269    
  0.659999967      0.686039269    
  0.669999957      0.746809185    
  0.680000007      0.746809185    
  0.689999998      0.800853908    
  0.699999988      0.800853908    
  0.709999979      0.847317278    
  0.719999969      0.847317278    
  0.729999959      0.885871172    
  0.740000010      0.885871172    
  0.750000000      0.916650653    
  0.759999990      0.916650653    
  0.769999981      0.940135658    
  0.779999971      0.940135658    
  0.789999962      0.957002044    
  0.799999952      0.957002044    
  0.810000002      0.967965186    
  0.819999993      0.967965186    
  0.829999983      0.973640800    
  0.839999974      0.973640800    
  0.849999964      0.974436700    
  0.859999955      0.974436700    
  0.870000005      0.970488846    
  0.879999995      0.970488846    
  0.889999986      0.961644411    
  0.899999976      0.961644411    
  0.909999967      0.947492361    
  0.919999957      0.947492361    
  0.930000007      0.927438498    
  0.939999998      0.927438498    
  0.949999988      0.900816381    
  0.959999979      0.900816381    
  0.969999969      0.867024601    
  0.979999959      0.867024601    
  0.989999950      0.825672805    
   1.00000000      0.825672805    
