   9.99999978E-03   7411050.00    
   1.99999996E-02   48778120.0    
   2.99999993E-02  -6496779.00    
   3.99999991E-02  -36930572.0    
   4.99999970E-02   14678189.0    
   5.99999987E-02   15844341.0    
   7.00000003E-02  -28287574.0    
   7.99999982E-02   9072564.00    
   8.99999961E-02   41373496.0    
   9.99999940E-02  -32952804.0    
  0.109999999      -48130272.0    
  0.119999997       53235520.0    
  0.129999995       45335112.0    
  0.140000001      -69800832.0    
  0.149999991      -33539796.0    
  0.159999996       83671016.0    
  0.170000002       16361168.0    
  0.179999992      -95477944.0    
  0.189999998       1595024.00    
  0.199999988       104929712.    
  0.209999993      -16770728.0    
  0.219999999      -111494880.    
  0.229999989       27465288.0    
  0.239999995       115340128.    
  0.250000000      -33320820.0    
  0.259999990      -117384864.    
  0.269999981       34330088.0    
  0.280000001       118394144.    
  0.289999992      -30266792.0    
  0.299999982      -118141664.    
  0.310000002       20818496.0    
  0.319999993       115542648.    
  0.329999983      -6157796.00    
  0.340000004      -109492472.    
  0.349999994      -12419514.0    
  0.359999985       99419568.0    
  0.370000005       32109744.0    
  0.379999995      -85101040.0    
  0.389999986      -48840012.0    
  0.399999976       66295912.0    
  0.409999996       58395504.0    
  0.419999987      -42970248.0    
  0.429999977      -58147708.0    
  0.439999998       16178574.0    
  0.449999988       48479508.0    
  0.459999979       11119371.0    
  0.469999999      -33012550.0    
  0.479999989      -34178704.0    
  0.489999980       17430060.0    
  0.500000000       47863856.0    
  0.509999990      -7411054.00    
  0.519999981      -48778120.0    
  0.529999971       6496784.00    
  0.539999962       36930576.0    
  0.550000012      -14678202.0    
  0.560000002      -15844337.0    
  0.569999993       28287592.0    
  0.579999983      -9072580.00    
  0.589999974      -41373504.0    
  0.599999964       32952812.0    
  0.610000014       48130280.0    
  0.620000005      -53235516.0    
  0.629999995      -45335120.0    
  0.639999986       69800848.0    
  0.649999976       33539788.0    
  0.659999967      -83671024.0    
  0.669999957      -16361152.0    
  0.680000007       95477960.0    
  0.689999998      -1595048.00    
  0.699999988      -104929736.    
  0.709999979       16770764.0    
  0.719999969       111494896.    
  0.729999959      -27465320.0    
  0.740000010      -115340136.    
  0.750000000       33320856.0    
  0.759999990       117384864.    
  0.769999981      -34330128.0    
  0.779999971      -118394144.    
  0.789999962       30266832.0    
  0.799999952       118141664.    
  0.810000002      -20818516.0    
  0.819999993      -115542640.    
  0.829999983       6157800.00    
  0.839999974       109492464.    
  0.849999964       12419518.0    
  0.859999955      -99419552.0    
  0.870000005      -32109732.0    
  0.879999995       85101040.0    
  0.889999986       48840020.0    
  0.899999976      -66295888.0    
  0.909999967      -58395504.0    
  0.919999957       42970240.0    
  0.930000007       58147704.0    
  0.939999998      -16178574.0    
  0.949999988      -48479496.0    
  0.959999979      -11119352.0    
  0.969999969       33012558.0    
  0.979999959       34178704.0    
  0.989999950      -17430068.0    
   1.00000000      -47863852.0    
