   9.99999978E-03  0.817318857    
   1.99999996E-02  0.767617404    
   2.99999993E-02  0.767617404    
   3.99999991E-02  0.710996628    
   4.99999970E-02  0.710996628    
   5.99999987E-02  0.648440421    
   7.00000003E-02  0.648440421    
   7.99999982E-02  0.581405997    
   8.99999961E-02  0.581405997    
   9.99999940E-02  0.511739969    
  0.109999999      0.511739969    
  0.119999997      0.441536099    
  0.129999995      0.441536099    
  0.140000001      0.372953624    
  0.149999991      0.372953624    
  0.159999996      0.308024466    
  0.170000002      0.308024466    
  0.179999992      0.248477206    
  0.189999998      0.248477206    
  0.199999988      0.195606470    
  0.209999993      0.195606470    
  0.219999999      0.150204718    
  0.229999989      0.150204718    
  0.239999995      0.112564318    
  0.250000000      0.112564318    
  0.259999990       8.25437605E-02
  0.269999981       8.25437605E-02
  0.280000001       5.96832559E-02
  0.289999992       5.96832559E-02
  0.299999982       4.33475673E-02
  0.310000002       4.33475673E-02
  0.319999993       3.28734890E-02
  0.329999983       3.28734890E-02
  0.340000004       2.77011208E-02
  0.349999994       2.77011208E-02
  0.359999985       2.74730977E-02
  0.370000005       2.74730977E-02
  0.379999995       3.20920385E-02
  0.389999986       3.20920385E-02
  0.399999976       4.17316332E-02
  0.409999996       4.17316332E-02
  0.419999987       5.68016320E-02
  0.429999977       5.68016320E-02
  0.439999998       7.78709352E-02
  0.449999988       7.78709352E-02
  0.459999979      0.105556637    
  0.469999999      0.105556637    
  0.479999989      0.140390903    
  0.489999980      0.140390903    
  0.500000000      0.182681128    
  0.509999990      0.182681128    
  0.519999981      0.232382596    
  0.529999971      0.232382596    
  0.539999962      0.289003372    
  0.550000012      0.289003372    
  0.560000002      0.351559699    
  0.569999993      0.351559699    
  0.579999983      0.418594122    
  0.589999974      0.418594122    
  0.599999964      0.488260150    
  0.610000014      0.488260150    
  0.620000005      0.558464050    
  0.629999995      0.558464050    
  0.639999986      0.627046525    
  0.649999976      0.627046525    
  0.659999967      0.691975832    
  0.669999957      0.691975832    
  0.680000007      0.751523077    
  0.689999998      0.751523077    
  0.699999988      0.804393768    
  0.709999979      0.804393768    
  0.719999969      0.849795461    
  0.729999959      0.849795461    
  0.740000010      0.887435853    
  0.750000000      0.887435853    
  0.759999990      0.917456329    
  0.769999981      0.917456329    
  0.779999971      0.940316737    
  0.789999962      0.940316737    
  0.799999952      0.956652403    
  0.810000002      0.956652403    
  0.819999993      0.967126429    
  0.829999983      0.967126429    
  0.839999974      0.972298741    
  0.849999964      0.972298741    
  0.859999955      0.972526789    
  0.870000005      0.972526789    
  0.879999995      0.967907906    
  0.889999986      0.967907906    
  0.899999976      0.958268404    
  0.909999967      0.958268404    
  0.919999957      0.943198323    
  0.930000007      0.943198323    
  0.939999998      0.922129035    
  0.949999988      0.922129035    
  0.959999979      0.894443333    
  0.969999969      0.894443333    
  0.979999959      0.859609127    
  0.989999950      0.859609127    
   1.00000000      0.817318857    
