   9.99999978E-03   0.00000000    
   1.99999996E-02   0.00000000    
   2.99999993E-02   0.00000000    
   3.99999991E-02   0.00000000    
   4.99999970E-02   0.00000000    
   5.99999987E-02   0.00000000    
   7.00000003E-02   3.02430347E-09
   7.99999982E-02   3.02430347E-09
   8.99999961E-02   1.03834410E-07
   9.99999940E-02   1.03834410E-07
  0.109999999       1.69999441E-06
  0.119999997       1.69999441E-06
  0.129999995       1.76615922E-05
  0.140000001       1.76615922E-05
  0.149999991       1.30722910E-04
  0.159999996       1.30722910E-04
  0.170000002       7.33716704E-04
  0.179999992       7.33716704E-04
  0.189999998       3.24619119E-03
  0.199999988       3.24619119E-03
  0.209999993       1.16211046E-02
  0.219999999       1.16211046E-02
  0.229999989       3.43031622E-02
  0.239999995       3.43031622E-02
  0.250000000       8.47077370E-02
  0.259999990       8.47077370E-02
  0.269999981      0.177116126    
  0.280000001      0.177116126    
  0.289999992      0.317128807    
  0.299999982      0.317128807    
  0.310000002      0.492144704    
  0.319999993      0.492144704    
  0.329999983      0.671648264    
  0.340000004      0.671648264    
  0.349999994      0.821234524    
  0.359999985      0.821234524    
  0.370000005      0.920958638    
  0.379999995      0.920958638    
  0.389999986      0.972898245    
  0.399999976      0.972898245    
  0.409999996      0.993266761    
  0.419999987      0.993266761    
  0.429999977      0.998924673    
  0.439999998      0.998924673    
  0.449999988      0.999917269    
  0.459999979      0.999917269    
  0.469999999       1.00000000    
  0.479999989       1.00000000    
  0.489999980       1.00000000    
  0.500000000       1.00000000    
  0.509999990       1.00000000    
  0.519999981       1.00000000    
  0.529999971       1.00000000    
  0.539999962       1.00000000    
  0.550000012       1.00000000    
  0.560000002       1.00000000    
  0.569999993       1.00000000    
  0.579999983       1.00000000    
  0.589999974      0.999999940    
  0.599999964      0.999999940    
  0.610000014      0.999998271    
  0.620000005      0.999998271    
  0.629999995      0.999982357    
  0.639999986      0.999982357    
  0.649999976      0.999869347    
  0.659999967      0.999869347    
  0.669999957      0.999266326    
  0.680000007      0.999266326    
  0.689999998      0.996753871    
  0.699999988      0.996753871    
  0.709999979      0.988378823    
  0.719999969      0.988378823    
  0.729999959      0.965696812    
  0.740000010      0.965696812    
  0.750000000      0.915292263    
  0.759999990      0.915292263    
  0.769999981      0.822883904    
  0.779999971      0.822883904    
  0.789999962      0.682871103    
  0.799999952      0.682871103    
  0.810000002      0.507855296    
  0.819999993      0.507855296    
  0.829999983      0.328351825    
  0.839999974      0.328351825    
  0.849999964      0.178765565    
  0.859999955      0.178765565    
  0.870000005       7.90414065E-02
  0.879999995       7.90414065E-02
  0.889999986       2.71017440E-02
  0.899999976       2.71017440E-02
  0.909999967       6.73324987E-03
  0.919999957       6.73324987E-03
  0.930000007       1.07533485E-03
  0.939999998       1.07533485E-03
  0.949999988       8.27180629E-05
  0.959999979       8.27180629E-05
  0.969999969       0.00000000    
  0.979999959       0.00000000    
  0.989999950       0.00000000    
   1.00000000       0.00000000    
