   9.99999978E-03   3.22242233E-13
   1.99999996E-02  -2.98261416E-13
   2.99999993E-02   9.93155558E-12
   3.99999991E-02  -2.31694719E-10
   4.99999970E-02   4.10982226E-09
   5.99999987E-02  -5.75522101E-08
   7.00000003E-02   6.52001518E-07
   7.99999982E-02  -6.07356378E-06
   8.99999961E-02   4.70146479E-05
   9.99999940E-02  -3.04282876E-04
  0.109999999       1.65019557E-03
  0.119999997      -7.48559926E-03
  0.129999995       2.82147937E-02
  0.140000001      -8.71793926E-02
  0.149999991      0.215272725    
  0.159999996     -0.403598189    
  0.170000002      0.504324555    
  0.179999992     -0.206776232    
  0.189999998     -0.627487421    
  0.199999988       1.32563186    
  0.209999993     -0.577342093    
  0.219999999      -1.51982760    
  0.229999989       2.03007865    
  0.239999995      0.920122147    
  0.250000000      -2.94898272    
  0.259999990     -0.477769613    
  0.269999981       3.31182981    
  0.280000001      0.840616703    
  0.289999992      -3.02848792    
  0.299999982      -1.91853118    
  0.310000002       1.63137519    
  0.319999993       2.57386065    
  0.329999983      0.670887232    
  0.340000004      -1.28223205    
  0.349999994      -1.70294344    
  0.359999985     -0.991842508    
  0.370000005      -8.39194059E-02
  0.379999995      0.534951329    
  0.389999986      0.837403059    
  0.399999976      0.952797353    
  0.409999996      0.988497734    
  0.419999987      0.997633576    
  0.429999977      0.999588132    
  0.439999998      0.999939442    
  0.449999988      0.999992490    
  0.459999979      0.999999285    
  0.469999999       1.00000000    
  0.479999989       1.00000000    
  0.489999980       1.00000000    
  0.500000000       1.00000000    
  0.509999990       1.00000000    
  0.519999981       1.00000000    
  0.529999971       1.00000000    
  0.539999962       1.00000000    
  0.550000012       1.00000000    
  0.560000002       1.00000000    
  0.569999993      0.999999404    
  0.579999983       1.00000596    
  0.589999974      0.999953032    
  0.599999964       1.00030434    
  0.610000014      0.998349786    
  0.620000005       1.00748539    
  0.629999995      0.971785247    
  0.639999986       1.08717942    
  0.649999976      0.784727454    
  0.659999967       1.40359783    
  0.669999957      0.495675564    
  0.680000007       1.20677686    
  0.689999998       1.62748706    
  0.699999988     -0.325632304    
  0.709999979       1.57734239    
  0.719999969       2.51982760    
  0.729999959      -1.03007877    
  0.740000010       7.98783302E-02
  0.750000000       3.94898176    
  0.759999990       1.47776902    
  0.769999981      -2.31182957    
  0.779999971      0.159383655    
  0.789999962       4.02848816    
  0.799999952       2.91853094    
  0.810000002     -0.631375194    
  0.819999993      -1.57386088    
  0.829999983      0.329112947    
  0.839999974       2.28223181    
  0.849999964       2.70294309    
  0.859999955       1.99184239    
  0.870000005       1.08391964    
  0.879999995      0.465048790    
  0.889999986      0.162596732    
  0.899999976       4.72025499E-02
  0.909999967       1.15021598E-02
  0.919999957       2.36636586E-03
  0.930000007       4.11887129E-04
  0.939999998       6.05895912E-05
  0.949999988       7.50137451E-06
  0.959999979       7.75809440E-07
  0.969999969       6.62557227E-08
  0.979999959       4.59369565E-09
  0.989999950       2.52178334E-10
   1.00000000       1.05520592E-11
