   9.99999978E-03  -120.138138    
   1.99999996E-02  -316.362396    
   2.99999993E-02   65.9148102    
   3.99999991E-02  -20.2792625    
   4.99999970E-02  -153.560211    
   5.99999987E-02   412.609314    
   7.00000003E-02   28.0073853    
   7.99999982E-02  -546.315918    
   8.99999961E-02   462.376953    
   9.99999940E-02   320.004669    
  0.109999999      -993.003235    
  0.119999997       274.999023    
  0.129999995       1171.49097    
  0.140000001      -1111.74377    
  0.149999991      -867.792053    
  0.159999996       1919.56091    
  0.170000002       182.084778    
  0.179999992      -2451.68384    
  0.189999998       715.561646    
  0.199999988       2682.24316    
  0.209999993      -1590.46130    
  0.219999999      -2690.04639    
  0.229999989       2285.94043    
  0.239999995       2623.95776    
  0.250000000      -2712.82300    
  0.259999990      -2615.66772    
  0.269999981       2828.24463    
  0.280000001       2731.08911    
  0.289999992      -2605.69141    
  0.299999982      -2943.70776    
  0.310000002       2032.27905    
  0.319999993       3131.86328    
  0.329999983      -1140.84106    
  0.340000004      -3107.52246    
  0.349999994       59.7230225    
  0.359999985       2693.49121    
  0.370000005       956.015503    
  0.379999995      -1831.33704    
  0.389999986      -1587.38562    
  0.399999976       695.849121    
  0.409999996       1592.34119    
  0.419999987       324.338989    
  0.429999977      -988.669067    
  0.439999998      -846.296997    
  0.449999988       162.395905    
  0.459999979       736.719360    
  0.469999999       352.117432    
  0.479999989      -214.052261    
  0.489999980      -347.333374    
  0.500000000      -261.139099    
  0.509999990       121.138275    
  0.519999981       317.362427    
  0.529999971      -64.9147949    
  0.539999962       21.2792854    
  0.550000012       154.559906    
  0.560000002      -411.609192    
  0.569999993      -27.0070801    
  0.579999983       547.315674    
  0.589999974      -461.377167    
  0.599999964      -319.004364    
  0.610000014       994.003418    
  0.620000005      -273.999359    
  0.629999995      -1170.49109    
  0.639999986       1112.74402    
  0.649999976       868.792175    
  0.659999967      -1918.56128    
  0.669999957      -181.084717    
  0.680000007       2452.68433    
  0.689999998      -714.562012    
  0.699999988      -2681.24365    
  0.709999979       1591.46204    
  0.719999969       2691.04639    
  0.729999959      -2284.94092    
  0.740000010      -2622.95752    
  0.750000000       2713.82300    
  0.759999990       2616.66772    
  0.769999981      -2827.24463    
  0.779999971      -2730.08936    
  0.789999962       2606.69141    
  0.799999952       2944.70752    
  0.810000002      -2031.27905    
  0.819999993      -3130.86328    
  0.829999983       1141.84106    
  0.839999974       3108.52246    
  0.849999964      -58.7229004    
  0.859999955      -2692.49170    
  0.870000005      -955.015259    
  0.879999995       1832.33777    
  0.889999986       1588.38586    
  0.899999976      -694.849426    
  0.909999967      -1591.34155    
  0.919999957      -323.338989    
  0.930000007       989.669067    
  0.939999998       847.296997    
  0.949999988      -161.395813    
  0.959999979      -735.719177    
  0.969999969      -351.117371    
  0.979999959       215.052216    
  0.989999950       348.333221    
   1.00000000       262.139099    
