   9.99999978E-03  -2699186.75    
   1.99999996E-02  -2038494.75    
   2.99999993E-02   2297529.75    
   3.99999991E-02   1077338.62    
   4.99999970E-02  -1781724.25    
   5.99999987E-02   822841.438    
   7.00000003E-02   1172592.00    
   7.99999982E-02  -2901871.75    
   8.99999961E-02  -359716.625    
   9.99999940E-02   4444931.50    
  0.109999999      -818212.000    
  0.119999997      -5094547.00    
  0.129999995       2420964.75    
  0.140000001       4912645.00    
  0.149999991      -4300530.00    
  0.159999996      -4201034.50    
  0.170000002       6148338.00    
  0.179999992       3261889.75    
  0.189999998      -7672666.00    
  0.199999988      -2284762.00    
  0.209999993       8753563.00    
  0.219999999       1391620.50    
  0.229999989      -9444640.00    
  0.239999995      -720165.250    
  0.250000000       9852563.00    
  0.259999990       425534.500    
  0.269999981      -10032127.0    
  0.280000001      -605098.000    
  0.289999992       9967631.00    
  0.299999982       1243157.75    
  0.310000002      -9593103.00    
  0.319999993      -2231162.25    
  0.329999983       8807163.00    
  0.340000004       3419260.50    
  0.349999994      -7515293.50    
  0.359999985      -4628845.00    
  0.370000005       5720524.50    
  0.379999995       5621029.00    
  0.389999986      -3592145.25    
  0.399999976      -6083825.00    
  0.409999996       1431686.25    
  0.419999987       5708021.50    
  0.429999977       444878.625    
  0.439999998      -4359768.50    
  0.449999988      -1817614.25    
  0.459999979       2256849.50    
  0.469999999       2606601.00    
  0.479999989       2034.75000    
  0.489999980      -2857028.50    
  0.500000000      -1636836.50    
  0.509999990       2699188.00    
  0.519999981       2038495.25    
  0.529999971      -2297529.25    
  0.539999962      -1077337.12    
  0.550000012       1781725.50    
  0.560000002      -822840.938    
  0.569999993      -1172591.12    
  0.579999983       2901873.50    
  0.589999974       359718.000    
  0.599999964      -4444931.50    
  0.610000014       818214.000    
  0.620000005       5094550.00    
  0.629999995      -2420965.00    
  0.639999986      -4912646.00    
  0.649999976       4300532.00    
  0.659999967       4201036.00    
  0.669999957      -6148338.00    
  0.680000007      -3261887.75    
  0.689999998       7672667.00    
  0.699999988       2284760.75    
  0.709999979      -8753565.00    
  0.719999969      -1391617.75    
  0.729999959       9444643.00    
  0.740000010       720164.250    
  0.750000000      -9852565.00    
  0.759999990      -425530.750    
  0.769999981       10032129.0    
  0.779999971       605095.750    
  0.789999962      -9967632.00    
  0.799999952      -1243154.50    
  0.810000002       9593105.00    
  0.819999993       2231162.50    
  0.829999983      -8807161.00    
  0.839999974      -3419259.25    
  0.849999964       7515293.50    
  0.859999955       4628846.50    
  0.870000005      -5720522.50    
  0.879999995      -5621027.00    
  0.889999986       3592145.00    
  0.899999976       6083825.00    
  0.909999967      -1431685.38    
  0.919999957      -5708020.50    
  0.930000007      -444878.000    
  0.939999998       4359770.00    
  0.949999988       1817615.25    
  0.959999979      -2256849.00    
  0.969999969      -2606600.00    
  0.979999959      -2033.50000    
  0.989999950       2857029.50    
   1.00000000       1636837.62    
