   9.99999978E-03   71.7628784    
   1.99999996E-02   6.88227081    
   2.99999993E-02  -23.9197845    
   3.99999991E-02   24.5603867    
   4.99999970E-02  -56.8820953    
   5.99999987E-02  -26.2590961    
   7.00000003E-02   98.7945328    
   7.99999982E-02  -74.0518188    
   8.99999961E-02  -55.1738930    
   9.99999940E-02   193.973969    
  0.109999999      -87.0246735    
  0.119999997      -196.552963    
  0.129999995       294.131897    
  0.140000001       56.8021698    
  0.149999991      -441.357941    
  0.159999996       200.726913    
  0.170000002       464.842651    
  0.179999992      -489.473907    
  0.189999998      -364.153351    
  0.199999988       736.362793    
  0.209999993       193.485718    
  0.219999999      -909.274353    
  0.229999989      -22.8482361    
  0.239999995       1013.72986    
  0.250000000      -89.2512512    
  0.259999990      -1069.47351    
  0.269999981       106.446533    
  0.280000001       1086.66870    
  0.289999992      -16.3126831    
  0.299999982      -1052.89062    
  0.310000002      -166.464233    
  0.319999993       936.295837    
  0.329999983       393.418762    
  0.340000004      -707.097290    
  0.349999994      -581.776672    
  0.359999985       372.539795    
  0.370000005       636.655579    
  0.379999995      -5.42918396    
  0.389999986      -503.589417    
  0.399999976      -266.259735    
  0.409999996       224.425186    
  0.419999987       333.953491    
  0.429999977       52.9548111    
  0.439999998      -196.193100    
  0.449999988      -177.315201    
  0.459999979      -4.46879578    
  0.469999999       120.584885    
  0.479999989       89.9618607    
  0.489999980       8.51931763    
  0.500000000      -39.9608688    
  0.509999990      -70.7628937    
  0.519999981      -5.88224983    
  0.529999971       24.9197865    
  0.539999962      -23.5603695    
  0.550000012       57.8820877    
  0.560000002       27.2590485    
  0.569999993      -97.7944565    
  0.579999983       75.0518494    
  0.589999974       56.1737633    
  0.599999964      -192.973907    
  0.610000014       88.0247650    
  0.620000005       197.552917    
  0.629999995      -293.131989    
  0.639999986      -55.8021088    
  0.649999976       442.357971    
  0.659999967      -199.726959    
  0.669999957      -463.842743    
  0.680000007       490.473969    
  0.689999998       365.153351    
  0.699999988      -735.362915    
  0.709999979      -192.485687    
  0.719999969       910.274597    
  0.729999959       23.8481445    
  0.740000010      -1012.72998    
  0.750000000       90.2512512    
  0.759999990       1070.47339    
  0.769999981      -105.446503    
  0.779999971      -1085.66846    
  0.789999962       17.3126526    
  0.799999952       1053.89062    
  0.810000002       167.464233    
  0.819999993      -935.295837    
  0.829999983      -392.418701    
  0.839999974       708.097351    
  0.849999964       582.776611    
  0.859999955      -371.539856    
  0.870000005      -635.655640    
  0.879999995       6.42924500    
  0.889999986       504.589447    
  0.899999976       267.259766    
  0.909999967      -223.425110    
  0.919999957      -332.953461    
  0.930000007      -51.9548492    
  0.939999998       197.193054    
  0.949999988       178.315155    
  0.959999979       5.46881866    
  0.969999969      -119.584839    
  0.979999959      -88.9618378    
  0.989999950      -7.51935196    
   1.00000000       40.9608269    
