   9.99999978E-03  0.868144035    
   1.99999996E-02  0.868144035    
   2.99999993E-02  0.830393732    
   3.99999991E-02  0.830393732    
   4.99999970E-02  0.785884798    
   5.99999987E-02  0.785884798    
   7.00000003E-02  0.734944344    
   7.99999982E-02  0.734944344    
   8.99999961E-02  0.678268850    
   9.99999940E-02  0.678268850    
  0.109999999      0.616933584    
  0.119999997      0.616933584    
  0.129999995      0.552354276    
  0.140000001      0.552354276    
  0.149999991      0.486202329    
  0.159999996      0.486202329    
  0.170000002      0.420285553    
  0.179999992      0.420285553    
  0.189999998      0.356407493    
  0.199999988      0.356407493    
  0.209999993      0.296226382    
  0.219999999      0.296226382    
  0.229999989      0.241133824    
  0.239999995      0.241133824    
  0.250000000      0.192169636    
  0.259999990      0.192169636    
  0.269999981      0.149983138    
  0.280000001      0.149983138    
  0.289999992      0.114844851    
  0.299999982      0.114844851    
  0.310000002       8.67027789E-02
  0.319999993       8.67027789E-02
  0.329999983       6.52722567E-02
  0.340000004       6.52722567E-02
  0.349999994       5.01439087E-02
  0.359999985       5.01439087E-02
  0.370000005       4.08930592E-02
  0.379999995       4.08930592E-02
  0.389999986       3.71751525E-02
  0.399999976       3.71751525E-02
  0.409999996       3.87949273E-02
  0.419999987       3.87949273E-02
  0.429999977       4.57412452E-02
  0.439999998       4.57412452E-02
  0.449999988       5.81840947E-02
  0.459999979       5.81840947E-02
  0.469999999       7.64346570E-02
  0.479999989       7.64346570E-02
  0.489999980      0.100873545    
  0.500000000      0.100873545    
  0.509999990      0.131856054    
  0.519999981      0.131856054    
  0.529999971      0.169606403    
  0.539999962      0.169606403    
  0.550000012      0.214115292    
  0.560000002      0.214115292    
  0.569999993      0.265055776    
  0.579999983      0.265055776    
  0.589999974      0.321731269    
  0.599999964      0.321731269    
  0.610000014      0.383066446    
  0.620000005      0.383066446    
  0.629999995      0.447645813    
  0.639999986      0.447645813    
  0.649999976      0.513797820    
  0.659999967      0.513797820    
  0.669999957      0.579714596    
  0.680000007      0.579714596    
  0.689999998      0.643592775    
  0.699999988      0.643592775    
  0.709999979      0.703773856    
  0.719999969      0.703773856    
  0.729999959      0.758866370    
  0.740000010      0.758866370    
  0.750000000      0.807830513    
  0.759999990      0.807830513    
  0.769999981      0.850017071    
  0.779999971      0.850017071    
  0.789999962      0.885155320    
  0.799999952      0.885155320    
  0.810000002      0.913297296    
  0.819999993      0.913297296    
  0.829999983      0.934727728    
  0.839999974      0.934727728    
  0.849999964      0.949855983    
  0.859999955      0.949855983    
  0.870000005      0.959106863    
  0.879999995      0.959106863    
  0.889999986      0.962824762    
  0.899999976      0.962824762    
  0.909999967      0.961204946    
  0.919999957      0.961204946    
  0.930000007      0.954258740    
  0.939999998      0.954258740    
  0.949999988      0.941815913    
  0.959999979      0.941815913    
  0.969999969      0.923565388    
  0.979999959      0.923565388    
  0.989999950      0.899126530    
   1.00000000      0.899126530    
