   9.99999978E-03   345.830292    
   1.99999996E-02   940.703003    
   2.99999993E-02  -210.021545    
   3.99999991E-02  -86.5264893    
   4.99999970E-02   478.268311    
   5.99999987E-02  -1016.48291    
   7.00000003E-02  -331.769348    
   7.99999982E-02   1647.25439    
   8.99999961E-02  -738.293274    
   9.99999940E-02  -1475.75098    
  0.109999999       2296.66821    
  0.119999997       443.979309    
  0.129999995      -3435.09082    
  0.140000001       1362.19397    
  0.149999991       3654.04688    
  0.159999996      -3529.49658    
  0.170000002      -2972.00977    
  0.179999992       5498.17773    
  0.189999998       1659.37842    
  0.199999988      -6945.97705    
  0.209999993      -104.887451    
  0.219999999       7881.46631    
  0.229999989      -1243.28174    
  0.239999995      -8417.96484    
  0.250000000       2086.99414    
  0.259999990       8724.11035    
  0.269999981      -2238.27368    
  0.280000001      -8875.38867    
  0.289999992       1629.56787    
  0.299999982       8804.24805    
  0.310000002      -320.500244    
  0.319999993      -8306.85156    
  0.329999983      -1465.76099    
  0.340000004       7139.59229    
  0.349999994       3300.79224    
  0.359999985      -5169.39355    
  0.370000005      -4611.90674    
  0.379999995       2571.63525    
  0.389999986       4863.48926    
  0.399999976       66.2049561    
  0.409999996      -3812.86475    
  0.419999987      -1960.17590    
  0.429999977       1812.24341    
  0.439999998       2549.70166    
  0.449999988       164.154297    
  0.459999979      -1814.86987    
  0.469999999      -1130.15674    
  0.479999989       364.594666    
  0.489999980       929.389771    
  0.500000000       805.894287    
  0.509999990      -344.830536    
  0.519999981      -939.702881    
  0.529999971       211.021408    
  0.539999962       87.5263824    
  0.550000012      -477.267578    
  0.560000002       1017.48285    
  0.569999993       332.768555    
  0.579999983      -1646.25427    
  0.589999974       739.294128    
  0.599999964       1476.75061    
  0.610000014      -2295.66895    
  0.620000005      -442.978821    
  0.629999995       3436.09155    
  0.639999986      -1361.19421    
  0.649999976      -3653.04785    
  0.659999967       3530.49707    
  0.669999957       2973.00977    
  0.680000007      -5497.17822    
  0.689999998      -1658.37720    
  0.699999988       6946.97852    
  0.709999979       105.886475    
  0.719999969      -7880.46680    
  0.729999959       1244.28271    
  0.740000010       8418.96484    
  0.750000000      -2085.99414    
  0.759999990      -8723.11035    
  0.769999981       2239.27368    
  0.779999971       8876.38867    
  0.789999962      -1628.56787    
  0.799999952      -8803.24805    
  0.810000002       321.500244    
  0.819999993       8307.85156    
  0.829999983       1466.76245    
  0.839999974      -7138.59277    
  0.849999964      -3299.79297    
  0.859999955       5170.39404    
  0.870000005       4612.90723    
  0.879999995      -2570.63647    
  0.889999986      -4862.49023    
  0.899999976      -65.2044678    
  0.909999967       3813.86597    
  0.919999957       1961.17627    
  0.930000007      -1811.24365    
  0.939999998      -2548.70190    
  0.949999988      -163.154236    
  0.959999979       1815.86975    
  0.969999969       1131.15674    
  0.979999959      -363.594513    
  0.989999950      -928.389526    
   1.00000000      -804.894409    
