   9.99999978E-03   6.20876551E-02
   1.99999996E-02   6.20876551E-02
   2.99999993E-02   3.37419771E-02
   3.99999991E-02   3.37419771E-02
   4.99999970E-02   1.68702416E-02
   5.99999987E-02   1.68702416E-02
   7.00000003E-02   7.71751814E-03
   7.99999982E-02   7.71751814E-03
   8.99999961E-02   3.21880332E-03
   9.99999940E-02   3.21880332E-03
  0.109999999       1.24509807E-03
  0.119999997       1.24509807E-03
  0.129999995       5.32372680E-04
  0.140000001       5.32372680E-04
  0.149999991       4.76879999E-04
  0.159999996       4.76879999E-04
  0.170000002       9.49379930E-04
  0.179999992       9.49379930E-04
  0.189999998       2.21091812E-03
  0.199999988       2.21091812E-03
  0.209999993       4.94795293E-03
  0.219999999       4.94795293E-03
  0.229999989       1.03969965E-02
  0.239999995       1.03969965E-02
  0.250000000       2.04896815E-02
  0.259999990       2.04896815E-02
  0.269999981       3.79118621E-02
  0.280000001       3.79118621E-02
  0.289999992       6.59475923E-02
  0.299999982       6.59475923E-02
  0.310000002      0.108001187    
  0.319999993      0.108001187    
  0.329999983      0.166785777    
  0.340000004      0.166785777    
  0.349999994      0.243328229    
  0.359999985      0.243328229    
  0.370000005      0.336106986    
  0.379999995      0.336106986    
  0.389999986      0.440710455    
  0.399999976      0.440710455    
  0.409999996      0.550294995    
  0.419999987      0.550294995    
  0.429999977      0.656835616    
  0.439999998      0.656835616    
  0.449999988      0.752818108    
  0.459999979      0.752818108    
  0.469999999      0.832803488    
  0.479999989      0.832803488    
  0.489999980      0.894330740    
  0.500000000      0.894330740    
  0.509999990      0.937912464    
  0.519999981      0.937912464    
  0.529999971      0.966258049    
  0.539999962      0.966258049    
  0.550000012      0.983129740    
  0.560000002      0.983129740    
  0.569999993      0.992282569    
  0.579999983      0.992282569    
  0.589999974      0.996781170    
  0.599999964      0.996781170    
  0.610000014      0.998754859    
  0.620000005      0.998754859    
  0.629999995      0.999467611    
  0.639999986      0.999467611    
  0.649999976      0.999523103    
  0.659999967      0.999523103    
  0.669999957      0.999050617    
  0.680000007      0.999050617    
  0.689999998      0.997789145    
  0.699999988      0.997789145    
  0.709999979      0.995052159    
  0.719999969      0.995052159    
  0.729999959      0.989603162    
  0.740000010      0.989603162    
  0.750000000      0.979510427    
  0.759999990      0.979510427    
  0.769999981      0.962088108    
  0.779999971      0.962088108    
  0.789999962      0.934052408    
  0.799999952      0.934052408    
  0.810000002      0.891998827    
  0.819999993      0.891998827    
  0.829999983      0.833214164    
  0.839999974      0.833214164    
  0.849999964      0.756671786    
  0.859999955      0.756671786    
  0.870000005      0.663893163    
  0.879999995      0.663893163    
  0.889999986      0.559289694    
  0.899999976      0.559289694    
  0.909999967      0.449705034    
  0.919999957      0.449705034    
  0.930000007      0.343164474    
  0.939999998      0.343164474    
  0.949999988      0.247182012    
  0.959999979      0.247182012    
  0.969999969      0.167196617    
  0.979999959      0.167196617    
  0.989999950      0.105669387    
   1.00000000      0.105669387    
