   9.99999978E-03  -2041.54993    
   1.99999996E-02  -1249.59607    
   2.99999993E-02   1307.67139    
   3.99999991E-02  -196.880554    
   4.99999970E-02  -276.273254    
   5.99999987E-02   2250.76318    
   7.00000003E-02  -1148.13574    
   7.99999982E-02  -2854.36377    
   8.99999961E-02   3128.32422    
   9.99999940E-02   1251.85986    
  0.109999999      -5070.75830    
  0.119999997       1910.24500    
  0.129999995       5797.84131    
  0.140000001      -5596.93750    
  0.149999991      -4594.27881    
  0.159999996       9030.34277    
  0.170000002       1825.94482    
  0.179999992      -11607.4229    
  0.189999998       1640.67285    
  0.199999988       13061.5527    
  0.209999993      -5040.64307    
  0.219999999      -13631.8516    
  0.229999989       7794.25684    
  0.239999995       13819.5674    
  0.250000000      -9469.41895    
  0.259999990      -14008.2715    
  0.269999981       9868.03125    
  0.280000001       14406.8848    
  0.289999992      -8882.09570    
  0.299999982      -14907.4043    
  0.310000002       6518.69824    
  0.319999993       15109.8994    
  0.329999983      -2992.29688    
  0.340000004      -14413.1719    
  0.349999994      -1165.07812    
  0.359999985       12268.2852    
  0.370000005       5063.88818    
  0.379999995      -8560.73242    
  0.389999986      -7558.07520    
  0.399999976       3836.70215    
  0.409999996       7724.29834    
  0.419999987       743.295654    
  0.429999977      -5579.32275    
  0.439999998      -3702.85889    
  0.449999988       2279.82910    
  0.459999979       3986.05835    
  0.469999999       587.160400    
  0.479999989      -1939.87695    
  0.489999980      -2019.26990    
  0.500000000      -514.716980    
  0.509999990       2042.55017    
  0.519999981       1250.59570    
  0.529999971      -1306.67078    
  0.539999962       197.880280    
  0.550000012       277.272156    
  0.560000002      -2249.76221    
  0.569999993       1149.13696    
  0.579999983       2855.36279    
  0.589999974      -3127.32568    
  0.599999964      -1250.85889    
  0.610000014       5071.75977    
  0.620000005      -1909.24622    
  0.629999995      -5796.84277    
  0.639999986       5597.93945    
  0.649999976       4595.27979    
  0.659999967      -9029.34473    
  0.669999957      -1824.94385    
  0.680000007       11608.4219    
  0.689999998      -1639.67480    
  0.699999988      -13060.5537    
  0.709999979       5041.64844    
  0.719999969       13632.8516    
  0.729999959      -7793.25732    
  0.740000010      -13818.5664    
  0.750000000       9470.41895    
  0.759999990       14009.2715    
  0.769999981      -9867.03125    
  0.779999971      -14405.8848    
  0.789999962       8883.09570    
  0.799999952       14908.4043    
  0.810000002      -6517.69727    
  0.819999993      -15108.9014    
  0.829999983       2993.29590    
  0.839999974       14414.1738    
  0.849999964       1166.07910    
  0.859999955      -12267.2871    
  0.870000005      -5062.88867    
  0.879999995       8561.73535    
  0.889999986       7559.07617    
  0.899999976      -3835.70459    
  0.909999967      -7723.30078    
  0.919999957      -742.294922    
  0.930000007       5580.32422    
  0.939999998       3703.85938    
  0.949999988      -2278.82910    
  0.959999979      -3985.05859    
  0.969999969      -586.160767    
  0.979999959       1940.87622    
  0.989999950       2020.26978    
   1.00000000       515.717590    
