   9.99999978E-03  0.158145487    
   1.99999996E-02  0.158145487    
   2.99999993E-02  0.103887804    
   3.99999991E-02  0.103887804    
   4.99999970E-02   6.43257648E-02
   5.99999987E-02   6.43257648E-02
   7.00000003E-02   3.74155045E-02
   7.99999982E-02   3.74155045E-02
   8.99999961E-02   2.03802325E-02
   9.99999940E-02   2.03802325E-02
  0.109999999       1.03813158E-02
  0.119999997       1.03813158E-02
  0.129999995       4.99002403E-03
  0.140000001       4.99002403E-03
  0.149999991       2.41683400E-03
  0.159999996       2.41683400E-03
  0.170000002       1.54795288E-03
  0.179999992       1.54795288E-03
  0.189999998       1.88277790E-03
  0.199999988       1.88277790E-03
  0.209999993       3.46094230E-03
  0.219999999       3.46094230E-03
  0.229999989       6.83144340E-03
  0.239999995       6.83144340E-03
  0.250000000       1.30697200E-02
  0.259999990       1.30697200E-02
  0.269999981       2.38058493E-02
  0.280000001       2.38058493E-02
  0.289999992       4.11971137E-02
  0.299999982       4.11971137E-02
  0.310000002       6.77692443E-02
  0.319999993       6.77692443E-02
  0.329999983      0.106071867    
  0.340000004      0.106071867    
  0.349999994      0.158150077    
  0.359999985      0.158150077    
  0.370000005      0.224917024    
  0.379999995      0.224917024    
  0.389999986      0.305593729    
  0.399999976      0.305593729    
  0.409999996      0.397420913    
  0.419999987      0.397420913    
  0.429999977      0.495807141    
  0.439999998      0.495807141    
  0.449999988      0.594956100    
  0.459999979      0.594956100    
  0.469999999      0.688847125    
  0.479999989      0.688847125    
  0.489999980      0.772305787    
  0.500000000      0.772305787    
  0.509999990      0.841854572    
  0.519999981      0.841854572    
  0.529999971      0.896112204    
  0.539999962      0.896112204    
  0.550000012      0.935674310    
  0.560000002      0.935674310    
  0.569999993      0.962584496    
  0.579999983      0.962584496    
  0.589999974      0.979619861    
  0.599999964      0.979619861    
  0.610000014      0.989618778    
  0.620000005      0.989618778    
  0.629999995      0.995010018    
  0.639999986      0.995010018    
  0.649999976      0.997583151    
  0.659999967      0.997583151    
  0.669999957      0.998451948    
  0.680000007      0.998451948    
  0.689999998      0.998117208    
  0.699999988      0.998117208    
  0.709999979      0.996539116    
  0.719999969      0.996539116    
  0.729999959      0.993168592    
  0.740000010      0.993168592    
  0.750000000      0.986930370    
  0.759999990      0.986930370    
  0.769999981      0.976194263    
  0.779999971      0.976194263    
  0.789999962      0.958802938    
  0.799999952      0.958802938    
  0.810000002      0.932230711    
  0.819999993      0.932230711    
  0.829999983      0.893928051    
  0.839999974      0.893928051    
  0.849999964      0.841849864    
  0.859999955      0.841849864    
  0.870000005      0.775083005    
  0.879999995      0.775083005    
  0.889999986      0.694406331    
  0.899999976      0.694406331    
  0.909999967      0.602579236    
  0.919999957      0.602579236    
  0.930000007      0.504192948    
  0.939999998      0.504192948    
  0.949999988      0.405043989    
  0.959999979      0.405043989    
  0.969999969      0.311152935    
  0.979999959      0.311152935    
  0.989999950      0.227694288    
   1.00000000      0.227694288    
