   9.99999978E-03   8.93262327E-02
   1.99999996E-02   5.14580272E-02
   2.99999993E-02   5.14580272E-02
   3.99999991E-02   2.74150763E-02
   4.99999970E-02   2.74150763E-02
   5.99999987E-02   1.34379705E-02
   7.00000003E-02   1.34379705E-02
   7.99999982E-02   6.03049994E-03
   8.99999961E-02   6.03049994E-03
   9.99999940E-02   2.47866381E-03
  0.109999999       2.47866381E-03
  0.119999997       9.77826072E-04
  0.129999995       9.77826072E-04
  0.140000001       5.11562917E-04
  0.149999991       5.11562917E-04
  0.159999996       6.54067495E-04
  0.170000002       6.54067495E-04
  0.179999992       1.42245681E-03
  0.189999998       1.42245681E-03
  0.199999988       3.23730614E-03
  0.209999993       3.23730614E-03
  0.219999999       6.99134450E-03
  0.229999989       6.99134450E-03
  0.239999995       1.41817536E-02
  0.250000000       1.41817536E-02
  0.259999990       2.70229988E-02
  0.269999981       2.70229988E-02
  0.280000001       4.84252609E-02
  0.289999992       4.84252609E-02
  0.299999982       8.17176923E-02
  0.310000002       8.17176923E-02
  0.319999993      0.130045399    
  0.329999983      0.130045399    
  0.340000004      0.195489183    
  0.349999994      0.195489183    
  0.359999985      0.278120279    
  0.370000005      0.278120279    
  0.379999995      0.375333279    
  0.389999986      0.375333279    
  0.399999976      0.481804639    
  0.409999996      0.481804639    
  0.419999987      0.590247750    
  0.429999977      0.590247750    
  0.439999998      0.692829013    
  0.449999988      0.692829013    
  0.459999979      0.782812595    
  0.469999999      0.782812595    
  0.479999989      0.855876207    
  0.489999980      0.855876207    
  0.500000000      0.910673857    
  0.509999990      0.910673857    
  0.519999981      0.948542058    
  0.529999971      0.948542058    
  0.539999962      0.972584963    
  0.550000012      0.972584963    
  0.560000002      0.986562073    
  0.569999993      0.986562073    
  0.579999983      0.993969560    
  0.589999974      0.993969560    
  0.599999964      0.997521341    
  0.610000014      0.997521341    
  0.620000005      0.999022126    
  0.629999995      0.999022126    
  0.639999986      0.999488473    
  0.649999976      0.999488473    
  0.659999967      0.999345958    
  0.669999957      0.999345958    
  0.680000007      0.998577595    
  0.689999998      0.998577595    
  0.699999988      0.996762753    
  0.709999979      0.996762753    
  0.719999969      0.993008792    
  0.729999959      0.993008792    
  0.740000010      0.985818386    
  0.750000000      0.985818386    
  0.759999990      0.972977042    
  0.769999981      0.972977042    
  0.779999971      0.951574743    
  0.789999962      0.951574743    
  0.799999952      0.918282330    
  0.810000002      0.918282330    
  0.819999993      0.869954586    
  0.829999983      0.869954586    
  0.839999974      0.804510772    
  0.849999964      0.804510772    
  0.859999955      0.721879780    
  0.870000005      0.721879780    
  0.879999995      0.624666870    
  0.889999986      0.624666870    
  0.899999976      0.518195450    
  0.909999967      0.518195450    
  0.919999957      0.409752309    
  0.930000007      0.409752309    
  0.939999998      0.307171047    
  0.949999988      0.307171047    
  0.959999979      0.217187494    
  0.969999969      0.217187494    
  0.979999959      0.144123912    
  0.989999950      0.144123912    
   1.00000000       8.93262327E-02
