   9.99999978E-03  0.503450274    
   1.99999996E-02  0.503450274    
   2.99999993E-02  0.421485752    
   3.99999991E-02  0.421485752    
   4.99999970E-02  0.342510194    
   5.99999987E-02  0.342510194    
   7.00000003E-02  0.269611269    
   7.99999982E-02  0.269611269    
   8.99999961E-02  0.205184489    
   9.99999940E-02  0.205184489    
  0.109999999      0.150703654    
  0.119999997      0.150703654    
  0.129999995      0.106659658    
  0.140000001      0.106659658    
  0.149999991       7.26622939E-02
  0.159999996       7.26622939E-02
  0.170000002       4.76653539E-02
  0.179999992       4.76653539E-02
  0.189999998       3.02545857E-02
  0.199999988       3.02545857E-02
  0.209999993       1.89374555E-02
  0.219999999       1.89374555E-02
  0.229999989       1.23882079E-02
  0.239999995       1.23882079E-02
  0.250000000       9.62453429E-03
  0.259999990       9.62453429E-03
  0.269999981       1.01124663E-02
  0.280000001       1.01124663E-02
  0.289999992       1.38087934E-02
  0.299999982       1.38087934E-02
  0.310000002       2.11525019E-02
  0.319999993       2.11525019E-02
  0.329999983       3.30114737E-02
  0.340000004       3.30114737E-02
  0.349999994       5.05829826E-02
  0.359999985       5.05829826E-02
  0.370000005       7.52425045E-02
  0.379999995       7.52425045E-02
  0.389999986      0.108339041    
  0.399999976      0.108339041    
  0.409999996      0.150947511    
  0.419999987      0.150947511    
  0.429999977      0.203606457    
  0.439999998      0.203606457    
  0.449999988      0.266086906    
  0.459999979      0.266086906    
  0.469999999      0.337246388    
  0.479999989      0.337246388    
  0.489999980      0.415016592    
  0.500000000      0.415016592    
  0.509999990      0.496549875    
  0.519999981      0.496549875    
  0.529999971      0.578514338    
  0.539999962      0.578514338    
  0.550000012      0.657490015    
  0.560000002      0.657490015    
  0.569999993      0.730388880    
  0.579999983      0.730388880    
  0.589999974      0.794815719    
  0.599999964      0.794815719    
  0.610000014      0.849296510    
  0.620000005      0.849296510    
  0.629999995      0.893340409    
  0.639999986      0.893340409    
  0.649999976      0.927337766    
  0.659999967      0.927337766    
  0.669999957      0.952334642    
  0.680000007      0.952334642    
  0.689999998      0.969745398    
  0.699999988      0.969745398    
  0.709999979      0.981062531    
  0.719999969      0.981062531    
  0.729999959      0.987611771    
  0.740000010      0.987611771    
  0.750000000      0.990375459    
  0.759999990      0.990375459    
  0.769999981      0.989887536    
  0.779999971      0.989887536    
  0.789999962      0.986191273    
  0.799999952      0.986191273    
  0.810000002      0.978847504    
  0.819999993      0.978847504    
  0.829999983      0.966988504    
  0.839999974      0.966988504    
  0.849999964      0.949416995    
  0.859999955      0.949416995    
  0.870000005      0.924757481    
  0.879999995      0.924757481    
  0.889999986      0.891660869    
  0.899999976      0.891660869    
  0.909999967      0.849052370    
  0.919999957      0.849052370    
  0.930000007      0.796393454    
  0.939999998      0.796393454    
  0.949999988      0.733913064    
  0.959999979      0.733913064    
  0.969999969      0.662753642    
  0.979999959      0.662753642    
  0.989999950      0.584983587    
   1.00000000      0.584983587    
