   9.99999978E-03  0.936784863    
   1.99999996E-02  0.931565583    
   2.99999993E-02  0.931565583    
   3.99999991E-02  0.920498133    
   4.99999970E-02  0.920498133    
   5.99999987E-02  0.903534949    
   7.00000003E-02  0.903534949    
   7.99999982E-02  0.880618930    
   8.99999961E-02  0.880618930    
   9.99999940E-02  0.851728857    
  0.109999999      0.851728857    
  0.119999997      0.816933036    
  0.129999995      0.816933036    
  0.140000001      0.776441813    
  0.149999991      0.776441813    
  0.159999996      0.730652213    
  0.170000002      0.730652213    
  0.179999992      0.680175781    
  0.189999998      0.680175781    
  0.199999988      0.625845671    
  0.209999993      0.625845671    
  0.219999999      0.568698585    
  0.229999989      0.568698585    
  0.239999995      0.509933949    
  0.250000000      0.509933949    
  0.259999990      0.450852841    
  0.269999981      0.450852841    
  0.280000001      0.392784685    
  0.289999992      0.392784685    
  0.299999982      0.337009400    
  0.310000002      0.337009400    
  0.319999993      0.284685224    
  0.329999983      0.284685224    
  0.340000004      0.236791059    
  0.349999994      0.236791059    
  0.359999985      0.194089413    
  0.370000005      0.194089413    
  0.379999995      0.157113910    
  0.389999986      0.157113910    
  0.399999976      0.126181260    
  0.409999996      0.126181260    
  0.419999987      0.101424545    
  0.429999977      0.101424545    
  0.439999998       8.28413516E-02
  0.449999988       8.28413516E-02
  0.459999979       7.03488886E-02
  0.469999999       7.03488886E-02
  0.479999989       6.38375878E-02
  0.489999980       6.38375878E-02
  0.500000000       6.32151067E-02
  0.509999990       6.32151067E-02
  0.519999981       6.84343353E-02
  0.529999971       6.84343353E-02
  0.539999962       7.95017853E-02
  0.550000012       7.95017853E-02
  0.560000002       9.64649692E-02
  0.569999993       9.64649692E-02
  0.579999983      0.119381063    
  0.589999974      0.119381063    
  0.599999964      0.148271188    
  0.610000014      0.148271188    
  0.620000005      0.183067083    
  0.629999995      0.183067083    
  0.639999986      0.223558322    
  0.649999976      0.223558322    
  0.659999967      0.269347936    
  0.669999957      0.269347936    
  0.680000007      0.319824368    
  0.689999998      0.319824368    
  0.699999988      0.374154508    
  0.709999979      0.374154508    
  0.719999969      0.431301653    
  0.729999959      0.431301653    
  0.740000010      0.490066350    
  0.750000000      0.490066350    
  0.759999990      0.549147427    
  0.769999981      0.549147427    
  0.779999971      0.607215524    
  0.789999962      0.607215524    
  0.799999952      0.662990868    
  0.810000002      0.662990868    
  0.819999993      0.715314984    
  0.829999983      0.715314984    
  0.839999974      0.763209105    
  0.849999964      0.763209105    
  0.859999955      0.805910885    
  0.870000005      0.805910885    
  0.879999995      0.842886329    
  0.889999986      0.842886329    
  0.899999976      0.873818934    
  0.909999967      0.873818934    
  0.919999957      0.898575604    
  0.930000007      0.898575604    
  0.939999998      0.917158782    
  0.949999988      0.917158782    
  0.959999979      0.929651141    
  0.969999969      0.929651141    
  0.979999959      0.936162412    
  0.989999950      0.936162412    
   1.00000000      0.936784863    
