   9.99999978E-03   0.00000000    
   1.99999996E-02   0.00000000    
   2.99999993E-02   0.00000000    
   3.99999991E-02   0.00000000    
   4.99999970E-02   0.00000000    
   5.99999987E-02   0.00000000    
   7.00000003E-02   0.00000000    
   7.99999982E-02   0.00000000    
   8.99999961E-02   0.00000000    
   9.99999940E-02   0.00000000    
  0.109999999       0.00000000    
  0.119999997       0.00000000    
  0.129999995       0.00000000    
  0.140000001       2.90005664E-06
  0.149999991       2.90005664E-06
  0.159999996       6.57346172E-05
  0.170000002       6.57346172E-05
  0.179999992       6.94080198E-04
  0.189999998       6.94080198E-04
  0.199999988       4.53396980E-03
  0.209999993       4.53396980E-03
  0.219999999       2.05335114E-02
  0.229999989       2.05335114E-02
  0.239999995       6.85321316E-02
  0.250000000       6.85321316E-02
  0.259999990      0.175195724    
  0.269999981      0.175195724    
  0.280000001      0.352968395    
  0.289999992      0.352968395    
  0.299999982      0.575184226    
  0.310000002      0.575184226    
  0.319999993      0.780939639    
  0.329999983      0.780939639    
  0.340000004      0.918109953    
  0.349999994      0.918109953    
  0.359999985      0.980460048    
  0.370000005      0.980460048    
  0.379999995      0.997779548    
  0.389999986      0.997779548    
  0.399999976       1.00000000    
  0.409999996       1.00000000    
  0.419999987       1.00000000    
  0.429999977       1.00000000    
  0.439999998       1.00000000    
  0.449999988       1.00000000    
  0.459999979       1.00000000    
  0.469999999       1.00000000    
  0.479999989       1.00000000    
  0.489999980       1.00000000    
  0.500000000       1.00000000    
  0.509999990       1.00000000    
  0.519999981       1.00000000    
  0.529999971       1.00000000    
  0.539999962       1.00000000    
  0.550000012       1.00000000    
  0.560000002       1.00000000    
  0.569999993       1.00000000    
  0.579999983       1.00000000    
  0.589999974       1.00000000    
  0.599999964       1.00000000    
  0.610000014       1.00000000    
  0.620000005       1.00000000    
  0.629999995       1.00000000    
  0.639999986      0.999997079    
  0.649999976      0.999997079    
  0.659999967      0.999934196    
  0.669999957      0.999934196    
  0.680000007      0.999305904    
  0.689999998      0.999305904    
  0.699999988      0.995466053    
  0.709999979      0.995466053    
  0.719999969      0.979466498    
  0.729999959      0.979466498    
  0.740000010      0.931467831    
  0.750000000      0.931467831    
  0.759999990      0.824804306    
  0.769999981      0.824804306    
  0.779999971      0.647031605    
  0.789999962      0.647031605    
  0.799999952      0.424815774    
  0.810000002      0.424815774    
  0.819999993      0.219060317    
  0.829999983      0.219060317    
  0.839999974       8.18900466E-02
  0.849999964       8.18900466E-02
  0.859999955       1.95399262E-02
  0.870000005       1.95399262E-02
  0.879999995       2.22044601E-03
  0.889999986       2.22044601E-03
  0.899999976       0.00000000    
  0.909999967       0.00000000    
  0.919999957       0.00000000    
  0.930000007       0.00000000    
  0.939999998       0.00000000    
  0.949999988       0.00000000    
  0.959999979       0.00000000    
  0.969999969       0.00000000    
  0.979999959       0.00000000    
  0.989999950       0.00000000    
   1.00000000       0.00000000    
