   9.99999978E-03  0.461530864    
   1.99999996E-02  0.461530864    
   2.99999993E-02  0.379039824    
   3.99999991E-02  0.379039824    
   4.99999970E-02  0.301428020    
   5.99999987E-02  0.301428020    
   7.00000003E-02  0.231620207    
   7.99999982E-02  0.231620207    
   8.99999961E-02  0.171633646    
   9.99999940E-02  0.171633646    
  0.109999999      0.122424625    
  0.119999997      0.122424625    
  0.129999995       8.39268491E-02
  0.140000001       8.39268491E-02
  0.149999991       5.52506521E-02
  0.159999996       5.52506521E-02
  0.170000002       3.49804312E-02
  0.179999992       3.49804312E-02
  0.189999998       2.14975961E-02
  0.199999988       2.14975961E-02
  0.209999993       1.32683013E-02
  0.219999999       1.32683013E-02
  0.229999989       9.05978307E-03
  0.239999995       9.05978307E-03
  0.250000000       8.07607640E-03
  0.259999990       8.07607640E-03
  0.269999981       1.00229811E-02
  0.280000001       1.00229811E-02
  0.289999992       1.51187284E-02
  0.299999982       1.51187284E-02
  0.310000002       2.40623318E-02
  0.319999993       2.40623318E-02
  0.329999983       3.79611701E-02
  0.340000004       3.79611701E-02
  0.349999994       5.82100525E-02
  0.359999985       5.82100525E-02
  0.370000005       8.63122717E-02
  0.379999995       8.63122717E-02
  0.389999986      0.123641826    
  0.399999976      0.123641826    
  0.409999996      0.171164483    
  0.419999987      0.171164483    
  0.429999977      0.229157642    
  0.439999998      0.229157642    
  0.449999988      0.296987295    
  0.459999979      0.296987295    
  0.469999999      0.373003632    
  0.479999989      0.373003632    
  0.489999980      0.454603195    
  0.500000000      0.454603195    
  0.509999990      0.538469315    
  0.519999981      0.538469315    
  0.529999971      0.620960295    
  0.539999962      0.620960295    
  0.550000012      0.698572159    
  0.560000002      0.698572159    
  0.569999993      0.768379927    
  0.579999983      0.768379927    
  0.589999974      0.828366458    
  0.599999964      0.828366458    
  0.610000014      0.877575397    
  0.620000005      0.877575397    
  0.629999995      0.916073263    
  0.639999986      0.916073263    
  0.649999976      0.944749355    
  0.659999967      0.944749355    
  0.669999957      0.965019584    
  0.680000007      0.965019584    
  0.689999998      0.978502393    
  0.699999988      0.978502393    
  0.709999979      0.986731648    
  0.719999969      0.986731648    
  0.729999959      0.990940154    
  0.740000010      0.990940154    
  0.750000000      0.991923928    
  0.759999990      0.991923928    
  0.769999981      0.989977002    
  0.779999971      0.989977002    
  0.789999962      0.984881282    
  0.799999952      0.984881282    
  0.810000002      0.975937784    
  0.819999993      0.975937784    
  0.829999983      0.962038815    
  0.839999974      0.962038815    
  0.849999964      0.941789865    
  0.859999955      0.941789865    
  0.870000005      0.913687646    
  0.879999995      0.913687646    
  0.889999986      0.876358151    
  0.899999976      0.876358151    
  0.909999967      0.828835428    
  0.919999957      0.828835428    
  0.930000007      0.770842314    
  0.939999998      0.770842314    
  0.949999988      0.703012705    
  0.959999979      0.703012705    
  0.969999969      0.626996517    
  0.979999959      0.626996517    
  0.989999950      0.545396984    
   1.00000000      0.545396984    
