   9.99999978E-03   4.00623865E-02
   1.99999996E-02   4.00623865E-02
   2.99999993E-02   1.99016370E-02
   3.99999991E-02   1.99016370E-02
   4.99999970E-02   8.98181647E-03
   5.99999987E-02   8.98181647E-03
   7.00000003E-02   3.65734380E-03
   7.99999982E-02   3.65734380E-03
   8.99999961E-02   1.34120532E-03
   9.99999940E-02   1.34120532E-03
  0.109999999       4.69642662E-04
  0.119999997       4.69642662E-04
  0.129999995       2.51025369E-04
  0.140000001       2.51025369E-04
  0.149999991       4.03741375E-04
  0.159999996       4.03741375E-04
  0.170000002       9.99711337E-04
  0.179999992       9.99711337E-04
  0.189999998       2.44865008E-03
  0.199999988       2.44865008E-03
  0.209999993       5.60834445E-03
  0.219999999       5.60834445E-03
  0.229999989       1.19732199E-02
  0.239999995       1.19732199E-02
  0.250000000       2.38545258E-02
  0.259999990       2.38545258E-02
  0.269999981       4.44183424E-02
  0.280000001       4.44183424E-02
  0.289999992       7.74219930E-02
  0.299999982       7.74219930E-02
  0.310000002      0.126534581    
  0.319999993      0.126534581    
  0.329999983      0.194276094    
  0.340000004      0.194276094    
  0.349999994      0.280834705    
  0.359999985      0.280834705    
  0.370000005      0.383215845    
  0.379999995      0.383215845    
  0.389999986      0.495195210    
  0.399999976      0.495195210    
  0.409999996      0.608305693    
  0.419999987      0.608305693    
  0.429999977      0.713653684    
  0.439999998      0.713653684    
  0.449999988      0.803951919    
  0.459999979      0.803951919    
  0.469999999      0.875020027    
  0.479999989      0.875020027    
  0.489999980      0.926240206    
  0.500000000      0.926240206    
  0.509999990      0.959937692    
  0.519999981      0.959937692    
  0.529999971      0.980098426    
  0.539999962      0.980098426    
  0.550000012      0.991018236    
  0.560000002      0.991018236    
  0.569999993      0.996342659    
  0.579999983      0.996342659    
  0.589999974      0.998658776    
  0.599999964      0.998658776    
  0.610000014      0.999530256    
  0.620000005      0.999530256    
  0.629999995      0.999748945    
  0.639999986      0.999748945    
  0.649999976      0.999596238    
  0.659999967      0.999596238    
  0.669999957      0.999000311    
  0.680000007      0.999000311    
  0.689999998      0.997551441    
  0.699999988      0.997551441    
  0.709999979      0.994391799    
  0.719999969      0.994391799    
  0.729999959      0.988026917    
  0.740000010      0.988026917    
  0.750000000      0.976145506    
  0.759999990      0.976145506    
  0.769999981      0.955581546    
  0.779999971      0.955581546    
  0.789999962      0.922577977    
  0.799999952      0.922577977    
  0.810000002      0.873465359    
  0.819999993      0.873465359    
  0.829999983      0.805723906    
  0.839999974      0.805723906    
  0.849999964      0.719165385    
  0.859999955      0.719165385    
  0.870000005      0.616784275    
  0.879999995      0.616784275    
  0.889999986      0.504804850    
  0.899999976      0.504804850    
  0.909999967      0.391694397    
  0.919999957      0.391694397    
  0.930000007      0.286346436    
  0.939999998      0.286346436    
  0.949999988      0.196048185    
  0.959999979      0.196048185    
  0.969999969      0.124980122    
  0.979999959      0.124980122    
  0.989999950       7.37598836E-02
   1.00000000       7.37598836E-02
