   9.99999978E-03  -10.3916817    
   1.99999996E-02   5.08411694    
   2.99999993E-02   2.50206971    
   3.99999991E-02   1.52451825    
   4.99999970E-02   16.8786697    
   5.99999987E-02  -9.32654476    
   7.00000003E-02  -1.28799677    
   7.99999982E-02   26.7440033    
   8.99999961E-02  -29.4853249    
   9.99999940E-02  -5.45411015    
  0.109999999       54.5610657    
  0.119999997      -49.4261932    
  0.129999995      -34.3944321    
  0.140000001       104.023544    
  0.149999991      -35.4329453    
  0.159999996      -119.472496    
  0.170000002       127.375504    
  0.179999992       83.3969116    
  0.189999998      -207.451706    
  0.199999988      -11.7941895    
  0.209999993       258.061432    
  0.219999999      -67.3670578    
  0.229999989      -282.005066    
  0.239999995       129.675339    
  0.250000000       292.872009    
  0.259999990      -159.812531    
  0.269999981      -302.675720    
  0.280000001       150.008911    
  0.289999992       313.205505    
  0.299999982      -98.4749985    
  0.310000002      -313.112946    
  0.319999993       12.3155670    
  0.329999983       282.171143    
  0.340000004       86.5135956    
  0.349999994      -204.334991    
  0.359999985      -160.356415    
  0.370000005       86.4915390    
  0.379999995       170.531097    
  0.389999986       31.0746078    
  0.399999976      -107.343391    
  0.409999996      -92.3116302    
  0.419999987       11.6756382    
  0.429999977       71.6908264    
  0.439999998       47.6596069    
  0.449999988      -8.56974220    
  0.459999979      -36.6017532    
  0.469999999      -28.5631905    
  0.479999989      -2.35796165    
  0.489999980       12.9961834    
  0.500000000       13.9737244    
  0.509999990       11.3916740    
  0.519999981      -4.08412075    
  0.529999971      -1.50206900    
  0.539999962     -0.524516821    
  0.550000012      -15.8786640    
  0.560000002       10.3265390    
  0.569999993       2.28798676    
  0.579999983      -25.7439823    
  0.589999974       30.4853249    
  0.599999964       6.45407486    
  0.610000014      -53.5610352    
  0.620000005       50.4262161    
  0.629999995       35.3943863    
  0.639999986      -103.023529    
  0.649999976       36.4329681    
  0.659999967       120.472496    
  0.669999957      -126.375526    
  0.680000007      -82.3969116    
  0.689999998       208.451752    
  0.699999988       12.7941818    
  0.709999979      -257.061493    
  0.719999969       68.3670807    
  0.729999959       283.005127    
  0.740000010      -128.675415    
  0.750000000      -291.872040    
  0.759999990       160.812576    
  0.769999981       303.675690    
  0.779999971      -149.008942    
  0.789999962      -312.205475    
  0.799999952       99.4749756    
  0.810000002       314.112946    
  0.819999993      -11.3155823    
  0.829999983      -281.171204    
  0.839999974      -85.5135727    
  0.849999964       205.335022    
  0.859999955       161.356415    
  0.870000005      -85.4915314    
  0.879999995      -169.531097    
  0.889999986      -30.0746193    
  0.899999976       108.343369    
  0.909999967       93.3116226    
  0.919999957      -10.6756268    
  0.930000007      -70.6908035    
  0.939999998      -46.6595993    
  0.949999988       9.56972885    
  0.959999979       37.6017303    
  0.969999969       29.5631828    
  0.979999959       3.35797453    
  0.989999950      -11.9961748    
   1.00000000      -12.9737291    
