   9.99999978E-03   61.1446609    
   1.99999996E-02   84.6348114    
   2.99999993E-02  -23.5393333    
   3.99999991E-02   34.4713402    
   4.99999970E-02   15.4847488    
   5.99999987E-02  -134.663361    
   7.00000003E-02   71.6932602    
   7.99999982E-02   93.8941803    
   8.99999961E-02  -218.071625    
   9.99999940E-02   89.8382568    
  0.109999999       262.958862    
  0.119999997      -337.791656    
  0.129999995      -93.4851379    
  0.140000001       544.802368    
  0.149999991      -230.161179    
  0.159999996      -582.558228    
  0.170000002       614.172546    
  0.179999992       442.751495    
  0.189999998      -948.731934    
  0.199999988      -186.508392    
  0.209999993       1181.96680    
  0.219999999      -92.3395996    
  0.229999989      -1318.63232    
  0.239999995       310.615509    
  0.250000000       1393.45837    
  0.259999990      -412.298340    
  0.269999981      -1437.01062    
  0.280000001       368.746277    
  0.289999992       1451.58862    
  0.299999982      -177.659424    
  0.310000002      -1403.95190    
  0.319999993      -129.645142    
  0.329999983       1238.82996    
  0.340000004       476.606354    
  0.349999994      -914.876831    
  0.359999985      -743.455750    
  0.370000005       453.274933    
  0.379999995       805.672119    
  0.389999986       30.7086792    
  0.399999976      -607.578918    
  0.409999996      -363.272461    
  0.419999987       237.478073    
  0.429999977       410.598694    
  0.439999998       102.688797    
  0.449999988      -209.277084    
  0.459999979      -231.478058    
  0.469999999      -25.1213646    
  0.479999989       125.026825    
  0.489999980       106.040207    
  0.500000000       48.0294571    
  0.509999990      -60.1447220    
  0.519999981      -83.6348114    
  0.529999971       24.5393333    
  0.539999962      -33.4713287    
  0.550000012      -14.4846954    
  0.560000002       135.663284    
  0.569999993      -70.6932983    
  0.579999983      -92.8940201    
  0.589999974       219.071564    
  0.599999964      -88.8383789    
  0.610000014      -261.958771    
  0.620000005       338.791779    
  0.629999995       94.4850464    
  0.639999986      -543.802368    
  0.649999976       231.161224    
  0.659999967       583.558289    
  0.669999957      -613.172729    
  0.680000007      -441.751556    
  0.689999998       949.732056    
  0.699999988       187.508301    
  0.709999979      -1180.96704    
  0.719999969       93.3398438    
  0.729999959       1319.63257    
  0.740000010      -309.615723    
  0.750000000      -1392.45837    
  0.759999990       413.298248    
  0.769999981       1438.01050    
  0.779999971      -367.746063    
  0.789999962      -1450.58862    
  0.799999952       178.659424    
  0.810000002       1404.95190    
  0.819999993       130.645142    
  0.829999983      -1237.82996    
  0.839999974      -475.606323    
  0.849999964       915.876953    
  0.859999955       744.455811    
  0.870000005      -452.275116    
  0.879999995      -804.672180    
  0.889999986      -29.7085876    
  0.899999976       608.578979    
  0.909999967       364.272522    
  0.919999957      -236.478012    
  0.930000007      -409.598633    
  0.939999998      -101.688812    
  0.949999988       210.277023    
  0.959999979       232.477997    
  0.969999969       26.1213760    
  0.979999959      -124.026764    
  0.989999950      -105.040176    
   1.00000000      -47.0294838    
