   9.99999978E-03  0.197953671    
   1.99999996E-02  0.197953671    
   2.99999993E-02  0.136118725    
   3.99999991E-02  0.136118725    
   4.99999970E-02   8.87127966E-02
   5.99999987E-02   8.87127966E-02
   7.00000003E-02   5.46327308E-02
   7.99999982E-02   5.46327308E-02
   8.99999961E-02   3.17017250E-02
   9.99999940E-02   3.17017250E-02
  0.109999999       1.72998514E-02
  0.119999997       1.72998514E-02
  0.129999995       8.90542474E-03
  0.140000001       8.90542474E-03
  0.149999991       4.44933679E-03
  0.159999996       4.44933679E-03
  0.170000002       2.47333734E-03
  0.179999992       2.47333734E-03
  0.189999998       2.14757235E-03
  0.199999988       2.14757235E-03
  0.209999993       3.22547252E-03
  0.219999999       3.22547252E-03
  0.229999989       6.00012671E-03
  0.239999995       6.00012671E-03
  0.250000000       1.12906490E-02
  0.259999990       1.12906490E-02
  0.269999981       2.04462595E-02
  0.280000001       2.04462595E-02
  0.289999992       3.53224277E-02
  0.299999982       3.53224277E-02
  0.310000002       5.81669398E-02
  0.319999993       5.81669398E-02
  0.329999983       9.13619176E-02
  0.340000004       9.13619176E-02
  0.349999994      0.137005478    
  0.359999985      0.137005478    
  0.370000005      0.196379334    
  0.379999995      0.196379334    
  0.389999986      0.269418597    
  0.399999976      0.269418597    
  0.409999996      0.354347944    
  0.419999987      0.354347944    
  0.429999977      0.447641611    
  0.439999998      0.447641611    
  0.449999988      0.544390559    
  0.459999979      0.544390559    
  0.469999999      0.639036238    
  0.479999989      0.639036238    
  0.489999980      0.726298213    
  0.500000000      0.726298213    
  0.509999990      0.802046359    
  0.519999981      0.802046359    
  0.529999971      0.863881350    
  0.539999962      0.863881350    
  0.550000012      0.911287189    
  0.560000002      0.911287189    
  0.569999993      0.945367336    
  0.579999983      0.945367336    
  0.589999974      0.968298376    
  0.599999964      0.968298376    
  0.610000014      0.982700229    
  0.620000005      0.982700229    
  0.629999995      0.991094649    
  0.639999986      0.991094649    
  0.649999976      0.995550692    
  0.659999967      0.995550692    
  0.669999957      0.997526586    
  0.680000007      0.997526586    
  0.689999998      0.997852385    
  0.699999988      0.997852385    
  0.709999979      0.996774554    
  0.719999969      0.996774554    
  0.729999959      0.993999898    
  0.740000010      0.993999898    
  0.750000000      0.988709390    
  0.759999990      0.988709390    
  0.769999981      0.979553819    
  0.779999971      0.979553819    
  0.789999962      0.964677632    
  0.799999952      0.964677632    
  0.810000002      0.941833019    
  0.819999993      0.941833019    
  0.829999983      0.908638060    
  0.839999974      0.908638060    
  0.849999964      0.862994492    
  0.859999955      0.862994492    
  0.870000005      0.803620636    
  0.879999995      0.803620636    
  0.889999986      0.730581403    
  0.899999976      0.730581403    
  0.909999967      0.645652115    
  0.919999957      0.645652115    
  0.930000007      0.552358568    
  0.939999998      0.552358568    
  0.949999988      0.455609560    
  0.959999979      0.455609560    
  0.969999969      0.360963792    
  0.979999959      0.360963792    
  0.989999950      0.273701817    
   1.00000000      0.273701817    
