   9.99999978E-03  -76562.8906    
   1.99999996E-02   17709.5625    
   2.99999993E-02   59137.0898    
   3.99999991E-02  -24807.0352    
   4.99999970E-02  -7300.60254    
   5.99999987E-02   44638.7461    
   7.00000003E-02  -55149.8594    
   7.99999982E-02  -51509.2578    
   8.99999961E-02   106604.875    
   9.99999940E-02   24942.4453    
  0.109999999      -136994.766    
  0.119999997       35748.7695    
  0.129999995       145257.109    
  0.140000001      -113090.281    
  0.149999991      -132166.219    
  0.159999996       186299.312    
  0.170000002       99026.2734    
  0.179999992      -244152.938    
  0.189999998      -51800.6172    
  0.199999988       285775.969    
  0.209999993       1998.57812    
  0.219999999      -313996.562    
  0.229999989       38610.7812    
  0.239999995       331570.812    
  0.250000000      -62599.6875    
  0.259999990      -341359.125    
  0.269999981       66508.2422    
  0.280000001       345267.625    
  0.289999992      -48902.7344    
  0.299999982      -341862.656    
  0.310000002       10744.6094    
  0.319999993       326739.625    
  0.329999983       42962.3594    
  0.340000004      -294614.094    
  0.349999994      -102261.820    
  0.359999985       240917.281    
  0.370000005       153644.188    
  0.379999995      -164821.312    
  0.389999986      -183897.250    
  0.399999976       74450.1562    
  0.409999996       183958.500    
  0.419999987       11214.9531    
  0.429999977      -150722.234    
  0.439999998      -69059.8125    
  0.449999988       89054.3438    
  0.459999979       85413.7578    
  0.469999999      -14374.8418    
  0.479999989      -66314.2266    
  0.489999980      -48807.7969    
  0.500000000       35136.3672    
  0.509999990       76563.8906    
  0.519999981      -17708.5703    
  0.529999971      -59136.0859    
  0.539999962       24808.0391    
  0.550000012       7301.59277    
  0.560000002      -44637.7461    
  0.569999993       55150.8828    
  0.579999983       51510.2578    
  0.589999974      -106603.922    
  0.599999964      -24941.4141    
  0.610000014       136995.812    
  0.620000005      -35747.7812    
  0.629999995      -145256.172    
  0.639999986       113091.297    
  0.649999976       132167.250    
  0.659999967      -186298.391    
  0.669999957      -99025.2578    
  0.680000007       244153.969    
  0.689999998       51801.6172    
  0.699999988      -285774.969    
  0.709999979      -1997.50000    
  0.719999969       313997.594    
  0.729999959      -38609.8438    
  0.740000010      -331569.750    
  0.750000000       62600.7500    
  0.759999990       341360.125    
  0.769999981      -66507.2969    
  0.779999971      -345266.688    
  0.789999962       48903.7188    
  0.799999952       341863.688    
  0.810000002      -10743.6094    
  0.819999993      -326738.656    
  0.829999983      -42961.3516    
  0.839999974       294615.125    
  0.849999964       102262.867    
  0.859999955      -240916.281    
  0.870000005      -153643.250    
  0.879999995       164822.312    
  0.889999986       183898.266    
  0.899999976      -74449.1562    
  0.909999967      -183957.500    
  0.919999957      -11213.9375    
  0.930000007       150723.266    
  0.939999998       69060.8125    
  0.949999988      -89053.3594    
  0.959999979      -85412.7500    
  0.969999969       14375.8555    
  0.979999959       66315.2188    
  0.989999950       48808.7930    
   1.00000000      -35135.3672    
