   9.99999978E-03  0.933434844    
   1.99999996E-02  0.918124020    
   2.99999993E-02  0.918124020    
   3.99999991E-02  0.896841943    
   4.99999970E-02  0.896841943    
   5.99999987E-02  0.869454145    
   7.00000003E-02  0.869454145    
   7.99999982E-02  0.835899353    
   8.99999961E-02  0.835899353    
   9.99999940E-02  0.796259403    
  0.109999999      0.796259403    
  0.119999997      0.750819683    
  0.129999995      0.750819683    
  0.140000001      0.700114071    
  0.149999991      0.700114071    
  0.159999996      0.644943595    
  0.170000002      0.644943595    
  0.179999992      0.586364448    
  0.189999998      0.586364448    
  0.199999988      0.525647044    
  0.209999993      0.525647044    
  0.219999999      0.464206815    
  0.229999989      0.464206815    
  0.239999995      0.403517157    
  0.250000000      0.403517157    
  0.259999990      0.345013559    
  0.269999981      0.345013559    
  0.280000001      0.290002197    
  0.289999992      0.290002197    
  0.299999982      0.239584759    
  0.310000002      0.239584759    
  0.319999993      0.194607764    
  0.329999983      0.194607764    
  0.340000004      0.155643046    
  0.349999994      0.155643046    
  0.359999985      0.122999519    
  0.370000005      0.122999519    
  0.379999995       9.67627093E-02
  0.389999986       9.67627093E-02
  0.399999976       7.68547803E-02
  0.409999996       7.68547803E-02
  0.419999987       6.31048158E-02
  0.429999977       6.31048158E-02
  0.439999998       5.53188398E-02
  0.449999988       5.53188398E-02
  0.459999979       5.33389933E-02
  0.469999999       5.33389933E-02
  0.479999989       5.70839681E-02
  0.489999980       5.70839681E-02
  0.500000000       6.65650368E-02
  0.509999990       6.65650368E-02
  0.519999981       8.18759352E-02
  0.529999971       8.18759352E-02
  0.539999962      0.103158034    
  0.550000012      0.103158034    
  0.560000002      0.130545899    
  0.569999993      0.130545899    
  0.579999983      0.164100662    
  0.589999974      0.164100662    
  0.599999964      0.203740761    
  0.610000014      0.203740761    
  0.620000005      0.249180496    
  0.629999995      0.249180496    
  0.639999986      0.299886048    
  0.649999976      0.299886048    
  0.659999967      0.355056584    
  0.669999957      0.355056584    
  0.680000007      0.413635761    
  0.689999998      0.413635761    
  0.699999988      0.474353164    
  0.709999979      0.474353164    
  0.719999969      0.535793364    
  0.729999959      0.535793364    
  0.740000010      0.596482992    
  0.750000000      0.596482992    
  0.759999990      0.654986680    
  0.769999981      0.654986680    
  0.779999971      0.709997952    
  0.789999962      0.709997952    
  0.799999952      0.760415435    
  0.810000002      0.760415435    
  0.819999993      0.805392385    
  0.829999983      0.805392385    
  0.839999974      0.844357133    
  0.849999964      0.844357133    
  0.859999955      0.877000630    
  0.870000005      0.877000630    
  0.879999995      0.903237343    
  0.889999986      0.903237343    
  0.899999976      0.923145294    
  0.909999967      0.923145294    
  0.919999957      0.936895192    
  0.930000007      0.936895192    
  0.939999998      0.944681108    
  0.949999988      0.944681108    
  0.959999979      0.946660936    
  0.969999969      0.946660936    
  0.979999959      0.942915916    
  0.989999950      0.942915916    
   1.00000000      0.933434844    
