   9.99999978E-03   4.28408431E-03
   1.99999996E-02   1.24425243E-03
   2.99999993E-02   1.24425243E-03
   3.99999991E-02   2.94366124E-04
   4.99999970E-02   2.94366124E-04
   5.99999987E-02   5.48784374E-05
   7.00000003E-02   5.48784374E-05
   7.99999982E-02   9.98294581E-06
   8.99999961E-02   9.98294581E-06
   9.99999940E-02   1.32550485E-05
  0.109999999       1.32550485E-05
  0.119999997       5.35076397E-05
  0.129999995       5.35076397E-05
  0.140000001       2.01082934E-04
  0.149999991       2.01082934E-04
  0.159999996       6.74170558E-04
  0.170000002       6.74170558E-04
  0.179999992       2.02584942E-03
  0.189999998       2.02584942E-03
  0.199999988       5.48013952E-03
  0.209999993       5.48013952E-03
  0.219999999       1.33962203E-02
  0.229999989       1.33962203E-02
  0.239999995       2.96940338E-02
  0.250000000       2.96940338E-02
  0.259999990       5.98751716E-02
  0.269999981       5.98751716E-02
  0.280000001      0.110177062    
  0.289999992      0.110177062    
  0.299999982      0.185629904    
  0.310000002      0.185629904    
  0.319999993      0.287431389    
  0.329999983      0.287431389    
  0.340000004      0.410827100    
  0.349999994      0.410827100    
  0.359999985      0.544952929    
  0.370000005      0.544952929    
  0.379999995      0.675352991    
  0.389999986      0.675352991    
  0.399999976      0.788366437    
  0.409999996      0.788366437    
  0.419999987      0.875299692    
  0.429999977      0.875299692    
  0.439999998      0.934328556    
  0.449999988      0.934328556    
  0.459999979      0.969464898    
  0.469999999      0.969464898    
  0.479999989      0.987638772    
  0.489999980      0.987638772    
  0.500000000      0.995716035    
  0.509999990      0.995716035    
  0.519999981      0.998755753    
  0.529999971      0.998755753    
  0.539999962      0.999705672    
  0.550000012      0.999705672    
  0.560000002      0.999945104    
  0.569999993      0.999945104    
  0.579999983      0.999989986    
  0.589999974      0.999989986    
  0.599999964      0.999986708    
  0.610000014      0.999986708    
  0.620000005      0.999946475    
  0.629999995      0.999946475    
  0.639999986      0.999798954    
  0.649999976      0.999798954    
  0.659999967      0.999325871    
  0.669999957      0.999325871    
  0.680000007      0.997974217    
  0.689999998      0.997974217    
  0.699999988      0.994519889    
  0.709999979      0.994519889    
  0.719999969      0.986603796    
  0.729999959      0.986603796    
  0.740000010      0.970305979    
  0.750000000      0.970305979    
  0.759999990      0.940124750    
  0.769999981      0.940124750    
  0.779999971      0.889822900    
  0.789999962      0.889822900    
  0.799999952      0.814370096    
  0.810000002      0.814370096    
  0.819999993      0.712568641    
  0.829999983      0.712568641    
  0.839999974      0.589172959    
  0.849999964      0.589172959    
  0.859999955      0.455047131    
  0.870000005      0.455047131    
  0.879999995      0.324647099    
  0.889999986      0.324647099    
  0.899999976      0.211633712    
  0.909999967      0.211633712    
  0.919999957      0.124700323    
  0.930000007      0.124700323    
  0.939999998       6.56714886E-02
  0.949999988       6.56714886E-02
  0.959999979       3.05352770E-02
  0.969999969       3.05352770E-02
  0.979999959       1.23613747E-02
  0.989999950       1.23613747E-02
   1.00000000       4.28408431E-03
