   9.99999978E-03  0.139450520    
   1.99999996E-02  0.139450520    
   2.99999993E-02   8.92990828E-02
   3.99999991E-02   8.92990828E-02
   4.99999970E-02   5.37315384E-02
   5.99999987E-02   5.37315384E-02
   7.00000003E-02   3.02695315E-02
   7.99999982E-02   3.02695315E-02
   8.99999961E-02   1.59130935E-02
   9.99999940E-02   1.59130935E-02
  0.109999999       7.80041842E-03
  0.119999997       7.80041842E-03
  0.129999995       3.61825549E-03
  0.140000001       3.61825549E-03
  0.149999991       1.75593351E-03
  0.159999996       1.75593351E-03
  0.170000002       1.28255319E-03
  0.179999992       1.28255319E-03
  0.189999998       1.85489457E-03
  0.199999988       1.85489457E-03
  0.209999993       3.64301307E-03
  0.219999999       3.64301307E-03
  0.229999989       7.31528364E-03
  0.239999995       7.31528364E-03
  0.250000000       1.40753947E-02
  0.259999990       1.40753947E-02
  0.269999981       2.57020183E-02
  0.280000001       2.57020183E-02
  0.289999992       4.45143245E-02
  0.299999982       4.45143245E-02
  0.310000002       7.31816664E-02
  0.319999993       7.31816664E-02
  0.329999983      0.114324816    
  0.340000004      0.114324816    
  0.349999994      0.169923693    
  0.359999985      0.169923693    
  0.370000005      0.240641549    
  0.379999995      0.240641549    
  0.389999986      0.325261235    
  0.399999976      0.325261235    
  0.409999996      0.420458317    
  0.419999987      0.420458317    
  0.429999977      0.521073163    
  0.439999998      0.521073163    
  0.449999988      0.620889485    
  0.459999979      0.620889485    
  0.469999999      0.713741839    
  0.479999989      0.713741839    
  0.489999980      0.794635952    
  0.500000000      0.794635952    
  0.509999990      0.860549510    
  0.519999981      0.860549510    
  0.529999971      0.910700977    
  0.539999962      0.910700977    
  0.550000012      0.946268499    
  0.560000002      0.946268499    
  0.569999993      0.969730496    
  0.579999983      0.969730496    
  0.589999974      0.984086990    
  0.599999964      0.984086990    
  0.610000014      0.992199600    
  0.620000005      0.992199600    
  0.629999995      0.996381819    
  0.639999986      0.996381819    
  0.649999976      0.998243988    
  0.659999967      0.998243988    
  0.669999957      0.998717427    
  0.680000007      0.998717427    
  0.689999998      0.998145103    
  0.699999988      0.998145103    
  0.709999979      0.996357024    
  0.719999969      0.996357024    
  0.729999959      0.992684841    
  0.740000010      0.992684841    
  0.750000000      0.985924721    
  0.759999990      0.985924721    
  0.769999981      0.974298060    
  0.779999971      0.974298060    
  0.789999962      0.955485702    
  0.799999952      0.955485702    
  0.810000002      0.926818252    
  0.819999993      0.926818252    
  0.829999983      0.885675073    
  0.839999974      0.885675073    
  0.849999964      0.830076277    
  0.859999955      0.830076277    
  0.870000005      0.759358525    
  0.879999995      0.759358525    
  0.889999986      0.674738884    
  0.899999976      0.674738884    
  0.909999967      0.579541802    
  0.919999957      0.579541802    
  0.930000007      0.478926897    
  0.939999998      0.478926897    
  0.949999988      0.379110605    
  0.959999979      0.379110605    
  0.969999969      0.286258221    
  0.979999959      0.286258221    
  0.989999950      0.205364138    
   1.00000000      0.205364138    
