   9.99999978E-03   1.08665090E-05
   1.99999996E-02  -5.88059265E-06
   2.99999993E-02   4.33928290E-05
   3.99999991E-02  -2.26281627E-04
   4.99999970E-02   1.04510109E-03
   5.99999987E-02  -4.24230751E-03
   7.00000003E-02   1.50517318E-02
   7.99999982E-02  -4.62622046E-02
   8.99999961E-02  0.121428773    
   9.99999940E-02 -0.265732229    
  0.109999999      0.463335752    
  0.119999997     -0.577469826    
  0.129999995      0.316513985    
  0.140000001      0.552683651    
  0.149999991      -1.65701878    
  0.159999996       1.69244170    
  0.170000002      0.496529818    
  0.179999992      -3.49135494    
  0.189999998       3.03004932    
  0.199999988       2.49047256    
  0.209999993      -6.33976603    
  0.219999999      0.623359203    
  0.229999989       7.99759388    
  0.239999995      -3.79032874    
  0.250000000      -8.53727531    
  0.259999990       5.49083853    
  0.269999981       9.04243660    
  0.280000001      -4.98567772    
  0.289999992      -9.73262310    
  0.299999982       2.05529976    
  0.310000002       9.42953300    
  0.319999993       2.46640873    
  0.329999983      -6.36382771    
  0.340000004      -5.82425117    
  0.349999994      0.697152376    
  0.359999985       4.68503857    
  0.370000005       3.48912692    
  0.379999995      0.139665604    
  0.389999986      -2.07003713    
  0.399999976      -2.30620623    
  0.409999996      -1.41222179    
  0.419999987     -0.371416181    
  0.429999977      0.357651651    
  0.439999998      0.744812250    
  0.449999988      0.912503123    
  0.459999979      0.973817468    
  0.469999999      0.993111432    
  0.479999989      0.998398721    
  0.489999980      0.999670148    
  0.500000000      0.999939799    
  0.509999990      0.999989450    
  0.519999981       1.00000560    
  0.529999971      0.999956846    
  0.539999962       1.00022614    
  0.550000012      0.998954773    
  0.560000002       1.00424230    
  0.569999993      0.984948158    
  0.579999983       1.04626203    
  0.589999974      0.878571391    
  0.599999964       1.26573229    
  0.610000014      0.536664248    
  0.620000005       1.57746935    
  0.629999995      0.683486044    
  0.639999986      0.447317183    
  0.649999976       2.65701771    
  0.659999967     -0.692442477    
  0.669999957      0.503472209    
  0.680000007       4.49135494    
  0.689999998      -2.03005099    
  0.699999988      -1.49047160    
  0.709999979       7.33976555    
  0.719999969      0.376640797    
  0.729999959      -6.99759293    
  0.740000010       4.79032898    
  0.750000000       9.53727531    
  0.759999990      -4.49083853    
  0.769999981      -8.04243660    
  0.779999971       5.98567772    
  0.789999962       10.7326231    
  0.799999952      -1.05530071    
  0.810000002      -8.42953396    
  0.819999993      -1.46640873    
  0.829999983       7.36382675    
  0.839999974       6.82425070    
  0.849999964      0.302847624    
  0.859999955      -3.68503714    
  0.870000005      -2.48912644    
  0.879999995      0.860333681    
  0.889999986       3.07003617    
  0.899999976       3.30620575    
  0.909999967       2.41222191    
  0.919999957       1.37141633    
  0.930000007      0.642348528    
  0.939999998      0.255187541    
  0.949999988       8.74965787E-02
  0.959999979       2.61826422E-02
  0.969999969       6.88860472E-03
  0.979999959       1.60119706E-03
  0.989999950       3.29814386E-04
   1.00000000       6.01399333E-05
