   9.99999978E-03   36394528.0    
   1.99999996E-02  -119040416.    
   2.99999993E-02  -32781332.0    
   3.99999991E-02   97584784.0    
   4.99999970E-02  -1505290.00    
   5.99999987E-02  -63721508.0    
   7.00000003E-02   54967616.0    
   7.99999982E-02   24084078.0    
   8.99999961E-02  -110591584.    
   9.99999940E-02   16659012.0    
  0.109999999       152435776.    
  0.119999997      -57339840.0    
  0.129999995      -171496448.    
  0.140000001       99145576.0    
  0.149999991       168052000.    
  0.159999996      -142753344.    
  0.170000002      -149566656.    
  0.179999992       186108352.    
  0.189999998       125847192.    
  0.199999988      -224742400.    
  0.209999993      -104603008.    
  0.219999999       254330368.    
  0.229999989       89723976.0    
  0.239999995      -273093344.    
  0.250000000      -82285104.0    
  0.259999990       281802048.    
  0.269999981       82496416.0    
  0.280000001      -281590816.    
  0.289999992      -90782576.0    
  0.299999982       272034816.    
  0.310000002       107428392.    
  0.319999993      -251505024.    
  0.329999983      -131365664.    
  0.340000004       219223856.    
  0.349999994       158962688.    
  0.359999985      -176712256.    
  0.370000005      -183525568.    
  0.379999995       127279688.    
  0.389999986       196186112.    
  0.399999976      -74455824.0    
  0.409999996      -188612384.    
  0.419999987       21163168.0    
  0.429999977       156939920.    
  0.439999998       29689352.0    
  0.449999988      -104986272.    
  0.459999979      -74102744.0    
  0.469999999       44586360.0    
  0.479999989       106802592.    
  0.489999980       7712504.00    
  0.500000000      -122653616.    
  0.509999990      -36394520.0    
  0.519999981       119040432.    
  0.529999971       32781320.0    
  0.539999962      -97584800.0    
  0.550000012       1505324.00    
  0.560000002       63721504.0    
  0.569999993      -54967644.0    
  0.579999983      -24084064.0    
  0.589999974       110591592.    
  0.599999964      -16659000.0    
  0.610000014      -152435808.    
  0.620000005       57339856.0    
  0.629999995       171496448.    
  0.639999986      -99145608.0    
  0.649999976      -168052016.    
  0.659999967       142753392.    
  0.669999957       149566656.    
  0.680000007      -186108432.    
  0.689999998      -125847160.    
  0.699999988       224742464.    
  0.709999979       104602960.    
  0.719999969      -254330496.    
  0.729999959      -89723928.0    
  0.740000010       273093440.    
  0.750000000       82285064.0    
  0.759999990      -281802144.    
  0.769999981      -82496336.0    
  0.779999971       281590848.    
  0.789999962       90782480.0    
  0.799999952      -272034848.    
  0.810000002      -107428352.    
  0.819999993       251505040.    
  0.829999983       131365656.    
  0.839999974      -219223856.    
  0.849999964      -158962688.    
  0.859999955       176712256.    
  0.870000005       183525568.    
  0.879999995      -127279672.    
  0.889999986      -196186080.    
  0.899999976       74455792.0    
  0.909999967       188612384.    
  0.919999957      -21163148.0    
  0.930000007      -156939872.    
  0.939999998      -29689340.0    
  0.949999988       104986264.    
  0.959999979       74102736.0    
  0.969999969      -44586368.0    
  0.979999959      -106802560.    
  0.989999950      -7712488.00    
   1.00000000       122653616.    
