   9.99999978E-03  -86668.3750    
   1.99999996E-02  -56100.5273    
   2.99999993E-02   67761.7891    
   3.99999991E-02   15409.4609    
   4.99999970E-02  -40861.7148    
   5.99999987E-02   58213.7656    
   7.00000003E-02   6024.39062    
   7.99999982E-02  -121599.141    
   8.99999961E-02   43044.3789    
   9.99999940E-02   142639.438    
  0.109999999      -109532.203    
  0.119999997      -115355.000    
  0.129999995       184696.938    
  0.140000001       53635.6719    
  0.149999991      -250072.531    
  0.159999996       25087.9453    
  0.170000002       290376.188    
  0.179999992      -108715.672    
  0.189999998      -303975.938    
  0.199999988       188270.016    
  0.209999993       300810.625    
  0.219999999      -254468.938    
  0.229999989      -292786.812    
  0.239999995       299769.969    
  0.250000000       288260.188    
  0.259999990      -320940.781    
  0.269999981      -292087.562    
  0.280000001       317113.312    
  0.289999992       305603.562    
  0.299999982      -286953.062    
  0.310000002      -325270.875    
  0.319999993       230008.500    
  0.329999983       342549.125    
  0.340000004      -149696.688    
  0.349999994      -344956.875    
  0.359999985       54134.9062    
  0.370000005       319423.031    
  0.379999995       44262.5391    
  0.389999986      -259445.672    
  0.399999976      -128384.391    
  0.409999996       171667.562    
  0.419999987       177490.344    
  0.429999977      -74681.2734    
  0.439999998      -174276.328    
  0.449999988      -9632.79688    
  0.459999979       117990.758    
  0.469999999       65801.4141    
  0.479999989      -33274.0859    
  0.489999980      -89545.3047    
  0.500000000      -37192.9453    
  0.509999990       86669.3828    
  0.519999981       56101.5117    
  0.529999971      -67760.7812    
  0.539999962      -15408.4492    
  0.550000012       40862.7109    
  0.560000002      -58212.7812    
  0.569999993      -6023.37500    
  0.579999983       121600.180    
  0.589999974      -43043.4219    
  0.599999964      -142638.438    
  0.610000014       109533.266    
  0.620000005       115356.055    
  0.629999995      -184696.000    
  0.639999986      -53634.7188    
  0.649999976       250073.594    
  0.659999967      -25087.0156    
  0.669999957      -290375.219    
  0.680000007       108716.703    
  0.689999998       303976.938    
  0.699999988      -188269.062    
  0.709999979      -300809.625    
  0.719999969       254470.031    
  0.729999959       292787.781    
  0.740000010      -299768.969    
  0.750000000      -288259.094    
  0.759999990       320941.844    
  0.769999981       292088.562    
  0.779999971      -317112.375    
  0.789999962      -305602.625    
  0.799999952       286954.062    
  0.810000002       325271.938    
  0.819999993      -230007.531    
  0.829999983      -342548.094    
  0.839999974       149697.688    
  0.849999964       344957.938    
  0.859999955      -54133.8438    
  0.870000005      -319422.062    
  0.879999995      -44261.5703    
  0.889999986       259446.656    
  0.899999976       128385.391    
  0.909999967      -171666.594    
  0.919999957      -177489.344    
  0.930000007       74682.3047    
  0.939999998       174277.359    
  0.949999988       9633.78906    
  0.959999979      -117989.766    
  0.969999969      -65800.3906    
  0.979999959       33275.0898    
  0.989999950       89546.2969    
   1.00000000       37193.9453    
