   9.99999978E-03  -16749442.0    
   1.99999996E-02   52255076.0    
   2.99999993E-02   14930393.0    
   3.99999991E-02  -42224312.0    
   4.99999970E-02   1484461.00    
   5.99999987E-02   26585782.0    
   7.00000003E-02  -26594630.0    
   7.99999982E-02  -8342704.00    
   8.99999961E-02   51879840.0    
   9.99999940E-02  -10576862.0    
  0.109999999      -69677352.0    
  0.119999997       29869174.0    
  0.129999995       76094200.0    
  0.140000001      -50082104.0    
  0.149999991      -71907760.0    
  0.159999996       71195776.0    
  0.170000002       61148408.0    
  0.179999992      -91786408.0    
  0.189999998      -48506888.0    
  0.199999988       109521152.    
  0.209999993       37335420.0    
  0.219999999      -122553888.    
  0.229999989      -29243464.0    
  0.239999995       130536656.    
  0.250000000       24860428.0    
  0.259999990      -134297600.    
  0.269999981      -24614664.0    
  0.280000001       134543360.    
  0.289999992       28867160.0    
  0.299999982      -130912984.    
  0.310000002      -37602584.0    
  0.319999993       122286720.    
  0.329999983       50100984.0    
  0.340000004      -107927040.    
  0.349999994      -64647520.0    
  0.359999985       88287256.0    
  0.370000005       78239896.0    
  0.379999995      -64863600.0    
  0.389999986      -86689248.0    
  0.399999976       39487032.0    
  0.409999996       85712048.0    
  0.419999987      -13834444.0    
  0.429999977      -72934912.0    
  0.439999998      -10478230.0    
  0.449999988       49744308.0    
  0.459999979       31492384.0    
  0.469999999      -21688032.0    
  0.479999989      -46789356.0    
  0.489999980      -3080580.00    
  0.500000000       54074136.0    
  0.509999990       16749440.0    
  0.519999981      -52255080.0    
  0.529999971      -14930390.0    
  0.539999962       42224324.0    
  0.550000012      -1484474.00    
  0.560000002      -26585784.0    
  0.569999993       26594652.0    
  0.579999983       8342694.00    
  0.589999974      -51879852.0    
  0.599999964       10576866.0    
  0.610000014       69677360.0    
  0.620000005      -29869166.0    
  0.629999995      -76094208.0    
  0.639999986       50082120.0    
  0.649999976       71907760.0    
  0.659999967      -71195792.0    
  0.669999957      -61148400.0    
  0.680000007       91786432.0    
  0.689999998       48506876.0    
  0.699999988      -109521192.    
  0.709999979      -37335396.0    
  0.719999969       122553920.    
  0.729999959       29243440.0    
  0.740000010      -130536680.    
  0.750000000      -24860392.0    
  0.759999990       134297616.    
  0.769999981       24614624.0    
  0.779999971      -134543392.    
  0.789999962      -28867120.0    
  0.799999952       130913000.    
  0.810000002       37602560.0    
  0.819999993      -122286720.    
  0.829999983      -50100976.0    
  0.839999974       107927032.    
  0.849999964       64647520.0    
  0.859999955      -88287240.0    
  0.870000005      -78239880.0    
  0.879999995       64863600.0    
  0.889999986       86689248.0    
  0.899999976      -39487008.0    
  0.909999967      -85712032.0    
  0.919999957       13834438.0    
  0.930000007       72934912.0    
  0.939999998       10478226.0    
  0.949999988      -49744300.0    
  0.959999979      -31492366.0    
  0.969999969       21688044.0    
  0.979999959       46789360.0    
  0.989999950       3080572.00    
   1.00000000      -54074132.0    
