   9.99999978E-03  0.874937952    
   1.99999996E-02  0.874937952    
   2.99999993E-02  0.838880837    
   3.99999991E-02  0.838880837    
   4.99999970E-02  0.796107650    
   5.99999987E-02  0.796107650    
   7.00000003E-02  0.746873021    
   7.99999982E-02  0.746873021    
   8.99999961E-02  0.691782475    
   9.99999940E-02  0.691782475    
  0.109999999      0.631811261    
  0.119999997      0.631811261    
  0.129999995      0.568277955    
  0.140000001      0.568277955    
  0.149999991      0.502773404    
  0.159999996      0.502773404    
  0.170000002      0.437051415    
  0.179999992      0.437051415    
  0.189999998      0.372896880    
  0.199999988      0.372896880    
  0.209999993      0.311987221    
  0.219999999      0.311987221    
  0.229999989      0.255768776    
  0.239999995      0.255768776    
  0.250000000      0.205363795    
  0.259999990      0.205363795    
  0.269999981      0.161520913    
  0.280000001      0.161520913    
  0.289999992      0.124613263    
  0.299999982      0.124613263    
  0.310000002       9.46821049E-02
  0.319999993       9.46821049E-02
  0.329999983       7.15161338E-02
  0.340000004       7.15161338E-02
  0.349999994       5.47525175E-02
  0.359999985       5.47525175E-02
  0.370000005       4.39838395E-02
  0.379999995       4.39838395E-02
  0.389999986       3.88552435E-02
  0.399999976       3.88552435E-02
  0.409999996       3.91390286E-02
  0.419999987       3.91390286E-02
  0.429999977       4.47776169E-02
  0.439999998       4.47776169E-02
  0.449999988       5.58900908E-02
  0.459999979       5.58900908E-02
  0.469999999       7.27422535E-02
  0.479999989       7.27422535E-02
  0.489999980       9.56840292E-02
  0.500000000       9.56840292E-02
  0.509999990      0.125062153    
  0.519999981      0.125062153    
  0.529999971      0.161119238    
  0.539999962      0.161119238    
  0.550000012      0.203892499    
  0.560000002      0.203892499    
  0.569999993      0.253127158    
  0.579999983      0.253127158    
  0.589999974      0.308217674    
  0.599999964      0.308217674    
  0.610000014      0.368188888    
  0.620000005      0.368188888    
  0.629999995      0.431722134    
  0.639999986      0.431722134    
  0.649999976      0.497226715    
  0.659999967      0.497226715    
  0.669999957      0.562948763    
  0.680000007      0.562948763    
  0.689999998      0.627103269    
  0.699999988      0.627103269    
  0.709999979      0.688013017    
  0.719999969      0.688013017    
  0.729999959      0.744231462    
  0.740000010      0.744231462    
  0.750000000      0.794636428    
  0.759999990      0.794636428    
  0.769999981      0.838479221    
  0.779999971      0.838479221    
  0.789999962      0.875386953    
  0.799999952      0.875386953    
  0.810000002      0.905318022    
  0.819999993      0.905318022    
  0.829999983      0.928483903    
  0.839999974      0.928483903    
  0.849999964      0.945247412    
  0.859999955      0.945247412    
  0.870000005      0.956016064    
  0.879999995      0.956016064    
  0.889999986      0.961144686    
  0.899999976      0.961144686    
  0.909999967      0.960860848    
  0.919999957      0.960860848    
  0.930000007      0.955222368    
  0.939999998      0.955222368    
  0.949999988      0.944109917    
  0.959999979      0.944109917    
  0.969999969      0.927257776    
  0.979999959      0.927257776    
  0.989999950      0.904316068    
   1.00000000      0.904316068    
