   9.99999978E-03  -11513.8018    
   1.99999996E-02   3426.62109    
   2.99999993E-02   8174.41016    
   3.99999991E-02  -4206.23584    
   4.99999970E-02   1747.65784    
   5.99999987E-02   6416.52441    
   7.00000003E-02  -12497.4365    
   7.99999982E-02  -4589.83496    
   8.99999961E-02   19352.9004    
   9.99999940E-02  -4322.12793    
  0.109999999      -20528.9609    
  0.119999997       18193.6230    
  0.129999995       16046.7217    
  0.140000001      -31871.5879    
  0.149999991      -6342.73633    
  0.159999996       41523.4570    
  0.170000002      -7266.08105    
  0.179999992      -46402.5938    
  0.189999998       22106.7578    
  0.199999988       47573.5742    
  0.209999993      -35314.4531    
  0.219999999      -46518.6172    
  0.229999989       45250.9258    
  0.239999995       45006.2422    
  0.250000000      -51266.4453    
  0.259999990      -44686.0781    
  0.269999981       52933.6914    
  0.280000001       46353.3281    
  0.289999992      -49919.3555    
  0.299999982      -49674.6719    
  0.310000002       42094.8438    
  0.319999993       53298.9922    
  0.329999983      -29589.0195    
  0.340000004      -55055.8203    
  0.349999994       13453.5234    
  0.359999985       52590.0195    
  0.370000005       3800.48242    
  0.379999995      -44065.7031    
  0.389999986      -18536.8438    
  0.399999976       29381.4688    
  0.409999996       27234.5664    
  0.419999987      -11488.0225    
  0.429999977      -27694.8574    
  0.439999998      -4019.82812    
  0.449999988       19922.9062    
  0.459999979       12015.3086    
  0.469999999      -6898.65723    
  0.479999989      -11567.5312    
  0.489999980      -5613.63672    
  0.500000000       6767.01416    
  0.509999990       11514.8008    
  0.519999981      -3425.62207    
  0.529999971      -8173.40869    
  0.539999962       4207.23340    
  0.550000012      -1746.65942    
  0.560000002      -6415.52148    
  0.569999993       12498.4404    
  0.579999983       4590.82959    
  0.589999974      -19351.9043    
  0.599999964       4323.13477    
  0.610000014       20529.9688    
  0.620000005      -18192.6348    
  0.629999995      -16045.7246    
  0.639999986       31872.5977    
  0.649999976       6343.73535    
  0.659999967      -41522.4609    
  0.669999957       7267.08496    
  0.680000007       46403.5938    
  0.689999998      -22105.7695    
  0.699999988      -47572.5703    
  0.709999979       35315.4727    
  0.719999969       46519.6094    
  0.729999959      -45249.9375    
  0.740000010      -45005.2539    
  0.750000000       51267.4531    
  0.759999990       44687.0781    
  0.769999981      -52932.6875    
  0.779999971      -46352.3203    
  0.789999962       49920.3516    
  0.799999952       49675.6797    
  0.810000002      -42093.8438    
  0.819999993      -53298.0000    
  0.829999983       29590.0176    
  0.839999974       55056.8242    
  0.849999964      -13452.5176    
  0.859999955      -52589.0234    
  0.870000005      -3799.49219    
  0.879999995       44066.7031    
  0.889999986       18537.8457    
  0.899999976      -29380.4727    
  0.909999967      -27233.5645    
  0.919999957       11489.0293    
  0.930000007       27695.8594    
  0.939999998       4020.82617    
  0.949999988      -19921.9102    
  0.959999979      -12014.3076    
  0.969999969       6899.65869    
  0.979999959       11568.5293    
  0.989999950       5614.63770    
   1.00000000      -6766.01172    
