   9.99999978E-03   1.21408012E-02
   1.99999996E-02   1.21408012E-02
   2.99999993E-02   4.68178745E-03
   3.99999991E-02   4.68178745E-03
   4.99999970E-02   1.57421618E-03
   5.99999987E-02   1.57421618E-03
   7.00000003E-02   4.55985428E-04
   7.99999982E-02   4.55985428E-04
   8.99999961E-02   1.19320575E-04
   9.99999940E-02   1.19320575E-04
  0.109999999       5.76859493E-05
  0.119999997       5.76859493E-05
  0.129999995       1.27761567E-04
  0.140000001       1.27761567E-04
  0.149999991       3.91949201E-04
  0.159999996       3.91949201E-04
  0.170000002       1.12501322E-03
  0.179999992       1.12501322E-03
  0.189999998       2.95853475E-03
  0.199999988       2.95853475E-03
  0.209999993       7.14031234E-03
  0.219999999       7.14031234E-03
  0.229999989       1.58523526E-02
  0.239999995       1.58523526E-02
  0.250000000       3.24467123E-02
  0.259999990       3.24467123E-02
  0.269999981       6.13611229E-02
  0.280000001       6.13611229E-02
  0.289999992      0.107456565    
  0.299999982      0.107456565    
  0.310000002      0.174679101    
  0.319999993      0.174679101    
  0.329999983      0.264309168    
  0.340000004      0.264309168    
  0.349999994      0.373473972    
  0.359999985      0.373473972    
  0.370000005      0.494768202    
  0.379999995      0.494768202    
  0.389999986      0.617506444    
  0.399999976      0.617506444    
  0.409999996      0.730369091    
  0.419999987      0.730369091    
  0.429999977      0.824421346    
  0.439999998      0.824421346    
  0.449999988      0.895213366    
  0.459999979      0.895213366    
  0.469999999      0.943145454    
  0.479999989      0.943145454    
  0.489999980      0.972195208    
  0.500000000      0.972195208    
  0.509999990      0.987859309    
  0.519999981      0.987859309    
  0.529999971      0.995318294    
  0.539999962      0.995318294    
  0.550000012      0.998425841    
  0.560000002      0.998425841    
  0.569999993      0.999543965    
  0.579999983      0.999543965    
  0.589999974      0.999880552    
  0.599999964      0.999880552    
  0.610000014      0.999942243    
  0.620000005      0.999942243    
  0.629999995      0.999872267    
  0.639999986      0.999872267    
  0.649999976      0.999608040    
  0.659999967      0.999608040    
  0.669999957      0.998875022    
  0.680000007      0.998875022    
  0.689999998      0.997041523    
  0.699999988      0.997041523    
  0.709999979      0.992859781    
  0.719999969      0.992859781    
  0.729999959      0.984147668    
  0.740000010      0.984147668    
  0.750000000      0.967553258    
  0.759999990      0.967553258    
  0.769999981      0.938638806    
  0.779999971      0.938638806    
  0.789999962      0.892543435    
  0.799999952      0.892543435    
  0.810000002      0.825320899    
  0.819999993      0.825320899    
  0.829999983      0.735690892    
  0.839999974      0.735690892    
  0.849999964      0.626526058    
  0.859999955      0.626526058    
  0.870000005      0.505231917    
  0.879999995      0.505231917    
  0.889999986      0.382493705    
  0.899999976      0.382493705    
  0.909999967      0.269631028    
  0.919999957      0.269631028    
  0.930000007      0.175578758    
  0.939999998      0.175578758    
  0.949999988      0.104786724    
  0.959999979      0.104786724    
  0.969999969       5.68546280E-02
  0.979999959       5.68546280E-02
  0.989999950       2.78048720E-02
   1.00000000       2.78048720E-02
