   9.99999978E-03  0.931533694    
   1.99999996E-02  0.914781809    
   2.99999993E-02  0.914781809    
   3.99999991E-02  0.892015815    
   4.99999970E-02  0.892015815    
   5.99999987E-02  0.863096356    
   7.00000003E-02  0.863096356    
   7.99999982E-02  0.827975273    
   8.99999961E-02  0.827975273    
   9.99999940E-02  0.786766052    
  0.109999999      0.786766052    
  0.119999997      0.739804149    
  0.129999995      0.739804149    
  0.140000001      0.687687159    
  0.149999991      0.687687159    
  0.159999996      0.631287396    
  0.170000002      0.631287396    
  0.179999992      0.571731985    
  0.189999998      0.571731985    
  0.199999988      0.510353327    
  0.209999993      0.510353327    
  0.219999999      0.448612154    
  0.229999989      0.448612154    
  0.239999995      0.388004422    
  0.250000000      0.388004422    
  0.259999990      0.329962581    
  0.269999981      0.329962581    
  0.280000001      0.275764316    
  0.289999992      0.275764316    
  0.299999982      0.226460785    
  0.310000002      0.226460785    
  0.319999993      0.182832494    
  0.329999983      0.182832494    
  0.340000004      0.145377919    
  0.349999994      0.145377919    
  0.359999985      0.114333816    
  0.370000005      0.114333816    
  0.379999995       8.97229314E-02
  0.389999986       8.97229314E-02
  0.399999976       7.14200139E-02
  0.409999996       7.14200139E-02
  0.419999987       5.92257567E-02
  0.429999977       5.92257567E-02
  0.439999998       5.29372320E-02
  0.449999988       5.29372320E-02
  0.459999979       5.24049439E-02
  0.469999999       5.24049439E-02
  0.479999989       5.75684719E-02
  0.489999980       5.75684719E-02
  0.500000000       6.84662312E-02
  0.509999990       6.84662312E-02
  0.519999981       8.52181911E-02
  0.529999971       8.52181911E-02
  0.539999962      0.107984215    
  0.550000012      0.107984215    
  0.560000002      0.136903644    
  0.569999993      0.136903644    
  0.579999983      0.172024786    
  0.589999974      0.172024786    
  0.599999964      0.213234127    
  0.610000014      0.213234127    
  0.620000005      0.260196060    
  0.629999995      0.260196060    
  0.639999986      0.312312990    
  0.649999976      0.312312990    
  0.659999967      0.368712783    
  0.669999957      0.368712783    
  0.680000007      0.428268194    
  0.689999998      0.428268194    
  0.699999988      0.489646882    
  0.709999979      0.489646882    
  0.719999969      0.551388025    
  0.729999959      0.551388025    
  0.740000010      0.611995816    
  0.750000000      0.611995816    
  0.759999990      0.670037627    
  0.769999981      0.670037627    
  0.779999971      0.724235833    
  0.789999962      0.724235833    
  0.799999952      0.773539424    
  0.810000002      0.773539424    
  0.819999993      0.817167640    
  0.829999983      0.817167640    
  0.839999974      0.854622185    
  0.849999964      0.854622185    
  0.859999955      0.885666311    
  0.870000005      0.885666311    
  0.879999995      0.910277128    
  0.889999986      0.910277128    
  0.899999976      0.928579986    
  0.909999967      0.928579986    
  0.919999957      0.940774202    
  0.930000007      0.940774202    
  0.939999998      0.947062671    
  0.949999988      0.947062671    
  0.959999979      0.947595000    
  0.969999969      0.947595000    
  0.979999959      0.942431390    
  0.989999950      0.942431390    
   1.00000000      0.931533694    
