   9.99999978E-03  0.581835687    
   1.99999996E-02  0.581835687    
   2.99999993E-02  0.503319204    
   3.99999991E-02  0.503319204    
   4.99999970E-02  0.424418241    
   5.99999987E-02  0.424418241    
   7.00000003E-02  0.348186791    
   7.99999982E-02  0.348186791    
   8.99999961E-02  0.277403623    
   9.99999940E-02  0.277403623    
  0.109999999      0.214271098    
  0.119999997      0.214271098    
  0.129999995      0.160215557    
  0.140000001      0.160215557    
  0.149999991      0.115820944    
  0.159999996      0.115820944    
  0.170000002       8.08959678E-02
  0.179999992       8.08959678E-02
  0.189999998       5.46478890E-02
  0.199999988       5.46478890E-02
  0.209999993       3.59183289E-02
  0.219999999       3.59183289E-02
  0.229999989       2.34331116E-02
  0.239999995       2.34331116E-02
  0.250000000       1.60258431E-02
  0.259999990       1.60258431E-02
  0.269999981       1.28101753E-02
  0.280000001       1.28101753E-02
  0.289999992       1.32908272E-02
  0.299999982       1.32908272E-02
  0.310000002       1.74144953E-02
  0.319999993       1.74144953E-02
  0.329999983       2.55661216E-02
  0.340000004       2.55661216E-02
  0.349999994       3.85150909E-02
  0.359999985       3.85150909E-02
  0.370000005       5.73130548E-02
  0.379999995       5.73130548E-02
  0.389999986       8.31442475E-02
  0.399999976       8.31442475E-02
  0.409999996      0.117133357    
  0.419999987      0.117133357    
  0.429999977      0.160125196    
  0.439999998      0.160125196    
  0.449999988      0.212463230    
  0.459999979      0.212463230    
  0.469999999      0.273804605    
  0.479999989      0.273804605    
  0.489999980      0.343013048    
  0.500000000      0.343013048    
  0.509999990      0.418164492    
  0.519999981      0.418164492    
  0.529999971      0.496681005    
  0.539999962      0.496681005    
  0.550000012      0.575581968    
  0.560000002      0.575581968    
  0.569999993      0.651813328    
  0.579999983      0.651813328    
  0.589999974      0.722596467    
  0.599999964      0.722596467    
  0.610000014      0.785729051    
  0.620000005      0.785729051    
  0.629999995      0.839784622    
  0.639999986      0.839784622    
  0.649999976      0.884179115    
  0.659999967      0.884179115    
  0.669999957      0.919104099    
  0.680000007      0.919104099    
  0.689999998      0.945352137    
  0.699999988      0.945352137    
  0.709999979      0.964081764    
  0.719999969      0.964081764    
  0.729999959      0.976566851    
  0.740000010      0.976566851    
  0.750000000      0.983974159    
  0.759999990      0.983974159    
  0.769999981      0.987189770    
  0.779999971      0.987189770    
  0.789999962      0.986709118    
  0.799999952      0.986709118    
  0.810000002      0.982585549    
  0.819999993      0.982585549    
  0.829999983      0.974433899    
  0.839999974      0.974433899    
  0.849999964      0.961484849    
  0.859999955      0.961484849    
  0.870000005      0.942686856    
  0.879999995      0.942686856    
  0.889999986      0.916855633    
  0.899999976      0.916855633    
  0.909999967      0.882866621    
  0.919999957      0.882866621    
  0.930000007      0.839874744    
  0.939999998      0.839874744    
  0.949999988      0.787536681    
  0.959999979      0.787536681    
  0.969999969      0.726195335    
  0.979999959      0.726195335    
  0.989999950      0.656987011    
   1.00000000      0.656987011    
