   9.99999978E-03  0.844541609    
   1.99999996E-02  0.800520539    
   2.99999993E-02  0.800520539    
   3.99999991E-02  0.749486744    
   4.99999970E-02  0.749486744    
   5.99999987E-02  0.692069352    
   7.00000003E-02  0.692069352    
   7.99999982E-02  0.629346550    
   8.99999961E-02  0.629346550    
   9.99999940E-02  0.562811732    
  0.109999999      0.562811732    
  0.119999997      0.494281083    
  0.129999995      0.494281083    
  0.140000001      0.425754786    
  0.149999991      0.425754786    
  0.159999996      0.359248877    
  0.170000002      0.359248877    
  0.179999992      0.296623319    
  0.189999998      0.296623319    
  0.199999988      0.239432201    
  0.209999993      0.239432201    
  0.219999999      0.188816965    
  0.229999989      0.188816965    
  0.239999995      0.145457819    
  0.250000000      0.145457819    
  0.259999990      0.109586842    
  0.269999981      0.109586842    
  0.280000001       8.10564682E-02
  0.289999992       8.10564682E-02
  0.299999982       5.94487786E-02
  0.310000002       5.94487786E-02
  0.319999993       4.42063846E-02
  0.329999983       4.42063846E-02
  0.340000004       3.47642787E-02
  0.349999994       3.47642787E-02
  0.359999985       3.06647643E-02
  0.370000005       3.06647643E-02
  0.379999995       3.16411704E-02
  0.389999986       3.16411704E-02
  0.399999976       3.76618318E-02
  0.409999996       3.76618318E-02
  0.419999987       4.89305295E-02
  0.429999977       4.89305295E-02
  0.439999998       6.58442527E-02
  0.449999988       6.58442527E-02
  0.459999979       8.89133662E-02
  0.469999999       8.89133662E-02
  0.479999989      0.118653044    
  0.489999980      0.118653044    
  0.500000000      0.155458435    
  0.509999990      0.155458435    
  0.519999981      0.199479520    
  0.529999971      0.199479520    
  0.539999962      0.250513226    
  0.550000012      0.250513226    
  0.560000002      0.307930678    
  0.569999993      0.307930678    
  0.579999983      0.370653480    
  0.589999974      0.370653480    
  0.599999964      0.437188417    
  0.610000014      0.437188417    
  0.620000005      0.505719066    
  0.629999995      0.505719066    
  0.639999986      0.574245334    
  0.649999976      0.574245334    
  0.659999967      0.640751302    
  0.669999957      0.640751302    
  0.680000007      0.703376830    
  0.689999998      0.703376830    
  0.699999988      0.760568023    
  0.709999979      0.760568023    
  0.719999969      0.811183214    
  0.729999959      0.811183214    
  0.740000010      0.854542375    
  0.750000000      0.854542375    
  0.759999990      0.890413344    
  0.769999981      0.890413344    
  0.779999971      0.918943584    
  0.789999962      0.918943584    
  0.799999952      0.940551221    
  0.810000002      0.940551221    
  0.819999993      0.955793560    
  0.829999983      0.955793560    
  0.839999974      0.965235591    
  0.849999964      0.965235591    
  0.859999955      0.969335198    
  0.870000005      0.969335198    
  0.879999995      0.968358755    
  0.889999986      0.968358755    
  0.899999976      0.962338090    
  0.909999967      0.962338090    
  0.919999957      0.951069474    
  0.930000007      0.951069474    
  0.939999998      0.934155703    
  0.949999988      0.934155703    
  0.959999979      0.911086619    
  0.969999969      0.911086619    
  0.979999959      0.881347001    
  0.989999950      0.881347001    
   1.00000000      0.844541609    
