   9.99999978E-03  0.359475791    
   1.99999996E-02  0.278066427    
   2.99999993E-02  0.278066427    
   3.99999991E-02  0.206525326    
   4.99999970E-02  0.206525326    
   5.99999987E-02  0.146909162    
   7.00000003E-02  0.146909162    
   7.99999982E-02   9.98475701E-02
   8.99999961E-02   9.98475701E-02
   9.99999940E-02   6.46964163E-02
  0.109999999       6.46964163E-02
  0.119999997       3.98962423E-02
  0.129999995       3.98962423E-02
  0.140000001       2.34191660E-02
  0.149999991       2.34191660E-02
  0.159999996       1.31905256E-02
  0.170000002       1.31905256E-02
  0.179999992       7.40895513E-03
  0.189999998       7.40895513E-03
  0.199999988       4.73989686E-03
  0.209999993       4.73989686E-03
  0.219999999       4.40037809E-03
  0.229999989       4.40037809E-03
  0.239999995       6.17456762E-03
  0.250000000       6.17456762E-03
  0.259999990       1.03976512E-02
  0.269999981       1.03976512E-02
  0.280000001       1.79264899E-02
  0.289999992       1.79264899E-02
  0.299999982       3.00904885E-02
  0.310000002       3.00904885E-02
  0.319999993       4.85961586E-02
  0.329999983       4.85961586E-02
  0.340000004       7.53528923E-02
  0.349999994       7.53528923E-02
  0.359999985      0.112200342    
  0.370000005      0.112200342    
  0.379999995      0.160548791    
  0.389999986      0.160548791    
  0.399999976      0.220985025    
  0.409999996      0.220985025    
  0.419999987      0.292933047    
  0.429999977      0.292933047    
  0.439999998      0.374474198    
  0.449999988      0.374474198    
  0.459999979      0.462410748    
  0.469999999      0.462410748    
  0.479999989      0.552602053    
  0.489999980      0.552602053    
  0.500000000      0.640524328    
  0.509999990      0.640524328    
  0.519999981      0.721933722    
  0.529999971      0.721933722    
  0.539999962      0.793474734    
  0.550000012      0.793474734    
  0.560000002      0.853090942    
  0.569999993      0.853090942    
  0.579999983      0.900152504    
  0.589999974      0.900152504    
  0.599999964      0.935303569    
  0.610000014      0.935303569    
  0.620000005      0.960103810    
  0.629999995      0.960103810    
  0.639999986      0.976580858    
  0.649999976      0.976580858    
  0.659999967      0.986809433    
  0.669999957      0.986809433    
  0.680000007      0.992591083    
  0.689999998      0.992591083    
  0.699999988      0.995260119    
  0.709999979      0.995260119    
  0.719999969      0.995599508    
  0.729999959      0.995599508    
  0.740000010      0.993825376    
  0.750000000      0.993825376    
  0.759999990      0.989602387    
  0.769999981      0.989602387    
  0.779999971      0.982073486    
  0.789999962      0.982073486    
  0.799999952      0.969909549    
  0.810000002      0.969909549    
  0.819999993      0.951403856    
  0.829999983      0.951403856    
  0.839999974      0.924647152    
  0.849999964      0.924647152    
  0.859999955      0.887799621    
  0.870000005      0.887799621    
  0.879999995      0.839451194    
  0.889999986      0.839451194    
  0.899999976      0.779014945    
  0.909999967      0.779014945    
  0.919999957      0.707066953    
  0.930000007      0.707066953    
  0.939999998      0.625525951    
  0.949999988      0.625525951    
  0.959999979      0.537589431    
  0.969999969      0.537589431    
  0.979999959      0.447398067    
  0.989999950      0.447398067    
   1.00000000      0.359475791    
