   9.99999978E-03  0.267778009    
   1.99999996E-02  0.194381997    
   2.99999993E-02  0.194381997    
   3.99999991E-02  0.134418428    
   4.99999970E-02  0.134418428    
   5.99999987E-02   8.82941112E-02
   7.00000003E-02   8.82941112E-02
   7.99999982E-02   5.49380705E-02
   8.99999961E-02   5.49380705E-02
   9.99999940E-02   3.23005989E-02
  0.109999999       3.23005989E-02
  0.119999997       1.79248955E-02
  0.129999995       1.79248955E-02
  0.140000001       9.44070797E-03
  0.149999991       9.44070797E-03
  0.159999996       4.89485124E-03
  0.170000002       4.89485124E-03
  0.179999992       2.90952763E-03
  0.189999998       2.90952763E-03
  0.199999988       2.71447888E-03
  0.209999993       2.71447888E-03
  0.219999999       4.11922345E-03
  0.229999989       4.11922345E-03
  0.239999995       7.47949071E-03
  0.250000000       7.47949071E-03
  0.259999990       1.36803966E-02
  0.269999981       1.36803966E-02
  0.280000001       2.41226070E-02
  0.289999992       2.41226070E-02
  0.299999982       4.06692103E-02
  0.310000002       4.06692103E-02
  0.319999993       6.54997528E-02
  0.329999983       6.54997528E-02
  0.340000004      0.100830622    
  0.349999994      0.100830622    
  0.359999985      0.148499951    
  0.370000005      0.148499951    
  0.379999995      0.209472537    
  0.389999986      0.209472537    
  0.399999976      0.283378720    
  0.409999996      0.283378720    
  0.419999987      0.368233919    
  0.429999977      0.368233919    
  0.439999998      0.460467905    
  0.449999988      0.460467905    
  0.459999979      0.555318415    
  0.469999999      0.555318415    
  0.479999989      0.647534192    
  0.489999980      0.647534192    
  0.500000000      0.732222080    
  0.509999990      0.732222080    
  0.519999981      0.805618048    
  0.529999971      0.805618048    
  0.539999962      0.865581572    
  0.550000012      0.865581572    
  0.560000002      0.911705911    
  0.569999993      0.911705911    
  0.579999983      0.945061982    
  0.589999974      0.945061982    
  0.599999964      0.967699528    
  0.610000014      0.967699528    
  0.620000005      0.982075214    
  0.629999995      0.982075214    
  0.639999986      0.990559340    
  0.649999976      0.990559340    
  0.659999967      0.995105147    
  0.669999957      0.995105147    
  0.680000007      0.997090399    
  0.689999998      0.997090399    
  0.699999988      0.997285485    
  0.709999979      0.997285485    
  0.719999969      0.995880783    
  0.729999959      0.995880783    
  0.740000010      0.992520571    
  0.750000000      0.992520571    
  0.759999990      0.986319661    
  0.769999981      0.986319661    
  0.779999971      0.975877464    
  0.789999962      0.975877464    
  0.799999952      0.959330797    
  0.810000002      0.959330797    
  0.819999993      0.934500277    
  0.829999983      0.934500277    
  0.839999974      0.899169326    
  0.849999964      0.899169326    
  0.859999955      0.851499975    
  0.870000005      0.851499975    
  0.879999995      0.790527463    
  0.889999986      0.790527463    
  0.899999976      0.716621399    
  0.909999967      0.716621399    
  0.919999957      0.631766200    
  0.930000007      0.631766200    
  0.939999998      0.539532244    
  0.949999988      0.539532244    
  0.959999979      0.444681704    
  0.969999969      0.444681704    
  0.979999959      0.352465898    
  0.989999950      0.352465898    
   1.00000000      0.267778009    
