   9.99999978E-03  0.912816405    
   1.99999996E-02  0.887212336    
   2.99999993E-02  0.887212336    
   3.99999991E-02  0.855219483    
   4.99999970E-02  0.855219483    
   5.99999987E-02  0.816756368    
   7.00000003E-02  0.816756368    
   7.99999982E-02  0.771960855    
   8.99999961E-02  0.771960855    
   9.99999940E-02  0.721254468    
  0.109999999      0.721254468    
  0.119999997      0.665378988    
  0.129999995      0.665378988    
  0.140000001      0.605395913    
  0.149999991      0.605395913    
  0.159999996      0.542646527    
  0.170000002      0.542646527    
  0.179999992      0.478675544    
  0.189999998      0.478675544    
  0.199999988      0.415127814    
  0.209999993      0.415127814    
  0.219999999      0.353630185    
  0.229999989      0.353630185    
  0.239999995      0.295675009    
  0.250000000      0.295675009    
  0.259999990      0.242521077    
  0.269999981      0.242521077    
  0.280000001      0.195124805    
  0.289999992      0.195124805    
  0.299999982      0.154109776    
  0.310000002      0.154109776    
  0.319999993      0.119777113    
  0.329999983      0.119777113    
  0.340000004       9.21523422E-02
  0.349999994       9.21523422E-02
  0.359999985       7.10596740E-02
  0.370000005       7.10596740E-02
  0.379999995       5.62112145E-02
  0.389999986       5.62112145E-02
  0.399999976       4.72972617E-02
  0.409999996       4.72972617E-02
  0.419999987       4.40648869E-02
  0.429999977       4.40648869E-02
  0.439999998       4.63741459E-02
  0.449999988       4.63741459E-02
  0.459999979       5.42248450E-02
  0.469999999       5.42248450E-02
  0.479999989       6.77509457E-02
  0.489999980       6.77509457E-02
  0.500000000       8.71835798E-02
  0.509999990       8.71835798E-02
  0.519999981      0.112787664    
  0.529999971      0.112787664    
  0.539999962      0.144780576    
  0.550000012      0.144780576    
  0.560000002      0.183243677    
  0.569999993      0.183243677    
  0.579999983      0.228039324    
  0.589999974      0.228039324    
  0.599999964      0.278745770    
  0.610000014      0.278745770    
  0.620000005      0.334621191    
  0.629999995      0.334621191    
  0.639999986      0.394604176    
  0.649999976      0.394604176    
  0.659999967      0.457353592    
  0.669999957      0.457353592    
  0.680000007      0.521324575    
  0.689999998      0.521324575    
  0.699999988      0.584872305    
  0.709999979      0.584872305    
  0.719999969      0.646370053    
  0.729999959      0.646370053    
  0.740000010      0.704325259    
  0.750000000      0.704325259    
  0.759999990      0.757479131    
  0.769999981      0.757479131    
  0.779999971      0.804875314    
  0.789999962      0.804875314    
  0.799999952      0.845890403    
  0.810000002      0.845890403    
  0.819999993      0.880223036    
  0.829999983      0.880223036    
  0.839999974      0.907847762    
  0.849999964      0.907847762    
  0.859999955      0.928940296    
  0.870000005      0.928940296    
  0.879999995      0.943788767    
  0.889999986      0.943788767    
  0.899999976      0.952702582    
  0.909999967      0.952702582    
  0.919999957      0.955934942    
  0.930000007      0.955934942    
  0.939999998      0.953625798    
  0.949999988      0.953625798    
  0.959999979      0.945775092    
  0.969999969      0.945775092    
  0.979999959      0.932249010    
  0.989999950      0.932249010    
   1.00000000      0.912816405    
