   9.99999978E-03  0.290537894    
   1.99999996E-02  0.214619920    
   2.99999993E-02  0.214619920    
   3.99999991E-02  0.151355475    
   4.99999970E-02  0.151355475    
   5.99999987E-02  0.101620734    
   7.00000003E-02  0.101620734    
   7.99999982E-02   6.47843778E-02
   8.99999961E-02   6.47843778E-02
   9.99999940E-02   3.91217768E-02
  0.109999999       3.91217768E-02
  0.119999997       2.23473161E-02
  0.129999995       2.23473161E-02
  0.140000001       1.21155828E-02
  0.149999991       1.21155828E-02
  0.159999996       6.39139023E-03
  0.170000002       6.39139023E-03
  0.179999992       3.65761574E-03
  0.189999998       3.65761574E-03
  0.199999988       2.98821204E-03
  0.209999993       2.98821204E-03
  0.219999999       4.04303242E-03
  0.229999989       4.04303242E-03
  0.239999995       7.03888806E-03
  0.250000000       7.03888806E-03
  0.259999990       1.27266031E-02
  0.269999981       1.27266031E-02
  0.280000001       2.23704819E-02
  0.289999992       2.23704819E-02
  0.299999982       3.76974866E-02
  0.310000002       3.76974866E-02
  0.319999993       6.07687272E-02
  0.329999983       6.07687272E-02
  0.340000004       9.37329903E-02
  0.349999994       9.37329903E-02
  0.359999985      0.138453394    
  0.370000005      0.138453394    
  0.379999995      0.196048185    
  0.389999986      0.196048185    
  0.399999976      0.266441882    
  0.409999996      0.266441882    
  0.419999987      0.348057806    
  0.429999977      0.348057806    
  0.439999998      0.437777370    
  0.449999988      0.437777370    
  0.459999979      0.531235218    
  0.469999999      0.531235218    
  0.479999989      0.623421669    
  0.489999980      0.623421669    
  0.500000000      0.709462225    
  0.509999990      0.709462225    
  0.519999981      0.785380065    
  0.529999971      0.785380065    
  0.539999962      0.848644555    
  0.550000012      0.848644555    
  0.560000002      0.898379326    
  0.569999993      0.898379326    
  0.579999983      0.935215652    
  0.589999974      0.935215652    
  0.599999964      0.960878313    
  0.610000014      0.960878313    
  0.620000005      0.977652788    
  0.629999995      0.977652788    
  0.639999986      0.987884521    
  0.649999976      0.987884521    
  0.659999967      0.993608594    
  0.669999957      0.993608594    
  0.680000007      0.996342421    
  0.689999998      0.996342421    
  0.699999988      0.997011721    
  0.709999979      0.997011721    
  0.719999969      0.995957017    
  0.729999959      0.995957017    
  0.740000010      0.992961168    
  0.750000000      0.992961168    
  0.759999990      0.987273455    
  0.769999981      0.987273455    
  0.779999971      0.977629542    
  0.789999962      0.977629542    
  0.799999952      0.962302566    
  0.810000002      0.962302566    
  0.819999993      0.939231217    
  0.829999983      0.939231217    
  0.839999974      0.906266987    
  0.849999964      0.906266987    
  0.859999955      0.861546516    
  0.870000005      0.861546516    
  0.879999995      0.803951800    
  0.889999986      0.803951800    
  0.899999976      0.733558178    
  0.909999967      0.733558178    
  0.919999957      0.651942372    
  0.930000007      0.651942372    
  0.939999998      0.562222838    
  0.949999988      0.562222838    
  0.959999979      0.468764842    
  0.969999969      0.468764842    
  0.979999959      0.376578480    
  0.989999950      0.376578480    
   1.00000000      0.290537894    
