   9.99999978E-03  0.903214931    
   1.99999996E-02  0.903214931    
   2.99999993E-02  0.875215054    
   3.99999991E-02  0.875215054    
   4.99999970E-02  0.840795815    
   5.99999987E-02  0.840795815    
   7.00000003E-02  0.799958050    
   7.99999982E-02  0.799958050    
   8.99999961E-02  0.752945960    
   9.99999940E-02  0.752945960    
  0.109999999      0.700301111    
  0.119999997      0.700301111    
  0.129999995      0.642885327    
  0.140000001      0.642885327    
  0.149999991      0.581864893    
  0.159999996      0.581864893    
  0.170000002      0.518657386    
  0.179999992      0.518657386    
  0.189999998      0.454845130    
  0.199999988      0.454845130    
  0.209999993      0.392066211    
  0.219999999      0.392066211    
  0.229999989      0.331897020    
  0.239999995      0.331897020    
  0.250000000      0.275742292    
  0.259999990      0.275742292    
  0.269999981      0.224747479    
  0.280000001      0.224747479    
  0.289999992      0.179744169    
  0.299999982      0.179744169    
  0.310000002      0.141235024    
  0.319999993      0.141235024    
  0.329999983      0.109417826    
  0.340000004      0.109417826    
  0.349999994       8.42425898E-02
  0.359999985       8.42425898E-02
  0.370000005       6.54915050E-02
  0.379999995       6.54915050E-02
  0.389999986       5.28684817E-02
  0.399999976       5.28684817E-02
  0.409999996       4.60851192E-02
  0.419999987       4.60851192E-02
  0.429999977       4.49308604E-02
  0.439999998       4.49308604E-02
  0.449999988       4.93181571E-02
  0.459999979       4.93181571E-02
  0.469999999       5.92971332E-02
  0.479999989       5.92971332E-02
  0.489999980       7.50381798E-02
  0.500000000       7.50381798E-02
  0.509999990       9.67851132E-02
  0.519999981       9.67851132E-02
  0.529999971      0.124785006    
  0.539999962      0.124785006    
  0.550000012      0.159204245    
  0.560000002      0.159204245    
  0.569999993      0.200042054    
  0.579999983      0.200042054    
  0.589999974      0.247054249    
  0.599999964      0.247054249    
  0.610000014      0.299699068    
  0.620000005      0.299699068    
  0.629999995      0.357114822    
  0.639999986      0.357114822    
  0.649999976      0.418135226    
  0.659999967      0.418135226    
  0.669999957      0.481342703    
  0.680000007      0.481342703    
  0.689999998      0.545154989    
  0.699999988      0.545154989    
  0.709999979      0.607933998    
  0.719999969      0.607933998    
  0.729999959      0.668103278    
  0.740000010      0.668103278    
  0.750000000      0.724257946    
  0.759999990      0.724257946    
  0.769999981      0.775252700    
  0.779999971      0.775252700    
  0.789999962      0.820255935    
  0.799999952      0.820255935    
  0.810000002      0.858765125    
  0.819999993      0.858765125    
  0.829999983      0.890582323    
  0.839999974      0.890582323    
  0.849999964      0.915757477    
  0.859999955      0.915757477    
  0.870000005      0.934508443    
  0.879999995      0.934508443    
  0.889999986      0.947131395    
  0.899999976      0.947131395    
  0.909999967      0.953914702    
  0.919999957      0.953914702    
  0.930000007      0.955069005    
  0.939999998      0.955069005    
  0.949999988      0.950681806    
  0.959999979      0.950681806    
  0.969999969      0.940702796    
  0.979999959      0.940702796    
  0.989999950      0.924961746    
   1.00000000      0.924961746    
