   9.99999978E-03   0.00000000    
   1.99999996E-02   0.00000000    
   2.99999993E-02   0.00000000    
   3.99999991E-02   0.00000000    
   4.99999970E-02   0.00000000    
   5.99999987E-02   0.00000000    
   7.00000003E-02   0.00000000    
   7.99999982E-02   0.00000000    
   8.99999961E-02   2.15061569E-08
   9.99999940E-02   2.15061569E-08
  0.109999999       6.66690937E-07
  0.119999997       6.66690937E-07
  0.129999995       9.80680670E-06
  0.140000001       9.80680670E-06
  0.149999991       9.10522795E-05
  0.159999996       9.10522795E-05
  0.170000002       5.98836516E-04
  0.179999992       5.98836516E-04
  0.189999998       2.96849664E-03
  0.199999988       2.96849664E-03
  0.209999993       1.15256021E-02
  0.219999999       1.15256021E-02
  0.229999989       3.59744728E-02
  0.239999995       3.59744728E-02
  0.250000000       9.20031369E-02
  0.259999990       9.20031369E-02
  0.269999981      0.195759922    
  0.280000001      0.195759922    
  0.289999992      0.351395100    
  0.299999982      0.351395100    
  0.310000002      0.540043771    
  0.319999993      0.540043771    
  0.329999983      0.723452330    
  0.340000004      0.723452330    
  0.349999994      0.864535749    
  0.359999985      0.864535749    
  0.370000005      0.948513985    
  0.379999995      0.948513985    
  0.389999986      0.985837579    
  0.399999976      0.985837579    
  0.409999996      0.997501254    
  0.419999987      0.997501254    
  0.429999977      0.999788225    
  0.439999998      0.999788225    
  0.449999988       1.00000000    
  0.459999979       1.00000000    
  0.469999999       1.00000000    
  0.479999989       1.00000000    
  0.489999980       1.00000000    
  0.500000000       1.00000000    
  0.509999990       1.00000000    
  0.519999981       1.00000000    
  0.529999971       1.00000000    
  0.539999962       1.00000000    
  0.550000012       1.00000000    
  0.560000002       1.00000000    
  0.569999993       1.00000000    
  0.579999983       1.00000000    
  0.589999974      0.999999940    
  0.599999964      0.999999940    
  0.610000014      0.999999285    
  0.620000005      0.999999285    
  0.629999995      0.999990165    
  0.639999986      0.999990165    
  0.649999976      0.999908984    
  0.659999967      0.999908984    
  0.669999957      0.999401212    
  0.680000007      0.999401212    
  0.689999998      0.997031510    
  0.699999988      0.997031510    
  0.709999979      0.988474429    
  0.719999969      0.988474429    
  0.729999959      0.964025497    
  0.740000010      0.964025497    
  0.750000000      0.907996833    
  0.759999990      0.907996833    
  0.769999981      0.804240048    
  0.779999971      0.804240048    
  0.789999962      0.648604870    
  0.799999952      0.648604870    
  0.810000002      0.459956229    
  0.819999993      0.459956229    
  0.829999983      0.276547730    
  0.839999974      0.276547730    
  0.849999964      0.135464296    
  0.859999955      0.135464296    
  0.870000005       5.14860488E-02
  0.879999995       5.14860488E-02
  0.889999986       1.41623905E-02
  0.899999976       1.41623905E-02
  0.909999967       2.49874732E-03
  0.919999957       2.49874732E-03
  0.930000007       2.11758233E-04
  0.939999998       2.11758233E-04
  0.949999988       0.00000000    
  0.959999979       0.00000000    
  0.969999969       0.00000000    
  0.979999959       0.00000000    
  0.989999950       0.00000000    
   1.00000000       0.00000000    
