   9.99999978E-03   651.292969    
   1.99999996E-02   51882.0234    
   2.99999993E-02  -688.698242    
   3.99999991E-02  -27658.1133    
   4.99999970E-02   22287.7910    
   5.99999987E-02  -9666.18066    
   7.00000003E-02  -45374.7500    
   7.99999982E-02   48234.0156    
   8.99999961E-02   47509.4219    
   9.99999940E-02  -80999.3047    
  0.109999999      -19532.4160    
  0.119999997       104612.047    
  0.129999995      -30628.0469    
  0.140000001      -115331.680    
  0.149999991       87401.8750    
  0.159999996       109324.156    
  0.170000002      -139133.125    
  0.179999992      -87320.9219    
  0.189999998       181425.609    
  0.199999988       56619.7812    
  0.209999993      -213463.906    
  0.219999999      -26907.6953    
  0.229999989       235280.953    
  0.239999995       5429.50000    
  0.250000000      -248028.156    
  0.259999990       3689.71875    
  0.269999981       253479.484    
  0.280000001       1761.63281    
  0.289999992      -251695.938    
  0.299999982      -21844.5312    
  0.310000002       240344.031    
  0.319999993       53787.8906    
  0.329999983      -216295.672    
  0.340000004      -91489.8594    
  0.349999994       177256.562    
  0.359999985       125444.328    
  0.370000005      -123012.922    
  0.379999995      -144935.188    
  0.389999986       57798.3516    
  0.399999976       142501.969    
  0.409999996       7261.87891    
  0.419999987      -116882.570    
  0.429999977      -55415.6641    
  0.439999998       73093.0625    
  0.449999988       72368.4844    
  0.459999979      -21240.2812    
  0.469999999      -56948.8672    
  0.479999989      -24994.9062    
  0.489999980       24951.0254    
  0.500000000       51920.4453    
  0.509999990      -650.296875    
  0.519999981      -51881.0195    
  0.529999971       689.705078    
  0.539999962       27659.1055    
  0.550000012      -22286.7910    
  0.560000002       9667.19336    
  0.569999993       45375.7500    
  0.579999983      -48233.0391    
  0.589999974      -47508.4219    
  0.599999964       81000.3516    
  0.610000014       19533.4004    
  0.620000005      -104611.078    
  0.629999995       30629.0469    
  0.639999986       115332.703    
  0.649999976      -87400.8906    
  0.659999967      -109323.180    
  0.669999957       139134.188    
  0.680000007       87321.9219    
  0.689999998      -181424.609    
  0.699999988      -56618.7344    
  0.709999979       213464.922    
  0.719999969       26908.6562    
  0.729999959      -235279.969    
  0.740000010      -5428.43750    
  0.750000000       248029.125    
  0.759999990      -3688.76562    
  0.769999981      -253478.500    
  0.779999971      -1760.64844    
  0.789999962       251696.938    
  0.799999952       21845.5469    
  0.810000002      -240343.062    
  0.819999993      -53786.8750    
  0.829999983       216296.703    
  0.839999974       91490.9062    
  0.849999964      -177255.578    
  0.859999955      -125443.375    
  0.870000005       123013.922    
  0.879999995       144936.219    
  0.889999986      -57797.3516    
  0.899999976      -142500.969    
  0.909999967      -7260.86719    
  0.919999957       116883.586    
  0.930000007       55416.6680    
  0.939999998      -73092.0703    
  0.949999988      -72367.4844    
  0.959999979       21241.2930    
  0.969999969       56949.8633    
  0.979999959       24995.8965    
  0.989999950      -24950.0215    
   1.00000000      -51919.4492    
