   9.99999978E-03  -205.406464    
   1.99999996E-02   25.5375023    
   2.99999993E-02   97.1138916    
   3.99999991E-02  -63.3772507    
   4.99999970E-02   153.465607    
   5.99999987E-02   76.2794647    
   7.00000003E-02  -304.396088    
   7.99999982E-02   148.909119    
   8.99999961E-02   243.908966    
   9.99999940E-02  -492.562683    
  0.109999999       62.0447083    
  0.119999997       665.640747    
  0.129999995      -558.618958    
  0.140000001      -509.606537    
  0.149999991       1075.80627    
  0.159999996       67.8769226    
  0.170000002      -1405.59692    
  0.179999992       553.179382    
  0.189999998       1501.79749    
  0.199999988      -1183.34766    
  0.209999993      -1412.38745    
  0.219999999       1706.21497    
  0.229999989       1252.47559    
  0.239999995      -2064.89111    
  0.250000000      -1138.59009    
  0.259999990       2243.16064    
  0.269999981       1149.68945    
  0.280000001      -2232.06128    
  0.289999992      -1305.75989    
  0.299999982       2011.60681    
  0.310000002       1557.86658    
  0.319999993      -1560.73584    
  0.329999983      -1789.77527    
  0.340000004       895.369629    
  0.349999994       1843.98755    
  0.359999985      -114.788452    
  0.370000005      -1588.26196    
  0.379999995      -580.332886    
  0.389999986       1005.07996    
  0.399999976       956.067749    
  0.409999996      -268.191956    
  0.419999987      -871.788086    
  0.429999977      -317.180756    
  0.439999998       419.290924    
  0.449999988       514.290894    
  0.459999979       60.9855804    
  0.469999999      -319.690155    
  0.479999989      -242.504013    
  0.489999980      -25.6610489    
  0.500000000       134.830215    
  0.509999990       206.406479    
  0.519999981      -24.5375595    
  0.529999971      -96.1138916    
  0.539999962       64.3771667    
  0.550000012      -152.465591    
  0.560000002      -75.2792587    
  0.569999993       305.395935    
  0.579999983      -147.909241    
  0.589999974      -242.908722    
  0.599999964       493.562744    
  0.610000014      -61.0449677    
  0.620000005      -664.640747    
  0.629999995       559.619141    
  0.639999986       510.606598    
  0.649999976      -1074.80652    
  0.659999967      -66.8769531    
  0.669999957       1406.59717    
  0.680000007      -552.179688    
  0.689999998      -1500.79773    
  0.699999988       1184.34790    
  0.709999979       1413.38745    
  0.719999969      -1705.21545    
  0.729999959      -1251.47534    
  0.740000010       2065.89136    
  0.750000000       1139.59009    
  0.759999990      -2242.16064    
  0.769999981      -1148.68945    
  0.779999971       2233.06104    
  0.789999962       1306.75964    
  0.799999952      -2010.60657    
  0.810000002      -1556.86646    
  0.819999993       1561.73584    
  0.829999983       1790.77527    
  0.839999974      -894.369629    
  0.849999964      -1842.98755    
  0.859999955       115.788696    
  0.870000005       1589.26245    
  0.879999995       581.332886    
  0.889999986      -1004.08026    
  0.899999976      -955.067871    
  0.909999967       269.192047    
  0.919999957       872.788208    
  0.930000007       318.180817    
  0.939999998      -418.290833    
  0.949999988      -513.290771    
  0.959999979      -59.9855652    
  0.969999969       320.690033    
  0.979999959       243.503952    
  0.989999950       26.6610718    
   1.00000000      -133.830093    
