   9.99999978E-03   0.00000000    
   1.99999996E-02   0.00000000    
   2.99999993E-02   0.00000000    
   3.99999991E-02   0.00000000    
   4.99999970E-02   0.00000000    
   5.99999987E-02   0.00000000    
   7.00000003E-02   0.00000000    
   7.99999982E-02   0.00000000    
   8.99999961E-02   1.45519152E-11
   9.99999940E-02  -1.03318598E-09
  0.109999999       3.43279680E-08
  0.119999997      -7.07819709E-07
  0.129999995       1.01238256E-05
  0.140000001      -1.06292428E-04
  0.149999991       8.44879658E-04
  0.159999996      -5.16188517E-03
  0.170000002       2.43084282E-02
  0.179999992      -8.73156115E-02
  0.189999998      0.232014060    
  0.199999988     -0.422958702    
  0.209999993      0.413430095    
  0.219999999      0.128890723    
  0.229999989     -0.898433805    
  0.239999995      0.633672714    
  0.250000000      0.897163987    
  0.259999990      -1.11943412    
  0.269999981     -0.964069247    
  0.280000001       1.05252886    
  0.289999992       1.31602001    
  0.299999982     -0.216086447    
  0.310000002      -1.24341083    
  0.319999993     -0.958871484    
  0.329999983     -0.122482806    
  0.340000004      0.532490075    
  0.349999994      0.851819754    
  0.359999985      0.963443637    
  0.370000005      0.992913961    
  0.379999995      0.998920679    
  0.389999986      0.999872029    
  0.399999976      0.999988377    
  0.409999996      0.999999225    
  0.419999987       1.00000000    
  0.429999977       1.00000000    
  0.439999998       1.00000000    
  0.449999988       1.00000000    
  0.459999979       1.00000000    
  0.469999999       1.00000000    
  0.479999989       1.00000000    
  0.489999980       1.00000000    
  0.500000000       1.00000000    
  0.509999990       1.00000000    
  0.519999981       1.00000000    
  0.529999971       1.00000000    
  0.539999962       1.00000000    
  0.550000012       1.00000000    
  0.560000002       1.00000000    
  0.569999993       1.00000000    
  0.579999983       1.00000000    
  0.589999974       1.00000000    
  0.599999964       1.00000000    
  0.610000014       1.00000000    
  0.620000005       1.00000072    
  0.629999995      0.999989867    
  0.639999986       1.00010633    
  0.649999976      0.999155164    
  0.659999967       1.00516188    
  0.669999957      0.975691557    
  0.680000007       1.08731544    
  0.689999998      0.767986178    
  0.699999988       1.42295873    
  0.709999979      0.586569786    
  0.719999969      0.871109247    
  0.729999959       1.89843380    
  0.740000010      0.366327256    
  0.750000000      0.102836072    
  0.759999990       2.11943412    
  0.769999981       1.96406913    
  0.779999971      -5.25288582E-02
  0.789999962     -0.316020131    
  0.799999952       1.21608639    
  0.810000002       2.24341106    
  0.819999993       1.95887148    
  0.829999983       1.12248266    
  0.839999974      0.467509985    
  0.849999964      0.148180306    
  0.859999955       3.65562774E-02
  0.870000005       7.08596408E-03
  0.879999995       1.07919856E-03
  0.889999986       1.28026470E-04
  0.899999976       1.16102165E-05
  0.909999967       7.78571120E-07
  0.919999957       3.64234438E-08
  0.930000007       1.06228981E-09
  0.939999998       1.45519152E-11
  0.949999988       0.00000000    
  0.959999979       0.00000000    
  0.969999969       0.00000000    
  0.979999959       0.00000000    
  0.989999950       0.00000000    
   1.00000000       0.00000000    
