   9.99999978E-03  -2766433.00    
   1.99999996E-02  -21484538.0    
   2.99999993E-02   2403627.00    
   3.99999991E-02   15916532.0    
   4.99999970E-02  -6468978.00    
   5.99999987E-02  -6149351.50    
   7.00000003E-02   12996745.0    
   7.99999982E-02  -5246816.50    
   8.99999961E-02  -18912852.0    
   9.99999940E-02   16059880.0    
  0.109999999       21375100.0    
  0.119999997      -25225072.0    
  0.129999995      -19017018.0    
  0.140000001       32763646.0    
  0.149999991       12422451.0    
  0.159999996      -39085832.0    
  0.170000002      -3572135.00    
  0.179999992       44326532.0    
  0.189999998      -5314974.00    
  0.199999988      -48253752.0    
  0.209999993       12721140.0    
  0.219999999       50700764.0    
  0.229999989      -18010806.0    
  0.239999995      -51964908.0    
  0.250000000       21021146.0    
  0.259999990       52685856.0    
  0.269999981      -21635880.0    
  0.280000001      -53300596.0    
  0.289999992       19685448.0    
  0.299999982       53639560.0    
  0.310000002      -15072004.0    
  0.319999993      -53051632.0    
  0.329999983       7923260.00    
  0.340000004       50862032.0    
  0.349999994       1220530.00    
  0.359999985      -46678128.0    
  0.370000005      -11164448.0    
  0.379999995       40343828.0    
  0.389999986       20002642.0    
  0.399999976      -31778008.0    
  0.409999996      -25569952.0    
  0.419999987       21030204.0    
  0.429999977       26345418.0    
  0.439999998      -8627308.00    
  0.449999988      -22293350.0    
  0.459999979      -4049789.50    
  0.469999999       15096311.0    
  0.479999989       14776685.0    
  0.489999980      -7608828.00    
  0.500000000      -21121732.0    
  0.509999990       2766435.00    
  0.519999981       21484538.0    
  0.529999971      -2403629.00    
  0.539999962      -15916532.0    
  0.550000012       6468983.00    
  0.560000002       6149352.00    
  0.569999993      -12996753.0    
  0.579999983       5246823.50    
  0.589999974       18912860.0    
  0.599999964      -16059888.0    
  0.610000014      -21375098.0    
  0.620000005       25225072.0    
  0.629999995       19017018.0    
  0.639999986      -32763648.0    
  0.649999976      -12422450.0    
  0.659999967       39085840.0    
  0.669999957       3572129.00    
  0.680000007      -44326536.0    
  0.689999998       5314984.00    
  0.699999988       48253760.0    
  0.709999979      -12721154.0    
  0.719999969      -50700764.0    
  0.729999959       18010828.0    
  0.740000010       51964916.0    
  0.750000000      -21021160.0    
  0.759999990      -52685856.0    
  0.769999981       21635900.0    
  0.779999971       53300600.0    
  0.789999962      -19685464.0    
  0.799999952      -53639560.0    
  0.810000002       15072014.0    
  0.819999993       53051632.0    
  0.829999983      -7923256.00    
  0.839999974      -50862024.0    
  0.849999964      -1220526.00    
  0.859999955       46678128.0    
  0.870000005       11164444.0    
  0.879999995      -40343820.0    
  0.889999986      -20002640.0    
  0.899999976       31778002.0    
  0.909999967       25569954.0    
  0.919999957      -21030198.0    
  0.930000007      -26345414.0    
  0.939999998       8627316.00    
  0.949999988       22293350.0    
  0.959999979       4049786.50    
  0.969999969      -15096313.0    
  0.979999959      -14776684.0    
  0.989999950       7608830.00    
   1.00000000       21121734.0    
