   9.99999978E-03   5.30015932E-05
   1.99999996E-02   3.08163317E-06
   2.99999993E-02   3.08163317E-06
   3.99999991E-02   3.22010463E-09
   4.99999970E-02   3.22010463E-09
   5.99999987E-02   4.59288074E-08
   7.00000003E-02   4.59288074E-08
   7.99999982E-02   4.73015774E-07
   8.99999961E-02   4.73015774E-07
   9.99999940E-02   3.74734918E-06
  0.109999999       3.74734918E-06
  0.119999997       2.37571676E-05
  0.129999995       2.37571676E-05
  0.140000001       1.23806254E-04
  0.149999991       1.23806254E-04
  0.159999996       5.40677458E-04
  0.170000002       5.40677458E-04
  0.179999992       2.00744648E-03
  0.189999998       2.00744648E-03
  0.199999988       6.40775356E-03
  0.209999993       6.40775356E-03
  0.219999999       1.77418776E-02
  0.229999989       1.77418776E-02
  0.239999995       4.29288149E-02
  0.250000000       4.29288149E-02
  0.259999990       9.13652331E-02
  0.269999981       9.13652331E-02
  0.280000001      0.172092617    
  0.289999992      0.172092617    
  0.299999982      0.288698822    
  0.310000002      0.288698822    
  0.319999993      0.434456617    
  0.329999983      0.434456617    
  0.340000004      0.591646373    
  0.349999994      0.591646373    
  0.359999985      0.737192452    
  0.370000005      0.737192452    
  0.379999995      0.852097273    
  0.389999986      0.852097273    
  0.399999976      0.928700447    
  0.409999996      0.928700447    
  0.419999987      0.971257806    
  0.429999977      0.971257806    
  0.439999998      0.990602016    
  0.449999988      0.990602016    
  0.459999979      0.997610748    
  0.469999999      0.997610748    
  0.479999989      0.999557614    
  0.489999980      0.999557614    
  0.500000000      0.999947071    
  0.509999990      0.999947071    
  0.519999981      0.999996960    
  0.529999971      0.999996960    
  0.539999962       1.00000000    
  0.550000012       1.00000000    
  0.560000002       1.00000000    
  0.569999993       1.00000000    
  0.579999983      0.999999523    
  0.589999974      0.999999523    
  0.599999964      0.999996245    
  0.610000014      0.999996245    
  0.620000005      0.999976218    
  0.629999995      0.999976218    
  0.639999986      0.999876201    
  0.649999976      0.999876201    
  0.659999967      0.999459386    
  0.669999957      0.999459386    
  0.680000007      0.997992694    
  0.689999998      0.997992694    
  0.699999988      0.993592262    
  0.709999979      0.993592262    
  0.719999969      0.982258141    
  0.729999959      0.982258141    
  0.740000010      0.957071126    
  0.750000000      0.957071126    
  0.759999990      0.908634663    
  0.769999981      0.908634663    
  0.779999971      0.827907383    
  0.789999962      0.827907383    
  0.799999952      0.711301148    
  0.810000002      0.711301148    
  0.819999993      0.565543473    
  0.829999983      0.565543473    
  0.839999974      0.408353686    
  0.849999964      0.408353686    
  0.859999955      0.262807608    
  0.870000005      0.262807608    
  0.879999995      0.147902802    
  0.889999986      0.147902802    
  0.899999976       7.12996125E-02
  0.909999967       7.12996125E-02
  0.919999957       2.87422854E-02
  0.930000007       2.87422854E-02
  0.939999998       9.39804409E-03
  0.949999988       9.39804409E-03
  0.959999979       2.38926266E-03
  0.969999969       2.38926266E-03
  0.979999959       4.42378398E-04
  0.989999950       4.42378398E-04
   1.00000000       5.30015932E-05
