   9.99999978E-03  0.440012544    
   1.99999996E-02  0.440012544    
   2.99999993E-02  0.357618034    
   3.99999991E-02  0.357618034    
   4.99999970E-02  0.281077325    
   5.99999987E-02  0.281077325    
   7.00000003E-02  0.213180229    
   7.99999982E-02  0.213180229    
   8.99999961E-02  0.155705944    
   9.99999940E-02  0.155705944    
  0.109999999      0.109318823    
  0.119999997      0.109318823    
  0.129999995       7.36625120E-02
  0.140000001       7.36625120E-02
  0.149999991       4.76080440E-02
  0.159999996       4.76080440E-02
  0.170000002       2.95819864E-02
  0.179999992       2.95819864E-02
  0.189999998       1.78985409E-02
  0.199999988       1.78985409E-02
  0.209999993       1.10377930E-02
  0.219999999       1.10377930E-02
  0.229999989       7.84155447E-03
  0.239999995       7.84155447E-03
  0.250000000       7.62607111E-03
  0.259999990       7.62607111E-03
  0.269999981       1.02275424E-02
  0.280000001       1.02275424E-02
  0.289999992       1.59991961E-02
  0.299999982       1.59991961E-02
  0.310000002       2.57704668E-02
  0.319999993       2.57704668E-02
  0.329999983       4.07661609E-02
  0.340000004       4.07661609E-02
  0.349999994       6.24742694E-02
  0.359999985       6.24742694E-02
  0.370000005       9.24512520E-02
  0.379999995       9.24512520E-02
  0.389999986      0.132065684    
  0.399999976      0.132065684    
  0.409999996      0.182202831    
  0.419999987      0.182202831    
  0.429999977      0.242977709    
  0.439999998      0.242977709    
  0.449999988      0.313520789    
  0.459999979      0.313520789    
  0.469999999      0.391902149    
  0.479999989      0.391902149    
  0.489999980      0.475238711    
  0.500000000      0.475238711    
  0.509999990      0.559987605    
  0.519999981      0.559987605    
  0.529999971      0.642382145    
  0.539999962      0.642382145    
  0.550000012      0.718922853    
  0.560000002      0.718922853    
  0.569999993      0.786819935    
  0.579999983      0.786819935    
  0.589999974      0.844294131    
  0.599999964      0.844294131    
  0.610000014      0.890681267    
  0.620000005      0.890681267    
  0.629999995      0.926337481    
  0.639999986      0.926337481    
  0.649999976      0.952391982    
  0.659999967      0.952391982    
  0.669999957      0.970417976    
  0.680000007      0.970417976    
  0.689999998      0.982101440    
  0.699999988      0.982101440    
  0.709999979      0.988962173    
  0.719999969      0.988962173    
  0.729999959      0.992158413    
  0.740000010      0.992158413    
  0.750000000      0.992373884    
  0.759999990      0.992373884    
  0.769999981      0.989772439    
  0.779999971      0.989772439    
  0.789999962      0.984000862    
  0.799999952      0.984000862    
  0.810000002      0.974229574    
  0.819999993      0.974229574    
  0.829999983      0.959233880    
  0.839999974      0.959233880    
  0.849999964      0.937525690    
  0.859999955      0.937525690    
  0.870000005      0.907548726    
  0.879999995      0.907548726    
  0.889999986      0.867934346    
  0.899999976      0.867934346    
  0.909999967      0.817797124    
  0.919999957      0.817797124    
  0.930000007      0.757022262    
  0.939999998      0.757022262    
  0.949999988      0.686479270    
  0.959999979      0.686479270    
  0.969999969      0.608098030    
  0.979999959      0.608098030    
  0.989999950      0.524761498    
   1.00000000      0.524761498    
