   9.99999978E-03  -8831204.00    
   1.99999996E-02   8072385.00    
   2.99999993E-02   7683051.00    
   3.99999991E-02  -7029546.50    
   4.99999970E-02  -2538361.00    
   5.99999987E-02   6194360.50    
   7.00000003E-02  -4754647.00    
   7.99999982E-02  -5178087.00    
   8.99999961E-02   11863923.0    
   9.99999940E-02   3249464.00    
  0.109999999      -17010198.0    
  0.119999997       244463.500    
  0.129999995       19576176.0    
  0.140000001      -5401845.00    
  0.149999991      -19999514.0    
  0.159999996       11585763.0    
  0.170000002       19158404.0    
  0.179999992      -17720460.0    
  0.189999998      -17775084.0    
  0.199999988       22854936.0    
  0.209999993       16244584.0    
  0.219999999      -26554134.0    
  0.229999989      -14849045.0    
  0.239999995       28861500.0    
  0.250000000       13967548.0    
  0.259999990      -29972860.0    
  0.269999981      -13990128.0    
  0.280000001       29950280.0    
  0.289999992       15056332.0    
  0.299999982      -28654212.0    
  0.310000002      -16949128.0    
  0.319999993       25849592.0    
  0.329999983       19239244.0    
  0.340000004      -21390772.0    
  0.349999994      -21445396.0    
  0.359999985       15433462.0    
  0.370000005       23006106.0    
  0.379999995      -8579160.00    
  0.389999986      -23176828.0    
  0.399999976       1801190.00    
  0.409999996       21132896.0    
  0.419999987       3878232.00    
  0.429999977      -16381428.0    
  0.439999998      -7766971.50    
  0.449999988       9275038.00    
  0.459999979       9698482.00    
  0.469999999      -1250525.75    
  0.479999989      -9983248.00    
  0.489999980      -5492060.00    
  0.500000000       9220539.00    
  0.509999990       8831204.00    
  0.519999981      -8072385.50    
  0.529999971      -7683049.50    
  0.539999962       7029549.00    
  0.550000012       2538360.00    
  0.560000002      -6194361.00    
  0.569999993       4754650.00    
  0.579999983       5178090.00    
  0.589999974      -11863929.0    
  0.599999964      -3249462.00    
  0.610000014       17010204.0    
  0.620000005      -244466.000    
  0.629999995      -19576176.0    
  0.639999986       5401848.00    
  0.649999976       19999518.0    
  0.659999967      -11585764.0    
  0.669999957      -19158406.0    
  0.680000007       17720468.0    
  0.689999998       17775080.0    
  0.699999988      -22854940.0    
  0.709999979      -16244578.0    
  0.719999969       26554148.0    
  0.729999959       14849041.0    
  0.740000010      -28861508.0    
  0.750000000      -13967543.0    
  0.759999990       29972868.0    
  0.769999981       13990123.0    
  0.779999971      -29950284.0    
  0.789999962      -15056326.0    
  0.799999952       28654218.0    
  0.810000002       16949124.0    
  0.819999993      -25849592.0    
  0.829999983      -19239242.0    
  0.839999974       21390772.0    
  0.849999964       21445396.0    
  0.859999955      -15433460.0    
  0.870000005      -23006100.0    
  0.879999995       8579160.00    
  0.889999986       23176826.0    
  0.899999976      -1801185.00    
  0.909999967      -21132890.0    
  0.919999957      -3878229.50    
  0.930000007       16381430.0    
  0.939999998       7766971.00    
  0.949999988      -9275040.00    
  0.959999979      -9698481.00    
  0.969999969       1250527.50    
  0.979999959       9983249.00    
  0.989999950       5492060.50    
   1.00000000      -9220538.00    
