   9.99999978E-03  -15550321.0    
   1.99999996E-02  -2209420.75    
   2.99999993E-02   13563038.0    
   3.99999991E-02  -148475.500    
   4.99999970E-02  -8649994.00    
   5.99999987E-02   5765231.00    
   7.00000003E-02   2108755.50    
   7.99999982E-02  -12249872.0    
   8.99999961E-02   4806854.00    
   9.99999940E-02   16971990.0    
  0.109999999      -11416417.0    
  0.119999997      -18213806.0    
  0.129999995       17639202.0    
  0.140000001       15800619.0    
  0.149999991      -23572468.0    
  0.159999996      -10886561.0    
  0.170000002       29055802.0    
  0.179999992       5113885.00    
  0.189999998      -33628208.0    
  0.199999988       221073.000    
  0.209999993       36879540.0    
  0.219999999      -4455777.00    
  0.229999989      -38812472.0    
  0.239999995       7312580.00    
  0.250000000       39836336.0    
  0.259999990      -8571678.00    
  0.269999981      -40388936.0    
  0.280000001       8019072.00    
  0.289999992       40542832.0    
  0.299999982      -5582214.00    
  0.310000002      -39938916.0    
  0.319999993       1396396.00    
  0.329999983       38054864.0    
  0.340000004       4205586.00    
  0.349999994      -34536504.0    
  0.359999985      -10594593.0    
  0.370000005       29347764.0    
  0.379999995       16661868.0    
  0.389999986      -22711212.0    
  0.399999976      -20872628.0    
  0.409999996       14980372.0    
  0.419999987       21777754.0    
  0.429999977      -6610652.00    
  0.439999998      -18775788.0    
  0.449999988      -1719065.50    
  0.459999979       12639565.0    
  0.469999999       8983091.00    
  0.479999989      -5432135.50    
  0.489999980      -13933654.0    
  0.500000000      -222137.500    
  0.509999990       15550321.0    
  0.519999981       2209420.00    
  0.529999971      -13563038.0    
  0.539999962       148479.000    
  0.550000012       8649995.00    
  0.560000002      -5765233.50    
  0.569999993      -2108754.75    
  0.579999983       12249880.0    
  0.589999974      -4806858.50    
  0.599999964      -16971994.0    
  0.610000014       11416424.0    
  0.620000005       18213806.0    
  0.629999995      -17639202.0    
  0.639999986      -15800620.0    
  0.649999976       23572472.0    
  0.659999967       10886563.0    
  0.669999957      -29055808.0    
  0.680000007      -5113878.00    
  0.689999998       33628212.0    
  0.699999988      -221080.000    
  0.709999979      -36879544.0    
  0.719999969       4455792.00    
  0.729999959       38812480.0    
  0.740000010      -7312589.00    
  0.750000000      -39836340.0    
  0.759999990       8571690.00    
  0.769999981       40388944.0    
  0.779999971      -8019081.00    
  0.789999962      -40542832.0    
  0.799999952       5582224.00    
  0.810000002       39938916.0    
  0.819999993      -1396398.00    
  0.829999983      -38054860.0    
  0.839999974      -4205584.00    
  0.849999964       34536504.0    
  0.859999955       10594592.0    
  0.870000005      -29347760.0    
  0.879999995      -16661864.0    
  0.889999986       22711208.0    
  0.899999976       20872628.0    
  0.909999967      -14980364.0    
  0.919999957      -21777750.0    
  0.930000007       6610655.50    
  0.939999998       18775790.0    
  0.949999988       1719063.00    
  0.959999979      -12639566.0    
  0.969999969      -8983090.00    
  0.979999959       5432138.00    
  0.989999950       13933655.0    
   1.00000000       222139.000    
