   9.99999978E-03  0.893299222    
   1.99999996E-02  0.861416519    
   2.99999993E-02  0.861416519    
   3.99999991E-02  0.822840929    
   4.99999970E-02  0.822840929    
   5.99999987E-02  0.777644634    
   7.00000003E-02  0.777644634    
   7.99999982E-02  0.726214051    
   8.99999961E-02  0.726214051    
   9.99999940E-02  0.669293284    
  0.109999999      0.669293284    
  0.119999997      0.607986271    
  0.129999995      0.607986271    
  0.140000001      0.543713748    
  0.149999991      0.543713748    
  0.159999996      0.478127658    
  0.170000002      0.478127658    
  0.179999992      0.412993491    
  0.189999998      0.412993491    
  0.199999988      0.350055754    
  0.209999993      0.350055754    
  0.219999999      0.290905297    
  0.229999989      0.290905297    
  0.239999995      0.236866921    
  0.250000000      0.236866921    
  0.259999990      0.188922718    
  0.269999981      0.188922718    
  0.280000001      0.147680551    
  0.289999992      0.147680551    
  0.299999982      0.113389075    
  0.310000002      0.113389075    
  0.319999993       8.59948695E-02
  0.329999983       8.59948695E-02
  0.340000004       6.52297810E-02
  0.349999994       6.52297810E-02
  0.359999985       5.07142656E-02
  0.370000005       5.07142656E-02
  0.379999995       4.20606174E-02
  0.389999986       4.20606174E-02
  0.399999976       3.89616638E-02
  0.409999996       3.89616638E-02
  0.419999987       4.12534997E-02
  0.429999977       4.12534997E-02
  0.439999998       4.89447936E-02
  0.449999988       4.89447936E-02
  0.459999979       6.22096471E-02
  0.469999999       6.22096471E-02
  0.479999989       8.13454166E-02
  0.489999980       8.13454166E-02
  0.500000000      0.106700830    
  0.509999990      0.106700830    
  0.519999981      0.138583556    
  0.529999971      0.138583556    
  0.539999962      0.177159220    
  0.550000012      0.177159220    
  0.560000002      0.222355500    
  0.569999993      0.222355500    
  0.579999983      0.273786128    
  0.589999974      0.273786128    
  0.599999964      0.330706894    
  0.610000014      0.330706894    
  0.620000005      0.392013848    
  0.629999995      0.392013848    
  0.639999986      0.456286371    
  0.649999976      0.456286371    
  0.659999967      0.521872461    
  0.669999957      0.521872461    
  0.680000007      0.587006688    
  0.689999998      0.587006688    
  0.699999988      0.649944425    
  0.709999979      0.649944425    
  0.719999969      0.709094942    
  0.729999959      0.709094942    
  0.740000010      0.763133347    
  0.750000000      0.763133347    
  0.759999990      0.811077476    
  0.769999981      0.811077476    
  0.779999971      0.852319658    
  0.789999962      0.852319658    
  0.799999952      0.886611104    
  0.810000002      0.886611104    
  0.819999993      0.914005280    
  0.829999983      0.914005280    
  0.839999974      0.934770226    
  0.849999964      0.934770226    
  0.859999955      0.949285626    
  0.870000005      0.949285626    
  0.879999995      0.957939267    
  0.889999986      0.957939267    
  0.899999976      0.961038232    
  0.909999967      0.961038232    
  0.919999957      0.958746433    
  0.930000007      0.958746433    
  0.939999998      0.951055169    
  0.949999988      0.951055169    
  0.959999979      0.937790394    
  0.969999969      0.937790394    
  0.979999959      0.918654621    
  0.989999950      0.918654621    
   1.00000000      0.893299222    
