   9.99999978E-03  0.573850453    
   1.99999996E-02  0.493257076    
   2.99999993E-02  0.493257076    
   3.99999991E-02  0.412663996    
   4.99999970E-02  0.412663996    
   5.99999987E-02  0.335328132    
   7.00000003E-02  0.335328132    
   7.99999982E-02  0.264150798    
   8.99999961E-02  0.264150798    
   9.99999940E-02  0.201352984    
  0.109999999      0.201352984    
  0.119999997      0.148276016    
  0.129999995      0.148276016    
  0.140000001      0.105337411    
  0.149999991      0.105337411    
  0.159999996       7.21350908E-02
  0.170000002       7.21350908E-02
  0.179999992       4.76624481E-02
  0.189999998       4.76624481E-02
  0.199999988       3.05790789E-02
  0.209999993       3.05790789E-02
  0.219999999       1.94824655E-02
  0.229999989       1.94824655E-02
  0.239999995       1.31384330E-02
  0.250000000       1.31384330E-02
  0.259999990       1.06485672E-02
  0.269999981       1.06485672E-02
  0.280000001       1.15501489E-02
  0.289999992       1.15501489E-02
  0.299999982       1.58553403E-02
  0.310000002       1.58553403E-02
  0.319999993       2.40384806E-02
  0.329999983       2.40384806E-02
  0.340000004       3.69763561E-02
  0.349999994       3.69763561E-02
  0.359999985       5.58408163E-02
  0.370000005       5.58408163E-02
  0.379999995       8.19409937E-02
  0.389999986       8.19409937E-02
  0.399999976      0.116517350    
  0.409999996      0.116517350    
  0.419999987      0.160501540    
  0.429999977      0.160501540    
  0.439999998      0.214272007    
  0.449999988      0.214272007    
  0.459999979      0.277449340    
  0.469999999      0.277449340    
  0.479999989      0.348780036    
  0.489999980      0.348780036    
  0.500000000      0.426149726    
  0.509999990      0.426149726    
  0.519999981      0.506743073    
  0.529999971      0.506743073    
  0.539999962      0.587336183    
  0.550000012      0.587336183    
  0.560000002      0.664672017    
  0.569999993      0.664672017    
  0.579999983      0.735849380    
  0.589999974      0.735849380    
  0.599999964      0.798647165    
  0.610000014      0.798647165    
  0.620000005      0.851724029    
  0.629999995      0.851724029    
  0.639999986      0.894662619    
  0.649999976      0.894662619    
  0.659999967      0.927865028    
  0.669999957      0.927865028    
  0.680000007      0.952337623    
  0.689999998      0.952337623    
  0.699999988      0.969420910    
  0.709999979      0.969420910    
  0.719999969      0.980517507    
  0.729999959      0.980517507    
  0.740000010      0.986861527    
  0.750000000      0.986861527    
  0.759999990      0.989351392    
  0.769999981      0.989351392    
  0.779999971      0.988449872    
  0.789999962      0.988449872    
  0.799999952      0.984144688    
  0.810000002      0.984144688    
  0.819999993      0.975961566    
  0.829999983      0.975961566    
  0.839999974      0.963023603    
  0.849999964      0.963023603    
  0.859999955      0.944159150    
  0.870000005      0.944159150    
  0.879999995      0.918058991    
  0.889999986      0.918058991    
  0.899999976      0.883482575    
  0.909999967      0.883482575    
  0.919999957      0.839498401    
  0.930000007      0.839498401    
  0.939999998      0.785727978    
  0.949999988      0.785727978    
  0.959999979      0.722550631    
  0.969999969      0.722550631    
  0.979999959      0.651220024    
  0.989999950      0.651220024    
   1.00000000      0.573850453    
