   9.99999978E-03  -10672208.0    
   1.99999996E-02  -16485319.0    
   2.99999993E-02   9324666.00    
   3.99999991E-02   11198838.0    
   4.99999970E-02  -9546111.00    
   5.99999987E-02  -1109694.50    
   7.00000003E-02   10612516.0    
   7.99999982E-02  -10646611.0    
   8.99999961E-02  -10986662.0    
   9.99999940E-02   21058148.0    
  0.109999999       9006412.00    
  0.119999997      -28416604.0    
  0.129999995      -3759716.00    
  0.140000001       32612604.0    
  0.149999991      -4363881.00    
  0.159999996      -34532720.0    
  0.170000002       13848561.0    
  0.179999992       35150064.0    
  0.189999998      -22857316.0    
  0.199999988      -35019304.0    
  0.209999993       30080480.0    
  0.219999999       34418056.0    
  0.229999989      -35050348.0    
  0.239999995      -33740112.0    
  0.250000000       37848836.0    
  0.259999990       33570648.0    
  0.269999981      -38611996.0    
  0.280000001      -34333816.0    
  0.289999992       37255128.0    
  0.299999982       35944904.0    
  0.310000002      -33523500.0    
  0.319999993      -37861080.0    
  0.329999983       27238700.0    
  0.340000004       39400684.0    
  0.349999994      -18606688.0    
  0.359999985      -39908188.0    
  0.370000005       8473080.00    
  0.379999995       38641920.0    
  0.389999986       1665446.00    
  0.399999976      -34706864.0    
  0.409999996      -10049982.0    
  0.419999987       27373020.0    
  0.429999977       15321282.0    
  0.439999998      -16723524.0    
  0.449999988      -17063582.0    
  0.459999979       4195546.00    
  0.469999999       15917760.0    
  0.479999989       7481343.00    
  0.489999980      -13263608.0    
  0.500000000      -15137778.0    
  0.509999990       10672209.0    
  0.519999981       16485319.0    
  0.529999971      -9324668.00    
  0.539999962      -11198836.0    
  0.550000012       9546115.00    
  0.560000002       1109693.00    
  0.569999993      -10612521.0    
  0.579999983       10646620.0    
  0.589999974       10986665.0    
  0.599999964      -21058156.0    
  0.610000014      -9006408.00    
  0.620000005       28416604.0    
  0.629999995       3759716.00    
  0.639999986      -32612606.0    
  0.649999976       4363884.00    
  0.659999967       34532728.0    
  0.669999957      -13848569.0    
  0.680000007      -35150064.0    
  0.689999998       22857326.0    
  0.699999988       35019304.0    
  0.709999979      -30080492.0    
  0.719999969      -34418048.0    
  0.729999959       35050368.0    
  0.740000010       33740112.0    
  0.750000000      -37848848.0    
  0.759999990      -33570640.0    
  0.769999981       38612012.0    
  0.779999971       34333812.0    
  0.789999962      -37255140.0    
  0.799999952      -35944896.0    
  0.810000002       33523508.0    
  0.819999993       37861080.0    
  0.829999983      -27238696.0    
  0.839999974      -39400680.0    
  0.849999964       18606690.0    
  0.859999955       39908184.0    
  0.870000005      -8473080.00    
  0.879999995      -38641912.0    
  0.889999986      -1665447.00    
  0.899999976       34706860.0    
  0.909999967       10049986.0    
  0.919999957      -27373014.0    
  0.930000007      -15321278.0    
  0.939999998       16723530.0    
  0.949999988       17063580.0    
  0.959999979      -4195548.50    
  0.969999969      -15917761.0    
  0.979999959      -7481341.00    
  0.989999950       13263610.0    
   1.00000000       15137780.0    
