   9.99999978E-03  -7613.30469    
   1.99999996E-02   6665.55273    
   2.99999993E-02   5342.42139    
   3.99999991E-02  -4662.40234    
   4.99999970E-02   3517.75464    
   5.99999987E-02   2417.98486    
   7.00000003E-02  -12476.4033    
   7.99999982E-02   2502.11816    
   8.99999961E-02   15891.4082    
   9.99999940E-02  -11343.8486    
  0.109999999      -12195.4746    
  0.119999997       21990.0957    
  0.129999995       2990.41504    
  0.140000001      -30235.1289    
  0.149999991       9536.25195    
  0.159999996       33280.8242    
  0.170000002      -23434.2773    
  0.179999992      -31391.9609    
  0.189999998       36608.2617    
  0.199999988       26614.0547    
  0.209999993      -47229.8164    
  0.219999999      -21047.3906    
  0.229999989       54655.0859    
  0.239999995       16569.2461    
  0.250000000      -59092.9062    
  0.259999990      -14736.5996    
  0.269999981       60705.0195    
  0.280000001       16348.7129    
  0.289999992      -59313.4336    
  0.299999982      -21227.5996    
  0.310000002       54474.8516    
  0.319999993       28292.4219    
  0.329999983      -45551.4297    
  0.340000004      -35557.2148    
  0.349999994       32442.9922    
  0.359999985       40400.6641    
  0.370000005      -16314.4316    
  0.379999995      -40058.9961    
  0.389999986      -287.611328    
  0.399999976       32937.9336    
  0.409999996       13938.2510    
  0.419999987      -20247.3223    
  0.429999977      -21098.9492    
  0.439999998       6136.30859    
  0.449999988       19525.5996    
  0.459999979       4547.07959    
  0.469999999      -10347.3145    
  0.479999989      -9247.54980    
  0.489999980      -1067.38989    
  0.500000000       8937.43750    
  0.509999990       7614.30371    
  0.519999981      -6664.55322    
  0.529999971      -5341.42041    
  0.539999962       4663.39990    
  0.550000012      -3516.75488    
  0.560000002      -2416.98169    
  0.569999993       12477.4053    
  0.579999983      -2501.12402    
  0.589999974      -15890.4092    
  0.599999964       11344.8564    
  0.610000014       12196.4766    
  0.620000005      -21989.1074    
  0.629999995      -2989.41406    
  0.639999986       30236.1367    
  0.649999976      -9535.25586    
  0.659999967      -33279.8281    
  0.669999957       23435.2812    
  0.680000007       31392.9570    
  0.689999998      -36607.2695    
  0.699999988      -26613.0449    
  0.709999979       47230.8281    
  0.719999969       21048.3789    
  0.729999959      -54654.0938    
  0.740000010      -16568.2520    
  0.750000000       59093.9141    
  0.759999990       14737.5957    
  0.769999981      -60704.0117    
  0.779999971      -16347.7090    
  0.789999962       59314.4336    
  0.799999952       21228.6094    
  0.810000002      -54473.8516    
  0.819999993      -28291.4297    
  0.829999983       45552.4297    
  0.839999974       35558.2188    
  0.849999964      -32441.9902    
  0.859999955      -40399.6680    
  0.870000005       16315.4258    
  0.879999995       40060.0000    
  0.889999986       288.611328    
  0.899999976      -32936.9375    
  0.909999967      -13937.2480    
  0.919999957       20248.3281    
  0.930000007       21099.9492    
  0.939999998      -6135.31152    
  0.949999988      -19524.6016    
  0.959999979      -4546.07812    
  0.969999969       10348.3154    
  0.979999959       9248.54883    
  0.989999950       1068.39136    
   1.00000000      -8936.43555    
