   9.99999978E-03   7.16165116E-04
   1.99999996E-02  -2.83633475E-04
   2.99999993E-02   1.74447161E-03
   3.99999991E-02  -6.38288027E-03
   4.99999970E-02   2.09262036E-02
   5.99999987E-02  -5.99558502E-02
   7.00000003E-02  0.148020431    
   7.99999982E-02 -0.307211876    
   8.99999961E-02  0.511525333    
   9.99999940E-02 -0.609565139    
  0.109999999      0.300165117    
  0.119999997      0.650640488    
  0.129999995      -1.86977100    
  0.140000001       2.01619673    
  0.149999991      0.269745111    
  0.159999996      -3.90208721    
  0.170000002       4.37326288    
  0.179999992       1.47145641    
  0.189999998      -8.03976250    
  0.199999988       4.34279919    
  0.209999993       8.23415852    
  0.219999999      -10.3531046    
  0.229999989      -5.92367363    
  0.239999995       14.5618124    
  0.250000000       3.64661121    
  0.259999990      -16.7137661    
  0.269999981      -3.45147324    
  0.280000001       16.9089031    
  0.289999992       5.99369764    
  0.299999982      -14.4917870    
  0.310000002      -10.0623550    
  0.319999993       8.52490616    
  0.329999983       12.4162645    
  0.340000004       3.37057114E-02
  0.349999994      -9.47751331    
  0.359999985      -6.57570744    
  0.370000005       1.69964385    
  0.379999995       5.87147665    
  0.389999986       4.12502480    
  0.399999976      0.239056349    
  0.409999996      -2.28135490    
  0.419999987      -2.63182950    
  0.429999977      -1.72209859    
  0.439999998     -0.601007700    
  0.449999988      0.217728674    
  0.459999979      0.672960520    
  0.469999999      0.880937159    
  0.479999989      0.961819291    
  0.489999980      0.989128649    
  0.500000000      0.997255206    
  0.509999990      0.999284148    
  0.519999981       1.00028348    
  0.529999971      0.998255432    
  0.539999962       1.00638306    
  0.550000012      0.979073763    
  0.560000002       1.05995572    
  0.569999993      0.851979852    
  0.579999983       1.30721164    
  0.589999974      0.488474339    
  0.599999964       1.60956490    
  0.610000014      0.699835300    
  0.620000005      0.349360198    
  0.629999995       2.86976957    
  0.639999986      -1.01619697    
  0.649999976      0.730257511    
  0.659999967       4.90208530    
  0.669999957      -3.37326527    
  0.680000007     -0.471453190    
  0.689999998       9.03976345    
  0.699999988      -3.34279966    
  0.709999979      -7.23415756    
  0.719999969       11.3531027    
  0.729999959       6.92367268    
  0.740000010      -13.5618114    
  0.750000000      -2.64661026    
  0.759999990       17.7137680    
  0.769999981       4.45147324    
  0.779999971      -15.9089031    
  0.789999962      -4.99369812    
  0.799999952       15.4917879    
  0.810000002       11.0623531    
  0.819999993      -7.52490664    
  0.829999983      -11.4162645    
  0.839999974      0.966294289    
  0.849999964       10.4775114    
  0.859999955       7.57570648    
  0.870000005     -0.699642658    
  0.879999995      -4.87147522    
  0.889999986      -3.12502480    
  0.899999976      0.760942578    
  0.909999967       3.28135395    
  0.919999957       3.63182926    
  0.930000007       2.72209883    
  0.939999998       1.60100842    
  0.949999988      0.782271266    
  0.959999979      0.327039003    
  0.969999969      0.119062752    
  0.979999959       3.81807014E-02
  0.989999950       1.08716208E-02
   1.00000000       2.74427002E-03
