   9.99999978E-03   0.00000000    
   1.99999996E-02   0.00000000    
   2.99999993E-02   0.00000000    
   3.99999991E-02   0.00000000    
   4.99999970E-02   0.00000000    
   5.99999987E-02   0.00000000    
   7.00000003E-02   0.00000000    
   7.99999982E-02   0.00000000    
   8.99999961E-02   0.00000000    
   9.99999940E-02   0.00000000    
  0.109999999       0.00000000    
  0.119999997       0.00000000    
  0.129999995       0.00000000    
  0.140000001       0.00000000    
  0.149999991       0.00000000    
  0.159999996       0.00000000    
  0.170000002       0.00000000    
  0.179999992       0.00000000    
  0.189999998       1.52587891E-05
  0.199999988      -4.73022461E-04
  0.209999993       6.24084473E-03
  0.219999999      -4.50286865E-02
  0.229999989      0.187820435    
  0.239999995     -0.423995972    
  0.250000000      0.333938599    
  0.259999990      0.429153442    
  0.269999981     -0.565872192    
  0.280000001     -0.661087036    
  0.289999992       9.68475342E-02
  0.299999982      0.708663940    
  0.310000002      0.941513062    
  0.319999993      0.992782593    
  0.329999983      0.999496460    
  0.340000004      0.999984741    
  0.349999994       1.00000000    
  0.359999985       1.00000000    
  0.370000005       1.00000000    
  0.379999995       1.00000000    
  0.389999986       1.00000000    
  0.399999976       1.00000000    
  0.409999996       1.00000000    
  0.419999987       1.00000000    
  0.429999977       1.00000000    
  0.439999998       1.00000000    
  0.449999988       1.00000000    
  0.459999979       1.00000000    
  0.469999999       1.00000000    
  0.479999989       1.00000000    
  0.489999980       1.00000000    
  0.500000000       1.00000000    
  0.509999990       1.00000000    
  0.519999981       1.00000000    
  0.529999971       1.00000000    
  0.539999962       1.00000000    
  0.550000012       1.00000000    
  0.560000002       1.00000000    
  0.569999993       1.00000000    
  0.579999983       1.00000000    
  0.589999974       1.00000000    
  0.599999964       1.00000000    
  0.610000014       1.00000000    
  0.620000005       1.00000000    
  0.629999995       1.00000000    
  0.639999986       1.00000000    
  0.649999976       1.00000000    
  0.659999967       1.00000000    
  0.669999957       1.00000000    
  0.680000007       1.00000000    
  0.689999998      0.999984741    
  0.699999988       1.00047302    
  0.709999979      0.993759155    
  0.719999969       1.04502869    
  0.729999959      0.812179565    
  0.740000010       1.42399597    
  0.750000000      0.666061401    
  0.759999990      0.570846558    
  0.769999981       1.56587219    
  0.779999971       1.66108704    
  0.789999962      0.903152466    
  0.799999952      0.291336060    
  0.810000002       5.84869385E-02
  0.819999993       7.21740723E-03
  0.829999983       5.03540039E-04
  0.839999974       1.52587891E-05
  0.849999964       0.00000000    
  0.859999955       0.00000000    
  0.870000005       0.00000000    
  0.879999995       0.00000000    
  0.889999986       0.00000000    
  0.899999976       0.00000000    
  0.909999967       0.00000000    
  0.919999957       0.00000000    
  0.930000007       0.00000000    
  0.939999998       0.00000000    
  0.949999988       0.00000000    
  0.959999979       0.00000000    
  0.969999969       0.00000000    
  0.979999959       0.00000000    
  0.989999950       0.00000000    
   1.00000000       0.00000000    
