   9.99999978E-03  0.708728969    
   1.99999996E-02  0.641220808    
   2.99999993E-02  0.641220808    
   3.99999991E-02  0.568778455    
   4.99999970E-02  0.568778455    
   5.99999987E-02  0.493725270    
   7.00000003E-02  0.493725270    
   7.99999982E-02  0.418673277    
   8.99999961E-02  0.418673277    
   9.99999940E-02  0.346258134    
  0.109999999      0.346258134    
  0.119999997      0.278866291    
  0.129999995      0.278866291    
  0.140000001      0.218402460    
  0.149999991      0.218402460    
  0.159999996      0.166135356    
  0.170000002      0.166135356    
  0.179999992      0.122644246    
  0.189999998      0.122644246    
  0.199999988       8.78677964E-02
  0.209999993       8.78677964E-02
  0.219999999       6.12368435E-02
  0.229999989       6.12368435E-02
  0.239999995       4.18601781E-02
  0.250000000       4.18601781E-02
  0.259999990       2.87281815E-02
  0.269999981       2.87281815E-02
  0.280000001       2.09023710E-02
  0.289999992       2.09023710E-02
  0.299999982       1.76680442E-02
  0.310000002       1.76680442E-02
  0.319999993       1.86369829E-02
  0.329999983       1.86369829E-02
  0.340000004       2.37957630E-02
  0.349999994       2.37957630E-02
  0.359999985       3.35001983E-02
  0.370000005       3.35001983E-02
  0.379999995       4.84188534E-02
  0.389999986       4.84188534E-02
  0.399999976       6.94296360E-02
  0.409999996       6.94296360E-02
  0.419999987       9.74756852E-02
  0.429999977       9.74756852E-02
  0.439999998      0.133391336    
  0.449999988      0.133391336    
  0.459999979      0.177715808    
  0.469999999      0.177715808    
  0.479999989      0.230519250    
  0.489999980      0.230519250    
  0.500000000      0.291271091    
  0.509999990      0.291271091    
  0.519999981      0.358779281    
  0.529999971      0.358779281    
  0.539999962      0.431221664    
  0.550000012      0.431221664    
  0.560000002      0.506274879    
  0.569999993      0.506274879    
  0.579999983      0.581326842    
  0.589999974      0.581326842    
  0.599999964      0.653742015    
  0.610000014      0.653742015    
  0.620000005      0.721133947    
  0.629999995      0.721133947    
  0.639999986      0.781597733    
  0.649999976      0.781597733    
  0.659999967      0.833864748    
  0.669999957      0.833864748    
  0.680000007      0.877355874    
  0.689999998      0.877355874    
  0.699999988      0.912132263    
  0.709999979      0.912132263    
  0.719999969      0.938763261    
  0.729999959      0.938763261    
  0.740000010      0.958139837    
  0.750000000      0.958139837    
  0.759999990      0.971271873    
  0.769999981      0.971271873    
  0.779999971      0.979097545    
  0.789999962      0.979097545    
  0.799999952      0.982331872    
  0.810000002      0.982331872    
  0.819999993      0.981362939    
  0.829999983      0.981362939    
  0.839999974      0.976204157    
  0.849999964      0.976204157    
  0.859999955      0.966499686    
  0.870000005      0.966499686    
  0.879999995      0.951581061    
  0.889999986      0.951581061    
  0.899999976      0.930570304    
  0.909999967      0.930570304    
  0.919999957      0.902524173    
  0.930000007      0.902524173    
  0.939999998      0.866608500    
  0.949999988      0.866608500    
  0.959999979      0.822284102    
  0.969999969      0.822284102    
  0.979999959      0.769480705    
  0.989999950      0.769480705    
   1.00000000      0.708728969    
