   9.99999978E-03  0.926685393    
   1.99999996E-02  0.907031775    
   2.99999993E-02  0.907031775    
   3.99999991E-02  0.881259561    
   4.99999970E-02  0.881259561    
   5.99999987E-02  0.849230468    
   7.00000003E-02  0.849230468    
   7.99999982E-02  0.810935855    
   8.99999961E-02  0.810935855    
   9.99999940E-02  0.766569197    
  0.109999999      0.766569197    
  0.119999997      0.716581166    
  0.129999995      0.716581166    
  0.140000001      0.661709607    
  0.149999991      0.661709607    
  0.159999996      0.602976739    
  0.170000002      0.602976739    
  0.179999992      0.541653097    
  0.189999998      0.541653097    
  0.199999988      0.479189008    
  0.209999993      0.479189008    
  0.219999999      0.417123348    
  0.229999989      0.417123348    
  0.239999995      0.356979519    
  0.250000000      0.356979519    
  0.259999990      0.300162882    
  0.269999981      0.300162882    
  0.280000001      0.247872636    
  0.289999992      0.247872636    
  0.299999982      0.201040313    
  0.310000002      0.201040313    
  0.319999993      0.160300642    
  0.329999983      0.160300642    
  0.340000004      0.125998050    
  0.349999994      0.125998050    
  0.359999985       9.82252657E-02
  0.370000005       9.82252657E-02
  0.379999995       7.68862963E-02
  0.389999986       7.68862963E-02
  0.399999976       6.17734157E-02
  0.409999996       6.17734157E-02
  0.419999987       5.26459441E-02
  0.429999977       5.26459441E-02
  0.439999998       4.92994934E-02
  0.449999988       4.92994934E-02
  0.459999979       5.16160280E-02
  0.469999999       5.16160280E-02
  0.479999989       5.95881119E-02
  0.489999980       5.95881119E-02
  0.500000000       7.33145624E-02
  0.509999990       7.33145624E-02
  0.519999981       9.29682478E-02
  0.529999971       9.29682478E-02
  0.539999962      0.118740432    
  0.550000012      0.118740432    
  0.560000002      0.150769606    
  0.569999993      0.150769606    
  0.579999983      0.189064249    
  0.589999974      0.189064249    
  0.599999964      0.233430952    
  0.610000014      0.233430952    
  0.620000005      0.283418983    
  0.629999995      0.283418983    
  0.639999986      0.338290602    
  0.649999976      0.338290602    
  0.659999967      0.397023439    
  0.669999957      0.397023439    
  0.680000007      0.458347142    
  0.689999998      0.458347142    
  0.699999988      0.520811260    
  0.709999979      0.520811260    
  0.719999969      0.582876861    
  0.729999959      0.582876861    
  0.740000010      0.643020630    
  0.750000000      0.643020630    
  0.759999990      0.699837327    
  0.769999981      0.699837327    
  0.779999971      0.752127528    
  0.789999962      0.752127528    
  0.799999952      0.798959851    
  0.810000002      0.798959851    
  0.819999993      0.839699507    
  0.829999983      0.839699507    
  0.839999974      0.874002039    
  0.849999964      0.874002039    
  0.859999955      0.901774764    
  0.870000005      0.901774764    
  0.879999995      0.923113704    
  0.889999986      0.923113704    
  0.899999976      0.938226581    
  0.909999967      0.938226581    
  0.919999957      0.947354019    
  0.930000007      0.947354019    
  0.939999998      0.950700343    
  0.949999988      0.950700343    
  0.959999979      0.948383868    
  0.969999969      0.948383868    
  0.979999959      0.940411806    
  0.989999950      0.940411806    
   1.00000000      0.926685393    
