   9.99999978E-03   79222.3672    
   1.99999996E-02   284711.500    
   2.99999993E-02  -64464.0312    
   3.99999991E-02  -163188.281    
   4.99999970E-02   125412.047    
   5.99999987E-02  -40456.5703    
   7.00000003E-02  -202251.062    
   7.99999982E-02   253142.266    
   8.99999961E-02   214840.844    
   9.99999940E-02  -422458.938    
  0.109999999      -114089.953    
  0.119999997       531094.125    
  0.129999995      -89534.5000    
  0.140000001      -581680.000    
  0.149999991       340631.438    
  0.159999996       577191.062    
  0.170000002      -580549.000    
  0.179999992      -520154.594    
  0.189999998       778295.750    
  0.199999988       425525.312    
  0.209999993      -929438.625    
  0.219999999      -324069.250    
  0.229999989       1037729.38    
  0.239999995       248586.312    
  0.250000000      -1104318.88    
  0.259999990      -219424.594    
  0.269999981       1128601.88    
  0.280000001       243707.688    
  0.289999992      -1109197.38    
  0.299999982      -320054.875    
  0.310000002       1041743.38    
  0.319999993       436374.156    
  0.329999983      -918589.500    
  0.340000004      -565819.000    
  0.349999994       732631.125    
  0.359999985       672236.625    
  0.370000005      -485503.156    
  0.379999995      -722062.625    
  0.389999986       200248.734    
  0.399999976       692394.062    
  0.409999996       71765.4688    
  0.419999987      -573418.688    
  0.429999977      -265049.594    
  0.439999998       372250.188    
  0.449999988       333948.750    
  0.459999979      -121444.578    
  0.469999999      -283239.156    
  0.479999989      -117370.523    
  0.489999980       171229.938    
  0.500000000       269954.188    
  0.509999990      -79221.3984    
  0.519999981      -284710.438    
  0.529999971       64465.0469    
  0.539999962       163189.234    
  0.550000012      -125411.102    
  0.560000002       40457.6250    
  0.569999993       202252.109    
  0.579999983      -253141.344    
  0.589999974      -214839.859    
  0.599999964       422460.062    
  0.610000014       114090.922    
  0.620000005      -531093.375    
  0.629999995       89535.5938    
  0.639999986       581681.188    
  0.649999976      -340630.531    
  0.659999967      -577190.125    
  0.669999957       580550.125    
  0.680000007       520155.531    
  0.689999998      -778294.938    
  0.699999988      -425524.188    
  0.709999979       929439.750    
  0.719999969       324070.062    
  0.729999959      -1037728.38    
  0.740000010      -248585.281    
  0.750000000       1104320.12    
  0.759999990       219425.531    
  0.769999981      -1128601.00    
  0.779999971      -243706.625    
  0.789999962       1109198.75    
  0.799999952       320055.938    
  0.810000002      -1041742.50    
  0.819999993      -436373.312    
  0.829999983       918590.312    
  0.839999974       565820.000    
  0.849999964      -732630.000    
  0.859999955      -672235.688    
  0.870000005       485504.188    
  0.879999995       722063.688    
  0.889999986      -200247.672    
  0.899999976      -692393.125    
  0.909999967      -71764.4375    
  0.919999957       573419.688    
  0.930000007       265050.594    
  0.939999998      -372249.281    
  0.949999988      -333947.781    
  0.959999979       121445.609    
  0.969999969       283240.188    
  0.979999959       117371.508    
  0.989999950      -171228.938    
   1.00000000      -269953.188    
