   9.99999978E-03   7.45395571E-02
   1.99999996E-02   4.13344763E-02
   2.99999993E-02   4.13344763E-02
   3.99999991E-02   2.10878141E-02
   4.99999970E-02   2.10878141E-02
   5.99999987E-02   9.84095223E-03
   7.00000003E-02   9.84095223E-03
   7.99999982E-02   4.17846162E-03
   8.99999961E-02   4.17846162E-03
   9.99999940E-02   1.61937228E-03
  0.109999999       1.61937228E-03
  0.119999997       6.21307991E-04
  0.129999995       6.21307991E-04
  0.140000001       3.84147133E-04
  0.149999991       3.84147133E-04
  0.159999996       6.31434727E-04
  0.170000002       6.31434727E-04
  0.179999992       1.47928880E-03
  0.189999998       1.47928880E-03
  0.199999988       3.43029993E-03
  0.209999993       3.43029993E-03
  0.219999999       7.47737428E-03
  0.229999989       7.47737428E-03
  0.239999995       1.52630331E-02
  0.250000000       1.52630331E-02
  0.259999990       2.92007606E-02
  0.269999981       2.92007606E-02
  0.280000001       5.24303652E-02
  0.289999992       5.24303652E-02
  0.299999982       8.84763002E-02
  0.310000002       8.84763002E-02
  0.319999993      0.140542656    
  0.329999983      0.140542656    
  0.340000004      0.210524321    
  0.349999994      0.210524321    
  0.359999985      0.298001438    
  0.370000005      0.298001438    
  0.379999995      0.399616212    
  0.389999986      0.399616212    
  0.399999976      0.509200811    
  0.409999996      0.509200811    
  0.419999987      0.618785441    
  0.429999977      0.618785441    
  0.439999998      0.720252573    
  0.449999988      0.720252573    
  0.459999979      0.807093918    
  0.469999999      0.807093918    
  0.479999989      0.875652850    
  0.489999980      0.875652850    
  0.500000000      0.925460517    
  0.509999990      0.925460517    
  0.519999981      0.958665609    
  0.529999971      0.958665609    
  0.539999962      0.978912175    
  0.550000012      0.978912175    
  0.560000002      0.990159094    
  0.569999993      0.990159094    
  0.579999983      0.995821595    
  0.589999974      0.995821595    
  0.599999964      0.998380601    
  0.610000014      0.998380601    
  0.620000005      0.999378622    
  0.629999995      0.999378622    
  0.639999986      0.999615848    
  0.649999976      0.999615848    
  0.659999967      0.999368548    
  0.669999957      0.999368548    
  0.680000007      0.998520732    
  0.689999998      0.998520732    
  0.699999988      0.996569753    
  0.709999979      0.996569753    
  0.719999969      0.992522776    
  0.729999959      0.992522776    
  0.740000010      0.984737098    
  0.750000000      0.984737098    
  0.759999990      0.970799208    
  0.769999981      0.970799208    
  0.779999971      0.947569609    
  0.789999962      0.947569609    
  0.799999952      0.911523700    
  0.810000002      0.911523700    
  0.819999993      0.859457314    
  0.829999983      0.859457314    
  0.839999974      0.789475679    
  0.849999964      0.789475679    
  0.859999955      0.701998711    
  0.870000005      0.701998711    
  0.879999995      0.600383878    
  0.889999986      0.600383878    
  0.899999976      0.490799248    
  0.909999967      0.490799248    
  0.919999957      0.381214678    
  0.930000007      0.381214678    
  0.939999998      0.279747486    
  0.949999988      0.279747486    
  0.959999979      0.192906201    
  0.969999969      0.192906201    
  0.979999959      0.124347292    
  0.989999950      0.124347292    
   1.00000000       7.45395571E-02
