   9.99999978E-03   895087.000    
   1.99999996E-02   9425780.00    
   2.99999993E-02  -770187.750    
   3.99999991E-02  -6824079.50    
   4.99999970E-02   2817478.00    
   5.99999987E-02   2339915.00    
   7.00000003E-02  -5976324.50    
   7.99999982E-02   2824616.50    
   8.99999961E-02   8654323.00    
   9.99999940E-02  -7688757.00    
  0.109999999      -9468410.00    
  0.119999997       11827543.0    
  0.129999995       7870654.50    
  0.140000001      -15272915.0    
  0.149999991      -4305616.00    
  0.159999996       18153594.0    
  0.170000002      -172173.500    
  0.179999992      -20437666.0    
  0.189999998       4520429.50    
  0.199999988       21987172.0    
  0.209999993      -8116488.50    
  0.219999999      -22799130.0    
  0.229999989       10733321.0    
  0.239999995       23132984.0    
  0.250000000      -12277816.0    
  0.259999990      -23367734.0    
  0.269999981       12631124.0    
  0.280000001       23721044.0    
  0.289999992      -11689752.0    
  0.299999982      -24089416.0    
  0.310000002       9443033.00    
  0.319999993       24125680.0    
  0.329999983      -5977978.00    
  0.340000004      -23444720.0    
  0.349999994       1513371.00    
  0.359999985       21778860.0    
  0.370000005       3453101.00    
  0.379999995      -19006104.0    
  0.389999986      -8038808.00    
  0.399999976       15104758.0    
  0.409999996       11147865.0    
  0.419999987      -10148087.0    
  0.429999977      -11927740.0    
  0.439999998       4415338.00    
  0.449999988       10245047.0    
  0.459999979       1444108.25    
  0.469999999      -6872133.00    
  0.479999989      -6394569.00    
  0.489999980       3246991.00    
  0.500000000       9300883.00    
  0.509999990      -895087.000    
  0.519999981      -9425780.00    
  0.529999971       770189.500    
  0.539999962       6824080.50    
  0.550000012      -2817479.00    
  0.560000002      -2339913.50    
  0.569999993       5976327.00    
  0.579999983      -2824617.00    
  0.589999974      -8654326.00    
  0.599999964       7688763.00    
  0.610000014       9468413.00    
  0.620000005      -11827547.0    
  0.629999995      -7870652.00    
  0.639999986       15272920.0    
  0.649999976       4305617.50    
  0.659999967      -18153596.0    
  0.669999957       172174.500    
  0.680000007       20437670.0    
  0.689999998      -4520435.00    
  0.699999988      -21987172.0    
  0.709999979       8116497.50    
  0.719999969       22799134.0    
  0.729999959      -10733330.0    
  0.740000010      -23132984.0    
  0.750000000       12277823.0    
  0.759999990       23367736.0    
  0.769999981      -12631131.0    
  0.779999971      -23721042.0    
  0.789999962       11689758.0    
  0.799999952       24089416.0    
  0.810000002      -9443038.00    
  0.819999993      -24125678.0    
  0.829999983       5977980.50    
  0.839999974       23444720.0    
  0.849999964      -1513369.00    
  0.859999955      -21778858.0    
  0.870000005      -3453098.50    
  0.879999995       19006102.0    
  0.889999986       8038810.00    
  0.899999976      -15104752.0    
  0.909999967      -11147863.0    
  0.919999957       10148089.0    
  0.930000007       11927741.0    
  0.939999998      -4415339.00    
  0.949999988      -10245047.0    
  0.959999979      -1444105.75    
  0.969999969       6872134.50    
  0.979999959       6394570.00    
  0.989999950      -3246990.50    
   1.00000000      -9300882.00    
