   9.99999978E-03  -1780353.62    
   1.99999996E-02  -3287674.00    
   2.99999993E-02   1518571.38    
   3.99999991E-02   2097152.00    
   4.99999970E-02  -1718100.00    
   5.99999987E-02   84262.3750    
   7.00000003E-02   2103770.25    
   7.99999982E-02  -2518794.50    
   8.99999961E-02  -2196417.50    
   9.99999940E-02   4559555.50    
  0.109999999       1566657.50    
  0.119999997      -5904341.00    
  0.129999995      -80833.2500    
  0.140000001       6593019.00    
  0.149999991      -2022110.00    
  0.159999996      -6813251.50    
  0.170000002       4282607.00    
  0.179999992       6717141.00    
  0.189999998      -6286003.00    
  0.199999988      -6391319.00    
  0.209999993       7834467.50    
  0.219999999       5941171.50    
  0.229999989      -8916694.00    
  0.239999995      -5544466.00    
  0.250000000       9566138.00    
  0.259999990       5396707.00    
  0.269999981      -9774469.00    
  0.280000001      -5605037.50    
  0.289999992       9505567.00    
  0.299999982       6133341.00    
  0.310000002      -8724523.00    
  0.319999993      -6831229.00    
  0.329999983       7394557.00    
  0.340000004       7499874.50    
  0.349999994      -5503267.00    
  0.359999985      -7937799.50    
  0.370000005       3158056.00    
  0.379999995       7949196.50    
  0.389999986      -665931.750    
  0.399999976      -7339783.00    
  0.409999996      -1516275.25    
  0.419999987       5954723.50    
  0.429999977       2961826.00    
  0.439999998      -3794145.25    
  0.449999988      -3471768.75    
  0.459999979       1150795.75    
  0.469999999       3170304.75    
  0.479999989       1367942.12    
  0.489999980      -2447310.75    
  0.500000000      -3025890.50    
  0.509999990       1780355.00    
  0.519999981       3287674.50    
  0.529999971      -1518571.12    
  0.539999962      -2097150.75    
  0.550000012       1718101.50    
  0.560000002      -84261.8125    
  0.569999993      -2103769.75    
  0.579999983       2518796.25    
  0.589999974       2196419.25    
  0.599999964      -4559555.50    
  0.610000014      -1566656.50    
  0.620000005       5904345.00    
  0.629999995       80834.0000    
  0.639999986      -6593020.00    
  0.649999976       2022111.50    
  0.659999967       6813253.50    
  0.669999957      -4282607.00    
  0.680000007      -6717139.00    
  0.689999998       6286005.00    
  0.699999988       6391319.00    
  0.709999979      -7834470.50    
  0.719999969      -5941170.00    
  0.729999959       8916698.00    
  0.740000010       5544466.00    
  0.750000000      -9566141.00    
  0.759999990      -5396704.00    
  0.769999981       9774472.00    
  0.779999971       5605036.00    
  0.789999962      -9505569.00    
  0.799999952      -6133338.50    
  0.810000002       8724526.00    
  0.819999993       6831229.00    
  0.829999983      -7394555.50    
  0.839999974      -7499873.00    
  0.849999964       5503267.00    
  0.859999955       7937800.50    
  0.870000005      -3158054.00    
  0.879999995      -7949194.00    
  0.889999986       665932.000    
  0.899999976       7339782.50    
  0.909999967       1516276.12    
  0.919999957      -5954722.50    
  0.930000007      -2961825.50    
  0.939999998       3794146.75    
  0.949999988       3471770.00    
  0.959999979      -1150795.25    
  0.969999969      -3170304.00    
  0.979999959      -1367940.88    
  0.989999950       2447311.75    
   1.00000000       3025891.50    
