   9.99999978E-03  0.828033745    
   1.99999996E-02  0.828033745    
   2.99999993E-02  0.781382918    
   3.99999991E-02  0.781382918    
   4.99999970E-02  0.727955222    
   5.99999987E-02  0.727955222    
   7.00000003E-02  0.668548286    
   7.99999982E-02  0.668548286    
   8.99999961E-02  0.604395986    
   9.99999940E-02  0.604395986    
  0.109999999      0.537112713    
  0.119999997      0.537112713    
  0.129999995      0.468583703    
  0.140000001      0.468583703    
  0.149999991      0.400815070    
  0.159999996      0.400815070    
  0.170000002      0.335764319    
  0.179999992      0.335764319    
  0.189999998      0.275176644    
  0.199999988      0.275176644    
  0.209999993      0.220451489    
  0.219999999      0.220451489    
  0.229999989      0.172557279    
  0.239999995      0.172557279    
  0.250000000      0.132006213    
  0.259999990      0.132006213    
  0.269999981       9.88879502E-02
  0.280000001       9.88879502E-02
  0.289999992       7.29535893E-02
  0.299999982       7.29535893E-02
  0.310000002       5.37328795E-02
  0.319999993       5.37328795E-02
  0.329999983       4.06655967E-02
  0.340000004       4.06655967E-02
  0.349999994       3.32269631E-02
  0.359999985       3.32269631E-02
  0.370000005       3.10309157E-02
  0.379999995       3.10309157E-02
  0.389999986       3.38989198E-02
  0.399999976       3.38989198E-02
  0.409999996       4.18875925E-02
  0.419999987       4.18875925E-02
  0.429999977       5.52731752E-02
  0.439999998       5.52731752E-02
  0.449999988       7.44951665E-02
  0.459999979       7.44951665E-02
  0.469999999      0.100065745    
  0.479999989      0.100065745    
  0.489999980      0.132455066    
  0.500000000      0.132455066    
  0.509999990      0.171966344    
  0.519999981      0.171966344    
  0.529999971      0.218617156    
  0.539999962      0.218617156    
  0.550000012      0.272044778    
  0.560000002      0.272044778    
  0.569999993      0.331451714    
  0.579999983      0.331451714    
  0.589999974      0.395604074    
  0.599999964      0.395604074    
  0.610000014      0.462887406    
  0.620000005      0.462887406    
  0.629999995      0.531416416    
  0.639999986      0.531416416    
  0.649999976      0.599185050    
  0.659999967      0.599185050    
  0.669999957      0.664235890    
  0.680000007      0.664235890    
  0.689999998      0.724823534    
  0.699999988      0.724823534    
  0.709999979      0.779548705    
  0.719999969      0.779548705    
  0.729999959      0.827442884    
  0.740000010      0.827442884    
  0.750000000      0.867994010    
  0.759999990      0.867994010    
  0.769999981      0.901112199    
  0.779999971      0.901112199    
  0.789999962      0.927046418    
  0.799999952      0.927046418    
  0.810000002      0.946267128    
  0.819999993      0.946267128    
  0.829999983      0.959334314    
  0.839999974      0.959334314    
  0.849999964      0.966772914    
  0.859999955      0.966772914    
  0.870000005      0.968969047    
  0.879999995      0.968969047    
  0.889999986      0.966100991    
  0.899999976      0.966100991    
  0.909999967      0.958112359    
  0.919999957      0.958112359    
  0.930000007      0.944726825    
  0.939999998      0.944726825    
  0.949999988      0.925504744    
  0.959999979      0.925504744    
  0.969999969      0.899934292    
  0.979999959      0.899934292    
  0.989999950      0.867545009    
   1.00000000      0.867545009    
