   9.99999978E-03   1.38672113    
   1.99999996E-02   7.79000187    
   2.99999993E-02   1.23713732    
   3.99999991E-02   7.07590103    
   4.99999970E-02   4.86002350    
   5.99999987E-02  -8.71764374    
   7.00000003E-02   12.6920338    
   7.99999982E-02 -0.184407234    
   8.99999961E-02  -20.3122063    
   9.99999940E-02   27.7672215    
  0.109999999     -0.346754074    
  0.119999997      -43.8249931    
  0.129999995       45.8857727    
  0.140000001       22.5696621    
  0.149999991      -86.4565964    
  0.159999996       35.0421753    
  0.170000002       94.9453430    
  0.179999992      -105.669930    
  0.189999998      -66.4780579    
  0.199999988       165.180099    
  0.209999993       16.0645828    
  0.219999999      -203.303207    
  0.229999989       34.8806534    
  0.239999995       223.561890    
  0.250000000      -68.9348984    
  0.259999990      -234.641510    
  0.269999981       75.6813126    
  0.280000001       241.387909    
  0.289999992      -51.1089554    
  0.299999982      -239.790131    
  0.310000002      -1.60620880    
  0.319999993       217.761536    
  0.329999983       68.6459961    
  0.340000004      -163.012146    
  0.349999994      -123.820282    
  0.359999985       76.7949524    
  0.370000005       136.698105    
  0.379999995       15.1993599    
  0.389999986      -93.8269119    
  0.399999976      -70.5108032    
  0.409999996       19.1999741    
  0.419999987       62.6782188    
  0.429999977       34.5642395    
  0.439999998      -13.5152035    
  0.449999988      -33.6430092    
  0.459999979      -20.7665615    
  0.469999999      0.643129826    
  0.479999989       14.2207899    
  0.489999980       12.0049019    
  0.500000000       6.16613770    
  0.509999990     -0.386723757    
  0.519999981      -6.79000092    
  0.529999971     -0.237135291    
  0.539999962      -6.07590008    
  0.550000012      -3.86002398    
  0.560000002       9.71763706    
  0.569999993      -11.6920280    
  0.579999983       1.18441534    
  0.589999974       21.3121872    
  0.599999964      -26.7672195    
  0.610000014       1.34678364    
  0.620000005       44.8249664    
  0.629999995      -44.8857841    
  0.639999986      -21.5696259    
  0.649999976       87.4565887    
  0.659999967      -34.0421867    
  0.669999957      -93.9453430    
  0.680000007       106.669945    
  0.689999998       67.4780655    
  0.699999988      -164.180145    
  0.709999979      -15.0645905    
  0.719999969       204.303268    
  0.729999959      -33.8806763    
  0.740000010      -222.561935    
  0.750000000       69.9349365    
  0.759999990       235.641495    
  0.769999981      -74.6813507    
  0.779999971      -240.387894    
  0.789999962       52.1089478    
  0.799999952       240.790100    
  0.810000002       2.60621643    
  0.819999993      -216.761566    
  0.829999983      -67.6459961    
  0.839999974       164.012192    
  0.849999964       124.820282    
  0.859999955      -75.7949524    
  0.870000005      -135.698120    
  0.879999995      -14.1993675    
  0.889999986       94.8268967    
  0.899999976       71.5107956    
  0.909999967      -18.1999607    
  0.919999957      -61.6782074    
  0.930000007      -33.5642395    
  0.939999998       14.5151901    
  0.949999988       34.6429901    
  0.959999979       21.7665539    
  0.969999969      0.356882095    
  0.979999959      -13.2207823    
  0.989999950      -11.0049067    
   1.00000000      -5.16614437    
