   9.99999978E-03  0.635136008    
   1.99999996E-02  0.635136008    
   2.99999993E-02  0.560764194    
   3.99999991E-02  0.560764194    
   4.99999970E-02  0.483948201    
   5.99999987E-02  0.483948201    
   7.00000003E-02  0.407488853    
   7.99999982E-02  0.407488853    
   8.99999961E-02  0.334174275    
   9.99999940E-02  0.334174275    
  0.109999999      0.266479999    
  0.119999997      0.266479999    
  0.129999995      0.206320494    
  0.140000001      0.206320494    
  0.149999991      0.154896051    
  0.159999996      0.154896051    
  0.170000002      0.112655029    
  0.179999992      0.112655029    
  0.189999998       7.93691874E-02
  0.199999988       7.93691874E-02
  0.209999993       5.42963073E-02
  0.219999999       5.42963073E-02
  0.229999989       3.63927744E-02
  0.239999995       3.63927744E-02
  0.250000000       2.45357007E-02
  0.259999990       2.45357007E-02
  0.269999981       1.77211836E-02
  0.280000001       1.77211836E-02
  0.289999992       1.52168479E-02
  0.299999982       1.52168479E-02
  0.310000002       1.66587625E-02
  0.319999993       1.66587625E-02
  0.329999983       2.20914800E-02
  0.340000004       2.20914800E-02
  0.349999994       3.19539681E-02
  0.359999985       3.19539681E-02
  0.370000005       4.70149145E-02
  0.379999995       4.70149145E-02
  0.389999986       6.82605505E-02
  0.399999976       6.82605505E-02
  0.409999996       9.67396423E-02
  0.419999987       9.67396423E-02
  0.429999977      0.133375615    
  0.439999998      0.133375615    
  0.449999988      0.178764075    
  0.459999979      0.178764075    
  0.469999999      0.232983276    
  0.479999989      0.232983276    
  0.489999980      0.295451403    
  0.500000000      0.295451403    
  0.509999990      0.364864081    
  0.519999981      0.364864081    
  0.529999971      0.439235955    
  0.539999962      0.439235955    
  0.550000012      0.516051948    
  0.560000002      0.516051948    
  0.569999993      0.592511296    
  0.579999983      0.592511296    
  0.589999974      0.665825903    
  0.599999964      0.665825903    
  0.610000014      0.733520269    
  0.620000005      0.733520269    
  0.629999995      0.793679714    
  0.639999986      0.793679714    
  0.649999976      0.845104098    
  0.659999967      0.845104098    
  0.669999957      0.887345076    
  0.680000007      0.887345076    
  0.689999998      0.920630932    
  0.699999988      0.920630932    
  0.709999979      0.945703745    
  0.719999969      0.945703745    
  0.729999959      0.963607252    
  0.740000010      0.963607252    
  0.750000000      0.975464284    
  0.759999990      0.975464284    
  0.769999981      0.982278764    
  0.779999971      0.982278764    
  0.789999962      0.984783053    
  0.799999952      0.984783053    
  0.810000002      0.983341217    
  0.819999993      0.983341217    
  0.829999983      0.977908492    
  0.839999974      0.977908492    
  0.849999964      0.968046010    
  0.859999955      0.968046010    
  0.870000005      0.952984989    
  0.879999995      0.952984989    
  0.889999986      0.931739330    
  0.899999976      0.931739330    
  0.909999967      0.903260231    
  0.919999957      0.903260231    
  0.930000007      0.866624236    
  0.939999998      0.866624236    
  0.949999988      0.821235836    
  0.959999979      0.821235836    
  0.969999969      0.767016709    
  0.979999959      0.767016709    
  0.989999950      0.704548657    
   1.00000000      0.704548657    
