   9.99999978E-03   80.2825165    
   1.99999996E-02   30.8029366    
   2.99999993E-02  -28.3393135    
   3.99999991E-02   32.8009644    
   4.99999970E-02  -44.1772232    
   5.99999987E-02  -65.1782532    
   7.00000003E-02   110.742714    
   7.99999982E-02  -35.5597115    
   8.99999961E-02  -122.180344    
   9.99999940E-02   201.936661    
  0.109999999       10.6070557    
  0.119999997      -291.842102    
  0.129999995       230.793121    
  0.140000001       240.674637    
  0.149999991      -477.339111    
  0.159999996      -25.8232269    
  0.170000002       637.392822    
  0.179999992      -282.224915    
  0.189999998      -670.612549    
  0.199999988       596.953003    
  0.209999993       604.895020    
  0.219999999      -855.190857    
  0.229999989      -503.599274    
  0.239999995       1030.33057    
  0.250000000       431.549591    
  0.259999990      -1118.39795    
  0.269999981      -432.588989    
  0.280000001       1117.35852    
  0.289999992       518.577148    
  0.299999982      -1015.35272    
  0.310000002      -663.760864    
  0.319999993       796.325073    
  0.329999983       804.267029    
  0.340000004      -463.298431    
  0.349999994      -851.685913    
  0.359999985       67.9317322    
  0.370000005       731.147827    
  0.379999995       279.632080    
  0.389999986      -438.381775    
  0.399999976      -448.263367    
  0.409999996       74.3718719    
  0.419999987       376.821075    
  0.429999977       185.491455    
  0.439999998      -138.625595    
  0.449999988      -225.246277    
  0.459999979      -78.9438171    
  0.469999999       96.9772186    
  0.479999989       117.978256    
  0.489999980       41.0000000    
  0.500000000      -20.1403160    
  0.509999990      -79.2825470    
  0.519999981      -29.8029194    
  0.529999971       29.3393173    
  0.539999962      -31.8009453    
  0.550000012       45.1772308    
  0.560000002       66.1781845    
  0.569999993      -109.742661    
  0.579999983       36.5597954    
  0.589999974       123.180206    
  0.599999964      -200.936661    
  0.610000014      -9.60694122    
  0.620000005       292.842102    
  0.629999995      -229.793228    
  0.639999986      -239.674606    
  0.649999976       478.339172    
  0.659999967       26.8232117    
  0.669999957      -636.392944    
  0.680000007       283.224945    
  0.689999998       671.612549    
  0.699999988      -595.953125    
  0.709999979      -603.895020    
  0.719999969       856.191162    
  0.729999959       504.599304    
  0.740000010      -1029.33081    
  0.750000000      -430.549591    
  0.759999990       1119.39783    
  0.769999981       433.588959    
  0.779999971      -1116.35828    
  0.789999962      -517.577148    
  0.799999952       1016.35272    
  0.810000002       664.760864    
  0.819999993      -795.325073    
  0.829999983      -803.266968    
  0.839999974       464.298523    
  0.849999964       852.685913    
  0.859999955      -66.9317932    
  0.870000005      -730.147949    
  0.879999995      -278.632019    
  0.889999986       439.381836    
  0.899999976       449.263397    
  0.909999967      -73.3717957    
  0.919999957      -375.821014    
  0.930000007      -184.491470    
  0.939999998       139.625549    
  0.949999988       226.246216    
  0.959999979       79.9438171    
  0.969999969      -95.9771729    
  0.979999959      -116.978210    
  0.989999950      -40.0000191    
   1.00000000       21.1402702    
