   9.99999978E-03  0.662536085    
   1.99999996E-02  0.589469194    
   2.99999993E-02  0.589469194    
   3.99999991E-02  0.512922525    
   4.99999970E-02  0.512922525    
   5.99999987E-02  0.435657680    
   7.00000003E-02  0.435657680    
   7.99999982E-02  0.360540807    
   8.99999961E-02  0.360540807    
   9.99999940E-02  0.290230095    
  0.109999999      0.290230095    
  0.119999997      0.226896450    
  0.129999995      0.226896450    
  0.140000001      0.172027245    
  0.149999991      0.172027245    
  0.159999996      0.126344055    
  0.170000002      0.126344055    
  0.179999992       8.98399949E-02
  0.189999998       8.98399949E-02
  0.199999988       6.19178414E-02
  0.209999993       6.19178414E-02
  0.219999999       4.15937416E-02
  0.229999989       4.15937416E-02
  0.239999995       2.77244933E-02
  0.250000000       2.77244933E-02
  0.259999990       1.92210451E-02
  0.269999981       1.92210451E-02
  0.280000001       1.52214123E-02
  0.289999992       1.52214123E-02
  0.299999982       1.52092390E-02
  0.310000002       1.52092390E-02
  0.319999993       1.90746393E-02
  0.329999983       1.90746393E-02
  0.340000004       2.71195509E-02
  0.349999994       2.71195509E-02
  0.359999985       4.00113240E-02
  0.370000005       4.00113240E-02
  0.379999995       5.86875603E-02
  0.389999986       5.86875603E-02
  0.399999976       8.42155293E-02
  0.409999996       8.42155293E-02
  0.419999987      0.117613167    
  0.429999977      0.117613167    
  0.439999998      0.159646377    
  0.449999988      0.159646377    
  0.459999979      0.210626930    
  0.469999999      0.210626930    
  0.479999989      0.270243853    
  0.489999980      0.270243853    
  0.500000000      0.337463945    
  0.509999990      0.337463945    
  0.519999981      0.410530955    
  0.529999971      0.410530955    
  0.539999962      0.487077624    
  0.550000012      0.487077624    
  0.560000002      0.564342499    
  0.569999993      0.564342499    
  0.579999983      0.639459372    
  0.589999974      0.639459372    
  0.599999964      0.709770083    
  0.610000014      0.709770083    
  0.620000005      0.773103774    
  0.629999995      0.773103774    
  0.639999986      0.827972949    
  0.649999976      0.827972949    
  0.659999967      0.873656094    
  0.669999957      0.873656094    
  0.680000007      0.910160124    
  0.689999998      0.910160124    
  0.699999988      0.938082278    
  0.709999979      0.938082278    
  0.719999969      0.958406270    
  0.729999959      0.958406270    
  0.740000010      0.972275555    
  0.750000000      0.972275555    
  0.759999990      0.980778933    
  0.769999981      0.980778933    
  0.779999971      0.984778523    
  0.789999962      0.984778523    
  0.799999952      0.984790742    
  0.810000002      0.984790742    
  0.819999993      0.980925381    
  0.829999983      0.980925381    
  0.839999974      0.972880423    
  0.849999964      0.972880423    
  0.859999955      0.959988654    
  0.870000005      0.959988654    
  0.879999995      0.941312313    
  0.889999986      0.941312313    
  0.899999976      0.915784359    
  0.909999967      0.915784359    
  0.919999957      0.882386684    
  0.930000007      0.882386684    
  0.939999998      0.840353489    
  0.949999988      0.840353489    
  0.959999979      0.789373040    
  0.969999969      0.789373040    
  0.979999959      0.729756117    
  0.989999950      0.729756117    
   1.00000000      0.662536085    
