   9.99999978E-03   66552.2188    
   1.99999996E-02  -761723.688    
   2.99999993E-02  -54136.2500    
   3.99999991E-02   512242.500    
   4.99999970E-02  -221763.781    
   5.99999987E-02  -114104.172    
   7.00000003E-02   591592.938    
   7.99999982E-02  -331662.969    
   8.99999961E-02  -836035.750    
   9.99999940E-02   761606.375    
  0.109999999       807731.562    
  0.119999997      -1155487.75    
  0.129999995      -498642.625    
  0.140000001       1501670.88    
  0.149999991       13377.2500    
  0.159999996      -1768957.00    
  0.170000002       517463.250    
  0.179999992       1921003.50    
  0.189999998      -1006698.00    
  0.199999988      -1955563.88    
  0.209999993       1417507.75    
  0.219999999       1918875.50    
  0.229999989      -1730935.25    
  0.239999995      -1876196.50    
  0.250000000       1924086.25    
  0.259999990       1873145.25    
  0.269999981      -1975371.62    
  0.280000001      -1924430.62    
  0.289999992       1875852.00    
  0.299999982       2021114.50    
  0.310000002      -1628695.75    
  0.319999993      -2130064.00    
  0.329999983       1243006.62    
  0.340000004       2191872.00    
  0.349999994      -735829.125    
  0.359999985      -2139369.50    
  0.370000005       147050.875    
  0.379999995       1929384.62    
  0.389999986       441091.250    
  0.399999976      -1559222.00    
  0.409999996      -902376.875    
  0.419999987       1060842.38    
  0.429999977       1106967.50    
  0.439999998      -490674.500    
  0.449999988      -995047.188    
  0.459999979      -71791.3438    
  0.469999999       633905.875    
  0.479999989       526246.438    
  0.489999980      -207760.125    
  0.500000000      -774138.812    
  0.509999990      -66551.1250    
  0.519999981       761724.688    
  0.529999971       54137.1094    
  0.539999962      -512241.438    
  0.550000012       221764.891    
  0.560000002       114105.109    
  0.569999993      -591592.125    
  0.579999983       331664.062    
  0.589999974       836036.812    
  0.599999964      -761605.562    
  0.610000014      -807730.625    
  0.620000005       1155489.25    
  0.629999995       498643.656    
  0.639999986      -1501670.50    
  0.649999976      -13376.2500    
  0.659999967       1768958.38    
  0.669999957      -517462.438    
  0.680000007      -1921002.75    
  0.689999998       1006699.75    
  0.699999988       1955564.75    
  0.709999979      -1417507.12    
  0.719999969      -1918874.75    
  0.729999959       1730936.50    
  0.740000010       1876197.62    
  0.750000000      -1924085.88    
  0.759999990      -1873144.25    
  0.769999981       1975373.50    
  0.779999971       1924431.75    
  0.789999962      -1875851.62    
  0.799999952      -2021113.25    
  0.810000002       1628697.12    
  0.819999993       2130065.00    
  0.829999983      -1243005.38    
  0.839999974      -2191871.00    
  0.849999964       735829.750    
  0.859999955       2139370.00    
  0.870000005      -147049.688    
  0.879999995      -1929383.50    
  0.889999986      -441090.312    
  0.899999976       1559223.00    
  0.909999967       902377.938    
  0.919999957      -1060841.25    
  0.930000007      -1106966.50    
  0.939999998       490675.625    
  0.949999988       995048.375    
  0.959999979       71792.3125    
  0.969999969      -633905.062    
  0.979999959      -526245.438    
  0.989999950       207761.047    
   1.00000000       774139.875    
