   9.99999978E-03  0.937632799    
   1.99999996E-02  0.929513276    
   2.99999993E-02  0.929513276    
   3.99999991E-02  0.915539920    
   4.99999970E-02  0.915539920    
   5.99999987E-02  0.895635188    
   7.00000003E-02  0.895635188    
   7.99999982E-02  0.869728565    
   8.99999961E-02  0.869728565    
   9.99999940E-02  0.837809741    
  0.109999999      0.837809741    
  0.119999997      0.799987674    
  0.129999995      0.799987674    
  0.140000001      0.756543517    
  0.149999991      0.756543517    
  0.159999996      0.707971096    
  0.170000002      0.707971096    
  0.179999992      0.654996634    
  0.189999998      0.654996634    
  0.199999988      0.598574221    
  0.209999993      0.598574221    
  0.219999999      0.539854288    
  0.229999989      0.539854288    
  0.239999995      0.480129689    
  0.250000000      0.480129689    
  0.259999990      0.420763284    
  0.269999981      0.420763284    
  0.280000001      0.363106161    
  0.289999992      0.363106161    
  0.299999982      0.308417380    
  0.310000002      0.308417380    
  0.319999993      0.257794142    
  0.329999983      0.257794142    
  0.340000004      0.212121218    
  0.349999994      0.212121218    
  0.359999985      0.172045276    
  0.370000005      0.172045276    
  0.379999995      0.137975931    
  0.389999986      0.137975931    
  0.399999976      0.110111468    
  0.409999996      0.110111468    
  0.419999987       8.84840712E-02
  0.429999977       8.84840712E-02
  0.439999998       7.30168000E-02
  0.449999988       7.30168000E-02
  0.459999979       6.35830909E-02
  0.469999999       6.35830909E-02
  0.479999989       6.00599758E-02
  0.489999980       6.00599758E-02
  0.500000000       6.23671561E-02
  0.509999990       6.23671561E-02
  0.519999981       7.04865977E-02
  0.529999971       7.04865977E-02
  0.539999962       8.44600126E-02
  0.550000012       8.44600126E-02
  0.560000002      0.104364716    
  0.569999993      0.104364716    
  0.579999983      0.130271465    
  0.589999974      0.130271465    
  0.599999964      0.162190303    
  0.610000014      0.162190303    
  0.620000005      0.200012416    
  0.629999995      0.200012416    
  0.639999986      0.243456572    
  0.649999976      0.243456572    
  0.659999967      0.292029023    
  0.669999957      0.292029023    
  0.680000007      0.345003515    
  0.689999998      0.345003515    
  0.699999988      0.401426017    
  0.709999979      0.401426017    
  0.719999969      0.460145980    
  0.729999959      0.460145980    
  0.740000010      0.519870520    
  0.750000000      0.519870520    
  0.759999990      0.579236925    
  0.769999981      0.579236925    
  0.779999971      0.636894047    
  0.789999962      0.636894047    
  0.799999952      0.691582799    
  0.810000002      0.691582799    
  0.819999993      0.742206097    
  0.829999983      0.742206097    
  0.839999974      0.787879050    
  0.849999964      0.787879050    
  0.859999955      0.827955008    
  0.870000005      0.827955008    
  0.879999995      0.862024307    
  0.889999986      0.862024307    
  0.899999976      0.889888763    
  0.909999967      0.889888763    
  0.919999957      0.911516011    
  0.930000007      0.911516011    
  0.939999998      0.926983237    
  0.949999988      0.926983237    
  0.959999979      0.936416924    
  0.969999969      0.936416924    
  0.979999959      0.939939976    
  0.989999950      0.939939976    
   1.00000000      0.937632799    
