   9.99999978E-03  -527557.625    
   1.99999996E-02  -203954.656    
   2.99999993E-02   432601.406    
   3.99999991E-02   46955.8906    
   4.99999970E-02  -248927.922    
   5.99999987E-02   268974.188    
   7.00000003E-02   16213.0625    
   7.99999982E-02  -573240.688    
   8.99999961E-02   247473.953    
   9.99999940E-02   715753.688    
  0.109999999      -542131.688    
  0.119999997      -641551.875    
  0.129999995       858301.125    
  0.140000001       394725.750    
  0.149999991      -1157108.00    
  0.159999996      -62436.6875    
  0.170000002       1385510.50    
  0.179999992      -283968.250    
  0.189999998      -1514657.75    
  0.199999988       605229.812    
  0.209999993       1561029.00    
  0.219999999      -875513.312    
  0.229999989      -1568891.62    
  0.239999995       1067549.50    
  0.250000000       1576551.75    
  0.259999990      -1157440.75    
  0.269999981      -1600808.25    
  0.280000001       1133184.12    
  0.289999992       1642186.75    
  0.299999982      -994253.688    
  0.310000002      -1687632.50    
  0.319999993       748909.188    
  0.329999983       1704707.88    
  0.340000004      -415179.562    
  0.349999994      -1645868.88    
  0.359999985       23609.6250    
  0.370000005       1471556.62    
  0.379999995       376885.250    
  0.389999986      -1174948.00    
  0.399999976      -711372.625    
  0.409999996       788480.375    
  0.419999987       887900.375    
  0.429999977      -369984.906    
  0.439999998      -838264.500    
  0.449999988      -17549.8750    
  0.459999979       571903.875    
  0.469999999       319142.906    
  0.479999989      -198759.312    
  0.489999980      -494643.250    
  0.500000000      -108997.484    
  0.509999990       527558.562    
  0.519999981       203955.578    
  0.529999971      -432600.406    
  0.539999962      -46954.7891    
  0.550000012       248928.875    
  0.560000002      -268973.312    
  0.569999993      -16212.0625    
  0.579999983       573241.812    
  0.589999974      -247473.047    
  0.599999964      -715752.750    
  0.610000014       542132.938    
  0.620000005       641553.000    
  0.629999995      -858300.562    
  0.639999986      -394724.812    
  0.649999976       1157109.25    
  0.659999967       62437.5938    
  0.669999957      -1385509.62    
  0.680000007       283969.500    
  0.689999998       1514659.00    
  0.699999988      -605229.375    
  0.709999979      -1561028.00    
  0.719999969       875514.438    
  0.729999959       1568892.75    
  0.740000010      -1067548.75    
  0.750000000      -1576550.88    
  0.759999990       1157442.25    
  0.769999981       1600809.50    
  0.779999971      -1133183.50    
  0.789999962      -1642185.75    
  0.799999952       994255.188    
  0.810000002       1687633.75    
  0.819999993      -748908.125    
  0.829999983      -1704706.88    
  0.839999974       415180.125    
  0.849999964       1645869.62    
  0.859999955      -23608.6250    
  0.870000005      -1471555.50    
  0.879999995      -376884.375    
  0.889999986       1174949.00    
  0.899999976       711373.688    
  0.909999967      -788479.312    
  0.919999957      -887899.500    
  0.930000007       369986.000    
  0.939999998       838265.625    
  0.949999988       17550.8438    
  0.959999979      -571903.062    
  0.969999969      -319141.938    
  0.979999959       198760.359    
  0.989999950       494644.188    
   1.00000000       108998.516    
