   9.99999978E-03  0.932733893    
   1.99999996E-02  0.931914091    
   2.99999993E-02  0.931914091    
   3.99999991E-02  0.925222933    
   4.99999970E-02  0.925222933    
   5.99999987E-02  0.912654579    
   7.00000003E-02  0.912654579    
   7.99999982E-02  0.894180298    
   8.99999961E-02  0.894180298    
   9.99999940E-02  0.869780779    
  0.109999999      0.869780779    
  0.119999997      0.839488506    
  0.129999995      0.839488506    
  0.140000001      0.803437173    
  0.149999991      0.803437173    
  0.159999996      0.761907101    
  0.170000002      0.761907101    
  0.179999992      0.715361416    
  0.189999998      0.715361416    
  0.199999988      0.664466202    
  0.209999993      0.664466202    
  0.219999999      0.610090375    
  0.229999989      0.610090375    
  0.239999995      0.553282917    
  0.250000000      0.553282917    
  0.259999990      0.495229900    
  0.269999981      0.495229900    
  0.280000001      0.437194884    
  0.289999992      0.437194884    
  0.299999982      0.380449444    
  0.310000002      0.380449444    
  0.319999993      0.326202780    
  0.329999983      0.326202780    
  0.340000004      0.275537699    
  0.349999994      0.275537699    
  0.359999985      0.229361460    
  0.370000005      0.229361460    
  0.379999995      0.188376307    
  0.389999986      0.188376307    
  0.399999976      0.153072670    
  0.409999996      0.153072670    
  0.419999987      0.123743795    
  0.429999977      0.123743795    
  0.439999998      0.100518778    
  0.449999988      0.100518778    
  0.459999979       8.34075809E-02
  0.469999999       8.34075809E-02
  0.479999989       7.23507330E-02
  0.489999980       7.23507330E-02
  0.500000000       6.72661662E-02
  0.509999990       6.72661662E-02
  0.519999981       6.80858046E-02
  0.529999971       6.80858046E-02
  0.539999962       7.47769624E-02
  0.550000012       7.47769624E-02
  0.560000002       8.73453841E-02
  0.569999993       8.73453841E-02
  0.579999983      0.105819643    
  0.589999974      0.105819643    
  0.599999964      0.130219296    
  0.610000014      0.130219296    
  0.620000005      0.160511553    
  0.629999995      0.160511553    
  0.639999986      0.196562871    
  0.649999976      0.196562871    
  0.659999967      0.238093004    
  0.669999957      0.238093004    
  0.680000007      0.284638762    
  0.689999998      0.284638762    
  0.699999988      0.335533977    
  0.709999979      0.335533977    
  0.719999969      0.389909893    
  0.729999959      0.389909893    
  0.740000010      0.446717381    
  0.750000000      0.446717381    
  0.759999990      0.504770398    
  0.769999981      0.504770398    
  0.779999971      0.562805414    
  0.789999962      0.562805414    
  0.799999952      0.619550824    
  0.810000002      0.619550824    
  0.819999993      0.673797369    
  0.829999983      0.673797369    
  0.839999974      0.724462450    
  0.849999964      0.724462450    
  0.859999955      0.770638704    
  0.870000005      0.770638704    
  0.879999995      0.811623871    
  0.889999986      0.811623871    
  0.899999976      0.846927583    
  0.909999967      0.846927583    
  0.919999957      0.876256347    
  0.930000007      0.876256347    
  0.939999998      0.899481297    
  0.949999988      0.899481297    
  0.959999979      0.916592479    
  0.969999969      0.916592479    
  0.979999959      0.927649319    
  0.989999950      0.927649319    
   1.00000000      0.932733893    
