   9.99999978E-03   1.32106958E-04
   1.99999996E-02   1.32106958E-04
   2.99999993E-02   1.42973477E-05
   3.99999991E-02   1.42973477E-05
   4.99999970E-02   7.90821332E-07
   5.99999987E-02   7.90821332E-07
   7.00000003E-02   3.43304777E-07
   7.99999982E-02   3.43304777E-07
   8.99999961E-02   2.45997126E-06
   9.99999940E-02   2.45997126E-06
  0.109999999       1.45552094E-05
  0.119999997       1.45552094E-05
  0.129999995       7.25115679E-05
  0.140000001       7.25115679E-05
  0.149999991       3.08629998E-04
  0.159999996       3.08629998E-04
  0.170000002       1.13504450E-03
  0.179999992       1.13504450E-03
  0.189999998       3.63933132E-03
  0.199999988       3.63933132E-03
  0.209999993       1.02478648E-02
  0.219999999       1.02478648E-02
  0.229999989       2.54983269E-02
  0.239999995       2.54983269E-02
  0.250000000       5.63623533E-02
  0.259999990       5.63623533E-02
  0.269999981      0.111231737    
  0.280000001      0.111231737    
  0.289999992      0.196965158    
  0.299999982      0.196965158    
  0.310000002      0.314638495    
  0.319999993      0.314638495    
  0.329999983      0.456282288    
  0.340000004      0.456282288    
  0.349999994      0.605381131    
  0.359999985      0.605381131    
  0.370000005      0.742054939    
  0.379999995      0.742054939    
  0.389999986      0.850526273    
  0.399999976      0.850526273    
  0.409999996      0.924484015    
  0.419999987      0.924484015    
  0.429999977      0.967357993    
  0.439999998      0.967357993    
  0.449999988      0.988199592    
  0.459999979      0.988199592    
  0.469999999      0.996536255    
  0.479999989      0.996536255    
  0.489999980      0.999208152    
  0.500000000      0.999208152    
  0.509999990      0.999867857    
  0.519999981      0.999867857    
  0.529999971      0.999985695    
  0.539999962      0.999985695    
  0.550000012      0.999999225    
  0.560000002      0.999999225    
  0.569999993      0.999999583    
  0.579999983      0.999999583    
  0.589999974      0.999997497    
  0.599999964      0.999997497    
  0.610000014      0.999985456    
  0.620000005      0.999985456    
  0.629999995      0.999927521    
  0.639999986      0.999927521    
  0.649999976      0.999691367    
  0.659999967      0.999691367    
  0.669999957      0.998865008    
  0.680000007      0.998865008    
  0.689999998      0.996360719    
  0.699999988      0.996360719    
  0.709999979      0.989752114    
  0.719999969      0.989752114    
  0.729999959      0.974501669    
  0.740000010      0.974501669    
  0.750000000      0.943637609    
  0.759999990      0.943637609    
  0.769999981      0.888768196    
  0.779999971      0.888768196    
  0.789999962      0.803034782    
  0.799999952      0.803034782    
  0.810000002      0.685361564    
  0.819999993      0.685361564    
  0.829999983      0.543717742    
  0.839999974      0.543717742    
  0.849999964      0.394618958    
  0.859999955      0.394618958    
  0.870000005      0.257945091    
  0.879999995      0.257945091    
  0.889999986      0.149473771    
  0.899999976      0.149473771    
  0.909999967       7.55160525E-02
  0.919999957       7.55160525E-02
  0.930000007       3.26420180E-02
  0.939999998       3.26420180E-02
  0.949999988       1.18004698E-02
  0.959999979       1.18004698E-02
  0.969999969       3.46385082E-03
  0.979999959       3.46385082E-03
  0.989999950       7.91858241E-04
   1.00000000       7.91858241E-04
