   9.99999978E-03   6778240.00    
   1.99999996E-02   1229091.88    
   2.99999993E-02  -5839105.00    
   3.99999991E-02  -43625.8750    
   4.99999970E-02   3605828.25    
   5.99999987E-02  -2681035.25    
   7.00000003E-02  -671013.500    
   7.99999982E-02   5705629.00    
   8.99999961E-02  -2433156.25    
   9.99999940E-02  -7727229.50    
  0.109999999       5452763.00    
  0.119999997       7975646.00    
  0.129999995      -8370750.00    
  0.140000001      -6481853.00    
  0.149999991       11179017.0    
  0.159999996       3889737.50    
  0.170000002      -13709762.0    
  0.179999992      -991959.000    
  0.189999998       15697984.0    
  0.199999988      -1652888.00    
  0.209999993      -16995118.0    
  0.219999999       3784819.50    
  0.229999989       17699556.0    
  0.239999995      -5267742.00    
  0.250000000      -18072712.0    
  0.259999990       5948063.00    
  0.269999981       18330842.0    
  0.280000001      -5689932.00    
  0.289999992      -18494900.0    
  0.299999982       4472393.50    
  0.310000002       18387134.0    
  0.319999993      -2392800.00    
  0.329999983      -17735030.0    
  0.340000004      -384160.000    
  0.349999994       16305782.0    
  0.359999985       3587983.50    
  0.370000005      -14011510.0    
  0.379999995      -6722233.00    
  0.389999986       10938634.0    
  0.399999976       9049736.00    
  0.409999996      -7296660.50    
  0.419999987      -9819542.00    
  0.429999977       3360448.75    
  0.439999998       8654522.00    
  0.449999988       515739.500    
  0.459999979      -5860903.50    
  0.469999999      -3850882.25    
  0.479999989       2435983.50    
  0.489999980       6085438.00    
  0.500000000       289957.000    
  0.509999990      -6778239.50    
  0.519999981      -1229090.00    
  0.529999971       5839106.00    
  0.539999962       43625.3750    
  0.550000012      -3605827.50    
  0.560000002       2681037.75    
  0.569999993       671014.375    
  0.579999983      -5705629.50    
  0.589999974       2433158.00    
  0.599999964       7727233.00    
  0.610000014      -5452765.00    
  0.620000005      -7975646.50    
  0.629999995       8370755.50    
  0.639999986       6481855.00    
  0.649999976      -11179018.0    
  0.659999967      -3889736.00    
  0.669999957       13709764.0    
  0.680000007       991959.500    
  0.689999998      -15697986.0    
  0.699999988       1652894.00    
  0.709999979       16995120.0    
  0.719999969      -3784822.50    
  0.729999959      -17699556.0    
  0.740000010       5267750.00    
  0.750000000       18072714.0    
  0.759999990      -5948067.00    
  0.769999981      -18330842.0    
  0.779999971       5689937.00    
  0.789999962       18494900.0    
  0.799999952      -4472398.50    
  0.810000002      -18387134.0    
  0.819999993       2392803.50    
  0.829999983       17735032.0    
  0.839999974       384161.500    
  0.849999964      -16305780.0    
  0.859999955      -3587983.00    
  0.870000005       14011510.0    
  0.879999995       6722233.00    
  0.889999986      -10938630.0    
  0.899999976      -9049734.00    
  0.909999967       7296660.50    
  0.919999957       9819544.00    
  0.930000007      -3360448.50    
  0.939999998      -8654522.00    
  0.949999988      -515737.750    
  0.959999979       5860905.50    
  0.969999969       3850882.75    
  0.979999959      -2435982.75    
  0.989999950      -6085437.00    
   1.00000000      -289956.250    
