   9.99999978E-03  0.382372260    
   1.99999996E-02  0.299806505    
   2.99999993E-02  0.299806505    
   3.99999991E-02  0.226087570    
   4.99999970E-02  0.226087570    
   5.99999987E-02  0.163578689    
   7.00000003E-02  0.163578689    
   7.99999982E-02  0.113287866    
   8.99999961E-02  0.113287866    
   9.99999940E-02   7.49398097E-02
  0.109999999       7.49398097E-02
  0.119999997       4.72667217E-02
  0.129999995       4.72667217E-02
  0.140000001       2.84171198E-02
  0.149999991       2.84171198E-02
  0.159999996       1.63730532E-02
  0.170000002       1.63730532E-02
  0.179999992       9.29204468E-03
  0.189999998       9.29204468E-03
  0.199999988       5.73475333E-03
  0.209999993       5.73475333E-03
  0.219999999       4.78249835E-03
  0.229999989       4.78249835E-03
  0.239999995       6.07539620E-03
  0.250000000       6.07539620E-03
  0.259999990       9.80675220E-03
  0.269999981       9.80675220E-03
  0.280000001       1.66960992E-02
  0.289999992       1.66960992E-02
  0.299999982       2.79412866E-02
  0.310000002       2.79412866E-02
  0.319999993       4.51300442E-02
  0.329999983       4.51300442E-02
  0.340000004       7.00827092E-02
  0.349999994       7.00827092E-02
  0.359999985      0.104605801    
  0.370000005      0.104605801    
  0.379999995      0.150161520    
  0.389999986      0.150161520    
  0.399999976      0.207494795    
  0.409999996      0.207494795    
  0.419999987      0.276295066    
  0.429999977      0.276295066    
  0.439999998      0.354988307    
  0.449999988      0.354988307    
  0.459999979      0.440743655    
  0.469999999      0.440743655    
  0.479999989      0.529735148    
  0.489999980      0.529735148    
  0.500000000      0.617627919    
  0.509999990      0.617627919    
  0.519999981      0.700193644    
  0.529999971      0.700193644    
  0.539999962      0.773912609    
  0.550000012      0.773912609    
  0.560000002      0.836421430    
  0.569999993      0.836421430    
  0.579999983      0.886712193    
  0.589999974      0.886712193    
  0.599999964      0.925060213    
  0.610000014      0.925060213    
  0.620000005      0.952733278    
  0.629999995      0.952733278    
  0.639999986      0.971582890    
  0.649999976      0.971582890    
  0.659999967      0.983626962    
  0.669999957      0.983626962    
  0.680000007      0.990707934    
  0.689999998      0.990707934    
  0.699999988      0.994265258    
  0.709999979      0.994265258    
  0.719999969      0.995217443    
  0.729999959      0.995217443    
  0.740000010      0.993924558    
  0.750000000      0.993924558    
  0.759999990      0.990193248    
  0.769999981      0.990193248    
  0.779999971      0.983303905    
  0.789999962      0.983303905    
  0.799999952      0.972058713    
  0.810000002      0.972058713    
  0.819999993      0.954869986    
  0.829999983      0.954869986    
  0.839999974      0.929917336    
  0.849999964      0.929917336    
  0.859999955      0.895394206    
  0.870000005      0.895394206    
  0.879999995      0.849838436    
  0.889999986      0.849838436    
  0.899999976      0.792505145    
  0.909999967      0.792505145    
  0.919999957      0.723704934    
  0.930000007      0.723704934    
  0.939999998      0.645011902    
  0.949999988      0.645011902    
  0.959999979      0.559256434    
  0.969999969      0.559256434    
  0.979999959      0.470265001    
  0.989999950      0.470265001    
   1.00000000      0.382372260    
