   9.99999978E-03  0.919315279    
   1.99999996E-02  0.919315279    
   2.99999993E-02  0.897367179    
   3.99999991E-02  0.897367179    
   4.99999970E-02  0.869248629    
   5.99999987E-02  0.869248629    
   7.00000003E-02  0.834869981    
   7.99999982E-02  0.834869981    
   8.99999961E-02  0.794298410    
   9.99999940E-02  0.794298410    
  0.109999999      0.747823715    
  0.119999997      0.747823715    
  0.129999995      0.696004331    
  0.140000001      0.696004331    
  0.149999991      0.639684796    
  0.159999996      0.639684796    
  0.170000002      0.579980373    
  0.179999992      0.579980373    
  0.189999998      0.518229067    
  0.199999988      0.518229067    
  0.209999993      0.455914378    
  0.219999999      0.455914378    
  0.229999989      0.394569397    
  0.239999995      0.394569397    
  0.250000000      0.335673273    
  0.259999990      0.335673273    
  0.269999981      0.280554026    
  0.280000001      0.280554026    
  0.289999992      0.230310515    
  0.299999982      0.230310515    
  0.310000002      0.185762927    
  0.319999993      0.185762927    
  0.329999983      0.147437170    
  0.340000004      0.147437170    
  0.349999994      0.115583256    
  0.359999985      0.115583256    
  0.370000005       9.02231485E-02
  0.379999995       9.02231485E-02
  0.389999986       7.12189674E-02
  0.399999976       7.12189674E-02
  0.409999996       5.83506115E-02
  0.419999987       5.83506115E-02
  0.429999977       5.13910241E-02
  0.439999998       5.13910241E-02
  0.449999988       5.01681939E-02
  0.459999979       5.01681939E-02
  0.469999999       5.46055585E-02
  0.479999989       5.46055585E-02
  0.489999980       6.47355318E-02
  0.500000000       6.47355318E-02
  0.509999990       8.06846917E-02
  0.519999981       8.06846917E-02
  0.529999971      0.102632821    
  0.539999962      0.102632821    
  0.550000012      0.130751371    
  0.560000002      0.130751371    
  0.569999993      0.165130094    
  0.579999983      0.165130094    
  0.589999974      0.205701753    
  0.599999964      0.205701753    
  0.610000014      0.252176464    
  0.620000005      0.252176464    
  0.629999995      0.303995848    
  0.639999986      0.303995848    
  0.649999976      0.360315412    
  0.659999967      0.360315412    
  0.669999957      0.420019835    
  0.680000007      0.420019835    
  0.689999998      0.481771171    
  0.699999988      0.481771171    
  0.709999979      0.544085860    
  0.719999969      0.544085860    
  0.729999959      0.605430782    
  0.740000010      0.605430782    
  0.750000000      0.664326906    
  0.759999990      0.664326906    
  0.769999981      0.719446182    
  0.779999971      0.719446182    
  0.789999962      0.769689679    
  0.799999952      0.769689679    
  0.810000002      0.814237237    
  0.819999993      0.814237237    
  0.829999983      0.852562904    
  0.839999974      0.852562904    
  0.849999964      0.884416819    
  0.859999955      0.884416819    
  0.870000005      0.909776866    
  0.879999995      0.909776866    
  0.889999986      0.928781033    
  0.899999976      0.928781033    
  0.909999967      0.941649318    
  0.919999957      0.941649318    
  0.930000007      0.948608875    
  0.939999998      0.948608875    
  0.949999988      0.949831665    
  0.959999979      0.949831665    
  0.969999969      0.945394337    
  0.979999959      0.945394337    
  0.989999950      0.935264349    
   1.00000000      0.935264349    
