   9.99999978E-03  -13154435.0    
   1.99999996E-02   3943821.25    
   2.99999993E-02   11458534.0    
   3.99999991E-02  -4474193.50    
   4.99999970E-02  -5844338.00    
   5.99999987E-02   6748432.00    
   7.00000003E-02  -1911535.00    
   7.99999982E-02  -9332730.00    
   8.99999961E-02   9757035.00    
   9.99999940E-02   10467994.0    
  0.109999999      -16258948.0    
  0.119999997      -8902130.00    
  0.129999995       20987754.0    
  0.140000001       4492077.00    
  0.149999991      -24246416.0    
  0.159999996       1796283.00    
  0.170000002       26484960.0    
  0.179999992      -8487088.00    
  0.189999998      -27918932.0    
  0.199999988       14350019.0    
  0.209999993       28596852.0    
  0.219999999      -18780728.0    
  0.229999989      -28702952.0    
  0.239999995       21657352.0    
  0.250000000       28676138.0    
  0.259999990      -22983440.0    
  0.269999981      -28970912.0    
  0.280000001       22688664.0    
  0.289999992       29707456.0    
  0.299999982      -20652848.0    
  0.310000002      -30575080.0    
  0.319999993       16802500.0    
  0.329999983       31049336.0    
  0.340000004      -11219612.0    
  0.349999994      -30651454.0    
  0.359999985       4320586.00    
  0.370000005       29009262.0    
  0.379999995       2966574.00    
  0.389999986      -25771916.0    
  0.399999976      -9276241.00    
  0.409999996       20613636.0    
  0.419999987       13256813.0    
  0.429999977      -13470127.0    
  0.439999998      -14181088.0    
  0.449999988       4908674.50    
  0.459999979       12329873.0    
  0.469999999       3669906.75    
  0.479999989      -8922864.00    
  0.489999980      -10293007.0    
  0.500000000       5639723.00    
  0.509999990       13154435.0    
  0.519999981      -3943822.00    
  0.529999971      -11458533.0    
  0.539999962       4474196.50    
  0.550000012       5844337.50    
  0.560000002      -6748433.50    
  0.569999993       1911537.25    
  0.579999983       9332735.00    
  0.589999974      -9757041.00    
  0.599999964      -10467995.0    
  0.610000014       16258955.0    
  0.620000005       8902129.00    
  0.629999995      -20987754.0    
  0.639999986      -4492076.00    
  0.649999976       24246420.0    
  0.659999967      -1796283.00    
  0.669999957      -26484964.0    
  0.680000007       8487096.00    
  0.689999998       27918932.0    
  0.699999988      -14350026.0    
  0.709999979      -28596850.0    
  0.719999969       18780744.0    
  0.729999959       28702956.0    
  0.740000010      -21657362.0    
  0.750000000      -28676136.0    
  0.759999990       22983452.0    
  0.769999981       28970912.0    
  0.779999971      -22688672.0    
  0.789999962      -29707452.0    
  0.799999952       20652856.0    
  0.810000002       30575076.0    
  0.819999993      -16802500.0    
  0.829999983      -31049332.0    
  0.839999974       11219612.0    
  0.849999964       30651454.0    
  0.859999955      -4320586.00    
  0.870000005      -29009256.0    
  0.879999995      -2966572.00    
  0.889999986       25771912.0    
  0.899999976       9276244.00    
  0.909999967      -20613628.0    
  0.919999957      -13256810.0    
  0.930000007       13470130.0    
  0.939999998       14181088.0    
  0.949999988      -4908677.00    
  0.959999979      -12329873.0    
  0.969999969      -3669905.00    
  0.979999959       8922866.00    
  0.989999950       10293008.0    
   1.00000000      -5639722.00    
