   9.99999978E-03   8.94549415E-02
   1.99999996E-02   8.94549415E-02
   2.99999993E-02   5.23587801E-02
   3.99999991E-02   5.23587801E-02
   4.99999970E-02   2.84718666E-02
   5.99999987E-02   2.84718666E-02
   7.00000003E-02   1.43192755E-02
   7.99999982E-02   1.43192755E-02
   8.99999961E-02   6.63599605E-03
   9.99999940E-02   6.63599605E-03
  0.109999999       2.84634880E-03
  0.119999997       2.84634880E-03
  0.129999995       1.20422768E-03
  0.140000001       1.20422768E-03
  0.149999991       7.11006578E-04
  0.159999996       7.11006578E-04
  0.170000002       9.58104501E-04
  0.179999992       9.58104501E-04
  0.189999998       2.00705836E-03
  0.199999988       2.00705836E-03
  0.209999993       4.36121086E-03
  0.219999999       4.36121086E-03
  0.229999989       9.02709644E-03
  0.239999995       9.02709644E-03
  0.250000000       1.76179670E-02
  0.259999990       1.76179670E-02
  0.269999981       3.24153937E-02
  0.280000001       3.24153937E-02
  0.289999992       5.62825650E-02
  0.299999982       5.62825650E-02
  0.310000002       9.23319831E-02
  0.319999993       9.23319831E-02
  0.329999983      0.143310964    
  0.340000004      0.143310964    
  0.349999994      0.210783169    
  0.359999985      0.210783169    
  0.370000005      0.294320196    
  0.379999995      0.294320196    
  0.389999986      0.391006529    
  0.399999976      0.391006529    
  0.409999996      0.495532304    
  0.419999987      0.495532304    
  0.429999977      0.600974917    
  0.439999998      0.600974917    
  0.449999988      0.700109124    
  0.459999979      0.700109124    
  0.469999999      0.786851466    
  0.479999989      0.786851466    
  0.489999980      0.857373655    
  0.500000000      0.857373655    
  0.509999990      0.910545170    
  0.519999981      0.910545170    
  0.529999971      0.947641313    
  0.539999962      0.947641313    
  0.550000012      0.971528172    
  0.560000002      0.971528172    
  0.569999993      0.985680699    
  0.579999983      0.985680699    
  0.589999974      0.993364036    
  0.599999964      0.993364036    
  0.610000014      0.997153640    
  0.620000005      0.997153640    
  0.629999995      0.998795748    
  0.639999986      0.998795748    
  0.649999976      0.999288976    
  0.659999967      0.999288976    
  0.669999957      0.999041915    
  0.680000007      0.999041915    
  0.689999998      0.997993052    
  0.699999988      0.997993052    
  0.709999979      0.995638847    
  0.719999969      0.995638847    
  0.729999959      0.990973055    
  0.740000010      0.990973055    
  0.750000000      0.982382178    
  0.759999990      0.982382178    
  0.769999981      0.967584670    
  0.779999971      0.967584670    
  0.789999962      0.943717420    
  0.799999952      0.943717420    
  0.810000002      0.907667935    
  0.819999993      0.907667935    
  0.829999983      0.856689036    
  0.839999974      0.856689036    
  0.849999964      0.789216876    
  0.859999955      0.789216876    
  0.870000005      0.705679834    
  0.879999995      0.705679834    
  0.889999986      0.608993530    
  0.899999976      0.608993530    
  0.909999967      0.504467845    
  0.919999957      0.504467845    
  0.930000007      0.399025112    
  0.939999998      0.399025112    
  0.949999988      0.299890965    
  0.959999979      0.299890965    
  0.969999969      0.213148624    
  0.979999959      0.213148624    
  0.989999950      0.142626405    
   1.00000000      0.142626405    
