   9.99999978E-03  0.826849222    
   1.99999996E-02  0.779069722    
   2.99999993E-02  0.779069722    
   3.99999991E-02  0.724317133    
   4.99999970E-02  0.724317133    
   5.99999987E-02  0.663449764    
   7.00000003E-02  0.663449764    
   7.99999982E-02  0.597794533    
   8.99999961E-02  0.597794533    
   9.99999940E-02  0.529080808    
  0.109999999      0.529080808    
  0.119999997      0.459315062    
  0.129999995      0.459315062    
  0.140000001      0.390613019    
  0.149999991      0.390613019    
  0.159999996      0.325013578    
  0.170000002      0.325013578    
  0.179999992      0.264302909    
  0.189999998      0.264302909    
  0.199999988      0.209874481    
  0.209999993      0.209874481    
  0.219999999      0.162646592    
  0.229999989      0.162646592    
  0.239999995      0.123045959    
  0.250000000      0.123045959    
  0.259999990       9.10557806E-02
  0.269999981       9.10557806E-02
  0.280000001       6.63159415E-02
  0.289999992       6.63159415E-02
  0.299999982       4.82557826E-02
  0.310000002       4.82557826E-02
  0.319999993       3.62375639E-02
  0.329999983       3.62375639E-02
  0.340000004       2.96895113E-02
  0.349999994       2.96895113E-02
  0.359999985       2.82117054E-02
  0.370000005       2.82117054E-02
  0.379999995       3.16433311E-02
  0.389999986       3.16433311E-02
  0.399999976       4.00853865E-02
  0.409999996       4.00853865E-02
  0.419999987       5.38777858E-02
  0.429999977       5.38777858E-02
  0.439999998       7.35340416E-02
  0.449999988       7.35340416E-02
  0.459999979       9.96404737E-02
  0.469999999       9.96404737E-02
  0.479999989      0.132730827    
  0.489999980      0.132730827    
  0.500000000      0.173150778    
  0.509999990      0.173150778    
  0.519999981      0.220930263    
  0.529999971      0.220930263    
  0.539999962      0.275682837    
  0.550000012      0.275682837    
  0.560000002      0.336550355    
  0.569999993      0.336550355    
  0.579999983      0.402205586    
  0.589999974      0.402205586    
  0.599999964      0.470919311    
  0.610000014      0.470919311    
  0.620000005      0.540685117    
  0.629999995      0.540685117    
  0.639999986      0.609387219    
  0.649999976      0.609387219    
  0.659999967      0.674986601    
  0.669999957      0.674986601    
  0.680000007      0.735697329    
  0.689999998      0.735697329    
  0.699999988      0.790125728    
  0.709999979      0.790125728    
  0.719999969      0.837353587    
  0.729999959      0.837353587    
  0.740000010      0.876954198    
  0.750000000      0.876954198    
  0.759999990      0.908944368    
  0.769999981      0.908944368    
  0.779999971      0.933684111    
  0.789999962      0.933684111    
  0.799999952      0.951744199    
  0.810000002      0.951744199    
  0.819999993      0.963762403    
  0.829999983      0.963762403    
  0.839999974      0.970310390    
  0.849999964      0.970310390    
  0.859999955      0.971788168    
  0.870000005      0.971788168    
  0.879999995      0.968356609    
  0.889999986      0.968356609    
  0.899999976      0.959914565    
  0.909999967      0.959914565    
  0.919999957      0.946122169    
  0.930000007      0.946122169    
  0.939999998      0.926465929    
  0.949999988      0.926465929    
  0.959999979      0.900359511    
  0.969999969      0.900359511    
  0.979999959      0.867269158    
  0.989999950      0.867269158    
   1.00000000      0.826849222    
