   9.99999978E-03  -63344.7578    
   1.99999996E-02  -94708.0625    
   2.99999993E-02   49884.2930    
   3.99999991E-02   42565.3359    
   4.99999970E-02  -51562.7891    
   5.99999987E-02   46492.2383    
   7.00000003E-02   50977.6172    
   7.99999982E-02  -130854.141    
   8.99999961E-02  -23015.2617    
   9.99999940E-02   180783.578    
  0.109999999      -45033.5938    
  0.119999997      -188912.281    
  0.129999995       142449.266    
  0.140000001       162328.031    
  0.149999991      -242935.594    
  0.159999996      -110024.242    
  0.170000002       323827.094    
  0.179999992       39872.3594    
  0.189999998      -378222.375    
  0.199999988       37073.3750    
  0.209999993       411495.375    
  0.219999999      -106069.578    
  0.229999989      -431346.531    
  0.239999995       154508.219    
  0.250000000       443437.875    
  0.259999990      -175853.844    
  0.269999981      -451601.094    
  0.280000001       167690.531    
  0.289999992       456620.156    
  0.299999982      -129234.453    
  0.310000002      -454511.250    
  0.319999993       63053.5000    
  0.329999983       437475.438    
  0.340000004       22179.8125    
  0.349999994      -395914.781    
  0.359999985      -111960.062    
  0.370000005       321891.125    
  0.379999995       188979.719    
  0.389999986      -216283.938    
  0.399999976      -236162.703    
  0.409999996       95198.8750    
  0.419999987       239077.562    
  0.429999977       13260.3984    
  0.439999998      -190538.453    
  0.449999988      -82699.5703    
  0.459999979       99132.2031    
  0.469999999       103617.625    
  0.479999989       5562.59375    
  0.489999980      -88565.5938    
  0.500000000      -81246.6172    
  0.509999990       63345.7695    
  0.519999981       94709.0469    
  0.529999971      -49883.2891    
  0.539999962      -42564.3203    
  0.550000012       51563.7930    
  0.560000002      -46491.2578    
  0.569999993      -50976.6172    
  0.579999983       130855.188    
  0.589999974       23016.2344    
  0.599999964      -180782.609    
  0.610000014       45034.6406    
  0.620000005       188913.375    
  0.629999995      -142448.312    
  0.639999986      -162327.125    
  0.649999976       242936.672    
  0.659999967       110025.188    
  0.669999957      -323826.156    
  0.680000007      -39871.3281    
  0.689999998       378223.375    
  0.699999988      -37072.4219    
  0.709999979      -411494.406    
  0.719999969       106070.688    
  0.729999959       431347.531    
  0.740000010      -154507.250    
  0.750000000      -443436.812    
  0.759999990       175854.938    
  0.769999981       451602.125    
  0.779999971      -167689.578    
  0.789999962      -456619.250    
  0.799999952       129235.422    
  0.810000002       454512.344    
  0.819999993      -63052.5312    
  0.829999983      -437474.406    
  0.839999974      -22178.8125    
  0.849999964       395915.812    
  0.859999955       111961.156    
  0.870000005      -321890.125    
  0.879999995      -188978.750    
  0.889999986       216284.906    
  0.899999976       236163.703    
  0.909999967      -95197.9062    
  0.919999957      -239076.562    
  0.930000007      -13259.3672    
  0.939999998       190539.484    
  0.949999988       82700.5703    
  0.959999979      -99131.2188    
  0.969999969      -103616.609    
  0.979999959      -5561.58203    
  0.989999950       88566.5859    
   1.00000000       81247.6094    
