   9.99999978E-03  0.336481065    
   1.99999996E-02  0.256559730    
   2.99999993E-02  0.256559730    
   3.99999991E-02  0.187492371    
   4.99999970E-02  0.187492371    
   5.99999987E-02  0.130984142    
   7.00000003E-02  0.130984142    
   7.99999982E-02   8.72614905E-02
   8.99999961E-02   8.72614905E-02
   9.99999940E-02   5.53107522E-02
  0.109999999       5.53107522E-02
  0.119999997       3.33012454E-02
  0.129999995       3.33012454E-02
  0.140000001       1.90614611E-02
  0.149999991       1.90614611E-02
  0.159999996       1.04946252E-02
  0.170000002       1.04946252E-02
  0.179999992       5.86870778E-03
  0.189999998       5.86870778E-03
  0.199999988       3.97180533E-03
  0.209999993       3.97180533E-03
  0.219999999       4.16461797E-03
  0.229999989       4.16461797E-03
  0.239999995       6.37672236E-03
  0.250000000       6.37672236E-03
  0.259999990       1.10839102E-02
  0.269999981       1.10839102E-02
  0.280000001       1.92793645E-02
  0.289999992       1.92793645E-02
  0.299999982       3.24240625E-02
  0.310000002       3.24240625E-02
  0.319999993       5.23428023E-02
  0.329999983       5.23428023E-02
  0.340000004       8.10298473E-02
  0.349999994       8.10298473E-02
  0.359999985      0.120346628    
  0.370000005      0.120346628    
  0.379999995      0.171630740    
  0.389999986      0.171630740    
  0.399999976      0.235281587    
  0.409999996      0.235281587    
  0.419999987      0.310424984    
  0.429999977      0.310424984    
  0.439999998      0.394769639    
  0.449999988      0.394769639    
  0.459999979      0.484737277    
  0.469999999      0.484737277    
  0.479999989      0.575880945    
  0.489999980      0.575880945    
  0.500000000      0.663519025    
  0.509999990      0.663519025    
  0.519999981      0.743440390    
  0.529999971      0.743440390    
  0.539999962      0.812507629    
  0.550000012      0.812507629    
  0.560000002      0.869015932    
  0.569999993      0.869015932    
  0.579999983      0.912738562    
  0.589999974      0.912738562    
  0.599999964      0.944689274    
  0.610000014      0.944689274    
  0.620000005      0.966698766    
  0.629999995      0.966698766    
  0.639999986      0.980938554    
  0.649999976      0.980938554    
  0.659999967      0.989505410    
  0.669999957      0.989505410    
  0.680000007      0.994131267    
  0.689999998      0.994131267    
  0.699999988      0.996028185    
  0.709999979      0.996028185    
  0.719999969      0.995835364    
  0.729999959      0.995835364    
  0.740000010      0.993623257    
  0.750000000      0.993623257    
  0.759999990      0.988916099    
  0.769999981      0.988916099    
  0.779999971      0.980720699    
  0.789999962      0.980720699    
  0.799999952      0.967575908    
  0.810000002      0.967575908    
  0.819999993      0.947657228    
  0.829999983      0.947657228    
  0.839999974      0.918970168    
  0.849999964      0.918970168    
  0.859999955      0.879653275    
  0.870000005      0.879653275    
  0.879999995      0.828369200    
  0.889999986      0.828369200    
  0.899999976      0.764718413    
  0.909999967      0.764718413    
  0.919999957      0.689575076    
  0.930000007      0.689575076    
  0.939999998      0.605230570    
  0.949999988      0.605230570    
  0.959999979      0.515262902    
  0.969999969      0.515262902    
  0.979999959      0.424119204    
  0.989999950      0.424119204    
   1.00000000      0.336481065    
