   9.99999978E-03  0.141063705    
   1.99999996E-02   8.94391313E-02
   2.99999993E-02   8.94391313E-02
   3.99999991E-02   5.31111658E-02
   4.99999970E-02   5.31111658E-02
   5.99999987E-02   2.94204932E-02
   7.00000003E-02   2.94204932E-02
   7.99999982E-02   1.51436152E-02
   8.99999961E-02   1.51436152E-02
   9.99999940E-02   7.22613186E-03
  0.109999999       7.22613186E-03
  0.119999997       3.22596845E-03
  0.129999995       3.22596845E-03
  0.140000001       1.46210846E-03
  0.149999991       1.46210846E-03
  0.159999996       9.64921201E-04
  0.170000002       9.64921201E-04
  0.179999992       1.35381822E-03
  0.189999998       1.35381822E-03
  0.199999988       2.74188723E-03
  0.209999993       2.74188723E-03
  0.219999999       5.71581628E-03
  0.229999989       5.71581628E-03
  0.239999995       1.13865025E-02
  0.250000000       1.13865025E-02
  0.259999990       2.14612056E-02
  0.269999981       2.14612056E-02
  0.280000001       3.82555053E-02
  0.289999992       3.82555053E-02
  0.299999982       6.45502284E-02
  0.310000002       6.45502284E-02
  0.319999993      0.103219032    
  0.329999983      0.103219032    
  0.340000004      0.156618834    
  0.349999994      0.156618834    
  0.359999985      0.225840792    
  0.370000005      0.225840792    
  0.379999995      0.310029685    
  0.389999986      0.310029685    
  0.399999976      0.406034559    
  0.409999996      0.406034559    
  0.419999987      0.508603752    
  0.429999977      0.508603752    
  0.439999998      0.611173093    
  0.449999988      0.611173093    
  0.459999979      0.707071185    
  0.469999999      0.707071185    
  0.479999989      0.790791750    
  0.489999980      0.790791750    
  0.500000000      0.858936310    
  0.509999990      0.858936310    
  0.519999981      0.910560966    
  0.529999971      0.910560966    
  0.539999962      0.946888864    
  0.550000012      0.946888864    
  0.560000002      0.970579565    
  0.569999993      0.970579565    
  0.579999983      0.984856427    
  0.589999974      0.984856427    
  0.599999964      0.992773831    
  0.610000014      0.992773831    
  0.620000005      0.996774018    
  0.629999995      0.996774018    
  0.639999986      0.998537898    
  0.649999976      0.998537898    
  0.659999967      0.999035060    
  0.669999957      0.999035060    
  0.680000007      0.998646200    
  0.689999998      0.998646200    
  0.699999988      0.997258186    
  0.709999979      0.997258186    
  0.719999969      0.994284272    
  0.729999959      0.994284272    
  0.740000010      0.988613546    
  0.750000000      0.988613546    
  0.759999990      0.978538930    
  0.769999981      0.978538930    
  0.779999971      0.961744547    
  0.789999962      0.961744547    
  0.799999952      0.935449719    
  0.810000002      0.935449719    
  0.819999993      0.896780849    
  0.829999983      0.896780849    
  0.839999974      0.843381166    
  0.849999964      0.843381166    
  0.859999955      0.774159253    
  0.870000005      0.774159253    
  0.879999995      0.689970374    
  0.889999986      0.689970374    
  0.899999976      0.593965590    
  0.909999967      0.593965590    
  0.919999957      0.491396248    
  0.930000007      0.491396248    
  0.939999998      0.388826996    
  0.949999988      0.388826996    
  0.959999979      0.292928845    
  0.969999969      0.292928845    
  0.979999959      0.209208325    
  0.989999950      0.209208325    
   1.00000000      0.141063705    
