   9.99999978E-03  0.893016934    
   1.99999996E-02  0.893016934    
   2.99999993E-02  0.861870944    
   3.99999991E-02  0.861870944    
   4.99999970E-02  0.824176729    
   5.99999987E-02  0.824176729    
   7.00000003E-02  0.780016124    
   7.99999982E-02  0.780016124    
   8.99999961E-02  0.729758561    
   9.99999940E-02  0.729758561    
  0.109999999      0.674104571    
  0.119999997      0.674104571    
  0.129999995      0.614090621    
  0.140000001      0.614090621    
  0.149999991      0.551053703    
  0.159999996      0.551053703    
  0.170000002      0.486556053    
  0.179999992      0.486556053    
  0.189999998      0.422279269    
  0.199999988      0.422279269    
  0.209999993      0.359901905    
  0.219999999      0.359901905    
  0.229999989      0.300975621    
  0.239999995      0.300975621    
  0.250000000      0.246818513    
  0.259999990      0.246818513    
  0.269999981      0.198438704    
  0.280000001      0.198438704    
  0.289999992      0.156498164    
  0.299999982      0.156498164    
  0.310000002      0.121319428    
  0.319999993      0.121319428    
  0.329999983       9.29316580E-02
  0.340000004       9.29316580E-02
  0.349999994       7.11468309E-02
  0.359999985       7.11468309E-02
  0.370000005       5.56527562E-02
  0.379999995       5.56527562E-02
  0.389999986       4.61088344E-02
  0.399999976       4.61088344E-02
  0.409999996       4.22305427E-02
  0.419999987       4.22305427E-02
  0.429999977       4.38514948E-02
  0.439999998       4.38514948E-02
  0.449999988       5.09553105E-02
  0.459999979       5.09553105E-02
  0.469999999       6.36736900E-02
  0.479999989       6.36736900E-02
  0.489999980       8.22514594E-02
  0.500000000       8.22514594E-02
  0.509999990      0.106983081    
  0.519999981      0.106983081    
  0.529999971      0.138129085    
  0.539999962      0.138129085    
  0.550000012      0.175823361    
  0.560000002      0.175823361    
  0.569999993      0.219984069    
  0.579999983      0.219984069    
  0.589999974      0.270241559    
  0.599999964      0.270241559    
  0.610000014      0.325895578    
  0.620000005      0.325895578    
  0.629999995      0.385909498    
  0.639999986      0.385909498    
  0.649999976      0.448946416    
  0.659999967      0.448946416    
  0.669999957      0.513444066    
  0.680000007      0.513444066    
  0.689999998      0.577720881    
  0.699999988      0.577720881    
  0.709999979      0.640098274    
  0.719999969      0.640098274    
  0.729999959      0.699024618    
  0.740000010      0.699024618    
  0.750000000      0.753181756    
  0.759999990      0.753181756    
  0.769999981      0.801561475    
  0.779999971      0.801561475    
  0.789999962      0.843502045    
  0.799999952      0.843502045    
  0.810000002      0.878680766    
  0.819999993      0.878680766    
  0.829999983      0.907068431    
  0.839999974      0.907068431    
  0.849999964      0.928853214    
  0.859999955      0.928853214    
  0.870000005      0.944347143    
  0.879999995      0.944347143    
  0.889999986      0.953891039    
  0.899999976      0.953891039    
  0.909999967      0.957769275    
  0.919999957      0.957769275    
  0.930000007      0.956148386    
  0.939999998      0.956148386    
  0.949999988      0.949044645    
  0.959999979      0.949044645    
  0.969999969      0.936326325    
  0.979999959      0.936326325    
  0.989999950      0.917748511    
   1.00000000      0.917748511    
