   9.99999978E-03   35456808.0    
   1.99999996E-02   4033396.00    
   2.99999993E-02  -31265170.0    
   3.99999991E-02   707051.000    
   4.99999970E-02   20594636.0    
   5.99999987E-02  -12351844.0    
   7.00000003E-02  -6217181.00    
   7.99999982E-02   26276852.0    
   8.99999961E-02  -9038114.00    
   9.99999940E-02  -37188600.0    
  0.109999999       23481370.0    
  0.119999997       41335440.0    
  0.129999995      -36811032.0    
  0.140000001      -37902400.0    
  0.149999991       49372244.0    
  0.159999996       28868948.0    
  0.170000002      -61156056.0    
  0.179999992      -17543708.0    
  0.189999998       71422600.0    
  0.199999988       6848456.00    
  0.209999993      -79218432.0    
  0.219999999       1550066.00    
  0.229999989       84203160.0    
  0.239999995      -7017434.00    
  0.250000000      -86902136.0    
  0.259999990       9286896.00    
  0.269999981       88097360.0    
  0.280000001      -8091664.00    
  0.289999992      -87976376.0    
  0.299999982       3244204.00    
  0.310000002       85897312.0    
  0.319999993       5128820.00    
  0.329999983      -80938064.0    
  0.340000004      -16363924.0    
  0.349999994       72602368.0    
  0.359999985       28990024.0    
  0.370000005      -61034968.0    
  0.379999995      -40531684.0    
  0.389999986       46742952.0    
  0.399999976       47834320.0    
  0.409999996      -30312122.0    
  0.419999987      -48166176.0    
  0.429999977       12503772.0    
  0.439999998       40654256.0    
  0.449999988       5339290.00    
  0.459999979      -27154748.0    
  0.469999999      -21020088.0    
  0.479999989       11926395.0    
  0.489999980       31813980.0    
  0.500000000      -158243.000    
  0.509999990      -35456812.0    
  0.519999981      -4033391.00    
  0.529999971       31265170.0    
  0.539999962      -707056.000    
  0.550000012      -20594638.0    
  0.560000002       12351857.0    
  0.569999993       6217178.50    
  0.579999983      -26276866.0    
  0.589999974       9038128.00    
  0.599999964       37188604.0    
  0.610000014      -23481370.0    
  0.620000005      -41335440.0    
  0.629999995       36811032.0    
  0.639999986       37902408.0    
  0.649999976      -49372260.0    
  0.659999967      -28868942.0    
  0.669999957       61156068.0    
  0.680000007       17543700.0    
  0.689999998      -71422616.0    
  0.699999988      -6848440.00    
  0.709999979       79218456.0    
  0.719999969      -1550080.00    
  0.729999959      -84203168.0    
  0.740000010       7017464.00    
  0.750000000       86902144.0    
  0.759999990      -9286916.00    
  0.769999981      -88097360.0    
  0.779999971       8091692.00    
  0.789999962       87976384.0    
  0.799999952      -3244220.00    
  0.810000002      -85897312.0    
  0.819999993      -5128810.00    
  0.829999983       80938064.0    
  0.839999974       16363930.0    
  0.849999964      -72602352.0    
  0.859999955      -28990014.0    
  0.870000005       61034968.0    
  0.879999995       40531680.0    
  0.889999986      -46742936.0    
  0.899999976      -47834320.0    
  0.909999967       30312112.0    
  0.919999957       48166176.0    
  0.930000007      -12503772.0    
  0.939999998      -40654244.0    
  0.949999988      -5339280.00    
  0.959999979       27154756.0    
  0.969999969       21020084.0    
  0.979999959      -11926400.0    
  0.989999950      -31813982.0    
   1.00000000       158247.000    
