   9.99999978E-03  -80463232.0    
   1.99999996E-02  -7646482.00    
   2.99999993E-02   71639824.0    
   3.99999991E-02  -1999530.00    
   4.99999970E-02  -48694516.0    
   5.99999987E-02   26300576.0    
   7.00000003E-02   17448764.0    
   7.99999982E-02  -56277976.0    
   8.99999961E-02   15893492.0    
   9.99999940E-02   81291064.0    
  0.109999999      -47339656.0    
  0.119999997      -93266760.0    
  0.129999995       75949712.0    
  0.140000001       89668088.0    
  0.149999991      -102582000.    
  0.159999996      -73711208.0    
  0.170000002       127743056.    
  0.179999992       51912372.0    
  0.189999998      -150368128.    
  0.199999988      -30683580.0    
  0.209999993       168460400.    
  0.219999999       14081568.0    
  0.229999989      -180760048.    
  0.239999995      -3648072.00    
  0.250000000       187633808.    
  0.259999990      -354296.000    
  0.269999981      -190253888.    
  0.280000001      -2265808.00    
  0.289999992       189016112.    
  0.299999982       11904128.0    
  0.310000002      -182937536.    
  0.319999993      -28558704.0    
  0.329999983       170585264.    
  0.340000004       50900728.0    
  0.349999994      -151379728.    
  0.359999985      -75549072.0    
  0.370000005       125905136.    
  0.379999995       97034368.0    
  0.389999986      -95215672.0    
  0.399999976      -108934048.    
  0.409999996       60282392.0    
  0.419999987       106209496.    
  0.429999977      -22421176.0    
  0.439999998      -87818736.0    
  0.449999988      -15647272.0    
  0.459999979       58079456.0    
  0.469999999       49227648.0    
  0.479999989      -25767444.0    
  0.489999980      -72462440.0    
  0.500000000       1176934.00    
  0.509999990       80463240.0    
  0.519999981       7646476.00    
  0.529999971      -71639832.0    
  0.539999962       1999548.00    
  0.550000012       48694520.0    
  0.560000002      -26300598.0    
  0.569999993      -17448748.0    
  0.579999983       56277992.0    
  0.589999974      -15893504.0    
  0.599999964      -81291072.0    
  0.610000014       47339644.0    
  0.620000005       93266784.0    
  0.629999995      -75949728.0    
  0.639999986      -89668096.0    
  0.649999976       102582024.    
  0.659999967       73711200.0    
  0.669999957      -127743080.    
  0.680000007      -51912352.0    
  0.689999998       150368160.    
  0.699999988       30683540.0    
  0.709999979      -168460448.    
  0.719999969      -14081536.0    
  0.729999959       180760096.    
  0.740000010       3648032.00    
  0.750000000      -187633840.    
  0.759999990       354344.000    
  0.769999981       190253920.    
  0.779999971       2265736.00    
  0.789999962      -189016128.    
  0.799999952      -11904080.0    
  0.810000002       182937536.    
  0.819999993       28558688.0    
  0.829999983      -170585248.    
  0.839999974      -50900724.0    
  0.849999964       151379728.    
  0.859999955       75549072.0    
  0.870000005      -125905120.    
  0.879999995      -97034344.0    
  0.889999986       95215664.0    
  0.899999976       108934048.    
  0.909999967      -60282360.0    
  0.919999957      -106209480.    
  0.930000007       22421184.0    
  0.939999998       87818720.0    
  0.949999988       15647268.0    
  0.959999979      -58079448.0    
  0.969999969      -49227632.0    
  0.979999959       25767466.0    
  0.989999950       72462432.0    
   1.00000000      -1176932.00    
