   9.99999978E-03  0.836907625    
   1.99999996E-02  0.836907625    
   2.99999993E-02  0.792092681    
   3.99999991E-02  0.792092681    
   4.99999970E-02  0.740471244    
   5.99999987E-02  0.740471244    
   7.00000003E-02  0.682732642    
   7.99999982E-02  0.682732642    
   8.99999961E-02  0.619993746    
   9.99999940E-02  0.619993746    
  0.109999999      0.553758323    
  0.119999997      0.553758323    
  0.129999995      0.485822916    
  0.140000001      0.485822916    
  0.149999991      0.418139428    
  0.159999996      0.418139428    
  0.170000002      0.352654636    
  0.179999992      0.352654636    
  0.189999998      0.291147947    
  0.199999988      0.291147947    
  0.209999993      0.235093385    
  0.219999999      0.235093385    
  0.229999989      0.185563460    
  0.239999995      0.185563460    
  0.250000000      0.143189207    
  0.259999990      0.143189207    
  0.269999981      0.108177744    
  0.280000001      0.108177744    
  0.289999992       8.03812891E-02
  0.299999982       8.03812891E-02
  0.310000002       5.94033822E-02
  0.319999993       5.94033822E-02
  0.329999983       4.47239429E-02
  0.340000004       4.47239429E-02
  0.349999994       3.58238593E-02
  0.359999985       3.58238593E-02
  0.370000005       3.22920606E-02
  0.379999995       3.22920606E-02
  0.389999986       3.39020155E-02
  0.399999976       3.39020155E-02
  0.409999996       4.06493694E-02
  0.419999987       4.06493694E-02
  0.429999977       5.27475215E-02
  0.439999998       5.27475215E-02
  0.449999988       7.05824420E-02
  0.459999979       7.05824420E-02
  0.469999999       9.46319848E-02
  0.479999989       9.46319848E-02
  0.489999980      0.125359267    
  0.500000000      0.125359267    
  0.509999990      0.163092524    
  0.519999981      0.163092524    
  0.529999971      0.207907453    
  0.539999962      0.207907453    
  0.550000012      0.259528726    
  0.560000002      0.259528726    
  0.569999993      0.317267299    
  0.579999983      0.317267299    
  0.589999974      0.380006284    
  0.599999964      0.380006284    
  0.610000014      0.446241736    
  0.620000005      0.446241736    
  0.629999995      0.514177203    
  0.639999986      0.514177203    
  0.649999976      0.581860662    
  0.659999967      0.581860662    
  0.669999957      0.647345543    
  0.680000007      0.647345543    
  0.689999998      0.708852232    
  0.699999988      0.708852232    
  0.709999979      0.764906824    
  0.719999969      0.764906824    
  0.729999959      0.814436734    
  0.740000010      0.814436734    
  0.750000000      0.856810987    
  0.759999990      0.856810987    
  0.769999981      0.891822398    
  0.779999971      0.891822398    
  0.789999962      0.919618785    
  0.799999952      0.919618785    
  0.810000002      0.940596581    
  0.819999993      0.940596581    
  0.829999983      0.955276012    
  0.839999974      0.955276012    
  0.849999964      0.964175999    
  0.859999955      0.964175999    
  0.870000005      0.967707813    
  0.879999995      0.967707813    
  0.889999986      0.966097951    
  0.899999976      0.966097951    
  0.909999967      0.959350586    
  0.919999957      0.959350586    
  0.930000007      0.947252512    
  0.939999998      0.947252512    
  0.949999988      0.929417491    
  0.959999979      0.929417491    
  0.969999969      0.905367970    
  0.979999959      0.905367970    
  0.989999950      0.874640822    
   1.00000000      0.874640822    
