   9.99999978E-03  0.611061275    
   1.99999996E-02  0.533126354    
   2.99999993E-02  0.533126354    
   3.99999991E-02  0.453640610    
   4.99999970E-02  0.453640610    
   5.99999987E-02  0.375714302    
   7.00000003E-02  0.375714302    
   7.99999982E-02  0.302307576    
   8.99999961E-02  0.302307576    
   9.99999940E-02  0.235897020    
  0.109999999      0.235897020    
  0.119999997      0.178227887    
  0.129999995      0.178227887    
  0.140000001      0.130195007    
  0.149999991      0.130195007    
  0.159999996       9.18641686E-02
  0.170000002       9.18641686E-02
  0.179999992       6.26156330E-02
  0.189999998       6.26156330E-02
  0.199999988       4.13683131E-02
  0.209999993       4.13683131E-02
  0.219999999       2.68350262E-02
  0.229999989       2.68350262E-02
  0.239999995       1.77632552E-02
  0.250000000       1.77632552E-02
  0.259999990       1.31301563E-02
  0.269999981       1.31301563E-02
  0.280000001       1.22768730E-02
  0.289999992       1.22768730E-02
  0.299999982       1.49807502E-02
  0.310000002       1.49807502E-02
  0.319999993       2.14707386E-02
  0.329999983       2.14707386E-02
  0.340000004       3.23917605E-02
  0.349999994       3.23917605E-02
  0.359999985       4.87206392E-02
  0.370000005       4.87206392E-02
  0.379999995       7.16337413E-02
  0.389999986       7.16337413E-02
  0.399999976      0.102328442    
  0.409999996      0.102328442    
  0.419999987      0.141808227    
  0.429999977      0.141808227    
  0.439999998      0.190653473    
  0.449999988      0.190653473    
  0.459999979      0.248812839    
  0.469999999      0.248812839    
  0.479999989      0.315457553    
  0.489999980      0.315457553    
  0.500000000      0.388938874    
  0.509999990      0.388938874    
  0.519999981      0.466873854    
  0.529999971      0.466873854    
  0.539999962      0.546359539    
  0.550000012      0.546359539    
  0.560000002      0.624285877    
  0.569999993      0.624285877    
  0.579999983      0.697692513    
  0.589999974      0.697692513    
  0.599999964      0.764103115    
  0.610000014      0.764103115    
  0.620000005      0.821772277    
  0.629999995      0.821772277    
  0.639999986      0.869805098    
  0.649999976      0.869805098    
  0.659999967      0.908135951    
  0.669999957      0.908135951    
  0.680000007      0.937384427    
  0.689999998      0.937384427    
  0.699999988      0.958631754    
  0.709999979      0.958631754    
  0.719999969      0.973164976    
  0.729999959      0.973164976    
  0.740000010      0.982236743    
  0.750000000      0.982236743    
  0.759999990      0.986869812    
  0.769999981      0.986869812    
  0.779999971      0.987723112    
  0.789999962      0.987723112    
  0.799999952      0.985019267    
  0.810000002      0.985019267    
  0.819999993      0.978529334    
  0.829999983      0.978529334    
  0.839999974      0.967608213    
  0.849999964      0.967608213    
  0.859999955      0.951279283    
  0.870000005      0.951279283    
  0.879999995      0.928366184    
  0.889999986      0.928366184    
  0.899999976      0.897671521    
  0.909999967      0.897671521    
  0.919999957      0.858191788    
  0.930000007      0.858191788    
  0.939999998      0.809346437    
  0.949999988      0.809346437    
  0.959999979      0.751187086    
  0.969999969      0.751187086    
  0.979999959      0.684542418    
  0.989999950      0.684542418    
   1.00000000      0.611061275    
