   9.99999978E-03  0.798680782    
   1.99999996E-02  0.798680782    
   2.99999993E-02  0.746384621    
   3.99999991E-02  0.746384621    
   4.99999970E-02  0.687538028    
   5.99999987E-02  0.687538028    
   7.00000003E-02  0.623302519    
   7.99999982E-02  0.623302519    
   8.99999961E-02  0.555281222    
   9.99999940E-02  0.555281222    
  0.109999999      0.485413492    
  0.119999997      0.485413492    
  0.129999995      0.415817678    
  0.140000001      0.415817678    
  0.149999991      0.348605186    
  0.159999996      0.348605186    
  0.170000002      0.285694242    
  0.179999992      0.285694242    
  0.189999998      0.228650689    
  0.199999988      0.228650689    
  0.209999993      0.178580821    
  0.219999999      0.178580821    
  0.229999989      0.136089578    
  0.239999995      0.136089578    
  0.250000000      0.101306610    
  0.259999990      0.101306610    
  0.269999981       7.39710778E-02
  0.280000001       7.39710778E-02
  0.289999992       5.35573736E-02
  0.299999982       5.35573736E-02
  0.310000002       3.94197889E-02
  0.319999993       3.94197889E-02
  0.329999983       3.09338514E-02
  0.340000004       3.09338514E-02
  0.349999994       2.76156105E-02
  0.359999985       2.76156105E-02
  0.370000005       2.92051993E-02
  0.379999995       2.92051993E-02
  0.389999986       3.57068889E-02
  0.399999976       3.57068889E-02
  0.409999996       4.73828837E-02
  0.419999987       4.73828837E-02
  0.429999977       6.47026226E-02
  0.439999998       6.47026226E-02
  0.449999988       8.82530734E-02
  0.459999979       8.82530734E-02
  0.469999999      0.118619487    
  0.479999989      0.118619487    
  0.489999980      0.156249732    
  0.500000000      0.156249732    
  0.509999990      0.201319188    
  0.519999981      0.201319188    
  0.529999971      0.253615379    
  0.539999962      0.253615379    
  0.550000012      0.312462002    
  0.560000002      0.312462002    
  0.569999993      0.376697600    
  0.579999983      0.376697600    
  0.589999974      0.444718897    
  0.599999964      0.444718897    
  0.610000014      0.514586627    
  0.620000005      0.514586627    
  0.629999995      0.584182501    
  0.639999986      0.584182501    
  0.649999976      0.651395023    
  0.659999967      0.651395023    
  0.669999957      0.714305997    
  0.680000007      0.714305997    
  0.689999998      0.771349549    
  0.699999988      0.771349549    
  0.709999979      0.821419418    
  0.719999969      0.821419418    
  0.729999959      0.863910556    
  0.740000010      0.863910556    
  0.750000000      0.898693562    
  0.759999990      0.898693562    
  0.769999981      0.926028967    
  0.779999971      0.926028967    
  0.789999962      0.946442604    
  0.799999952      0.946442604    
  0.810000002      0.960580111    
  0.819999993      0.960580111    
  0.829999983      0.969066083    
  0.839999974      0.969066083    
  0.849999964      0.972384274    
  0.859999955      0.972384274    
  0.870000005      0.970794678    
  0.879999995      0.970794678    
  0.889999986      0.964293122    
  0.899999976      0.964293122    
  0.909999967      0.952617109    
  0.919999957      0.952617109    
  0.930000007      0.935297370    
  0.939999998      0.935297370    
  0.949999988      0.911746919    
  0.959999979      0.911746919    
  0.969999969      0.881380498    
  0.979999959      0.881380498    
  0.989999950      0.843750298    
   1.00000000      0.843750298    
