   9.99999978E-03   20788.7773    
   1.99999996E-02   42700.3086    
   2.99999993E-02  -15938.0811    
   3.99999991E-02  -18297.2227    
   4.99999970E-02   21505.4863    
   5.99999987E-02  -21426.4414    
   7.00000003E-02  -25535.5566    
   7.99999982E-02   57930.3398    
   8.99999961E-02   13249.7441    
   9.99999940E-02  -79108.3672    
  0.109999999       20813.4824    
  0.119999997       82275.2344    
  0.129999995      -68533.7500    
  0.140000001      -69347.5781    
  0.149999991       115402.664    
  0.159999996       42655.5664    
  0.170000002      -151271.703    
  0.179999992      -5898.71875    
  0.189999998       174417.125    
  0.199999988      -33932.6562    
  0.209999993      -187792.625    
  0.219999999       68752.4609    
  0.229999989       194848.000    
  0.239999995      -92979.3594    
  0.250000000      -198787.438    
  0.259999990       103983.531    
  0.269999981       202387.828    
  0.280000001      -100383.102    
  0.289999992      -206191.125    
  0.299999982       81636.1641    
  0.310000002       207731.656    
  0.319999993      -48813.3281    
  0.329999983      -202673.219    
  0.340000004       5676.50781    
  0.349999994       185992.250    
  0.359999985       40619.2773    
  0.370000005      -153307.953    
  0.379999995      -80560.8516    
  0.389999986       104189.359    
  0.399999976       105003.172    
  0.409999996      -45805.8008    
  0.419999987      -107267.539    
  0.429999977      -7345.66992    
  0.439999998       85012.4453    
  0.449999988       40331.8594    
  0.459999979      -43134.0391    
  0.469999999      -47243.1680    
  0.479999989      -4311.24121    
  0.489999980       35491.4922    
  0.500000000       37850.6250    
  0.509999990      -20787.7793    
  0.519999981      -42699.3047    
  0.529999971       15939.0850    
  0.539999962       18298.2148    
  0.550000012      -21504.4824    
  0.560000002       21427.4512    
  0.569999993       25536.5469    
  0.579999983      -57929.3594    
  0.589999974      -13248.7305    
  0.599999964       79109.4062    
  0.610000014      -20812.5137    
  0.620000005      -82274.2578    
  0.629999995       68534.7578    
  0.639999986       69348.5938    
  0.649999976      -115401.680    
  0.659999967      -42654.5703    
  0.669999957       151272.750    
  0.680000007       5899.70703    
  0.689999998      -174416.109    
  0.699999988       33933.7031    
  0.709999979       187793.625    
  0.719999969      -68751.5000    
  0.729999959      -194847.000    
  0.740000010       92980.4062    
  0.750000000       198788.375    
  0.759999990      -103982.562    
  0.769999981      -202386.828    
  0.779999971       100384.086    
  0.789999962       206192.125    
  0.799999952      -81635.1562    
  0.810000002      -207730.688    
  0.819999993       48814.3594    
  0.829999983       202674.250    
  0.839999974      -5675.47656    
  0.849999964      -185991.281    
  0.859999955      -40618.3125    
  0.870000005       153308.969    
  0.879999995       80561.8750    
  0.889999986      -104188.367    
  0.899999976      -105002.180    
  0.909999967       45806.8125    
  0.919999957       107268.547    
  0.930000007       7346.66797    
  0.939999998      -85011.4531    
  0.949999988      -40330.8555    
  0.959999979       43135.0469    
  0.969999969       47244.1602    
  0.979999959       4312.23438    
  0.989999950      -35490.4883    
   1.00000000      -37849.6328    
