   9.99999978E-03   7.51256570E-02
   1.99999996E-02   7.51256570E-02
   2.99999993E-02   4.24419232E-02
   3.99999991E-02   4.24419232E-02
   4.99999970E-02   2.21736617E-02
   5.99999987E-02   2.21736617E-02
   7.00000003E-02   1.06601696E-02
   7.99999982E-02   1.06601696E-02
   8.99999961E-02   4.69856150E-03
   9.99999940E-02   4.69856150E-03
  0.109999999       1.91584963E-03
  0.119999997       1.91584963E-03
  0.129999995       8.02977360E-04
  0.140000001       8.02977360E-04
  0.149999991       5.65002149E-04
  0.159999996       5.65002149E-04
  0.170000002       9.42213461E-04
  0.179999992       9.42213461E-04
  0.189999998       2.10302533E-03
  0.199999988       2.10302533E-03
  0.209999993       4.64507053E-03
  0.219999999       4.64507053E-03
  0.229999989       9.68774781E-03
  0.239999995       9.68774781E-03
  0.250000000       1.89972203E-02
  0.259999990       1.89972203E-02
  0.269999981       3.50488462E-02
  0.280000001       3.50488462E-02
  0.289999992       6.09099232E-02
  0.299999982       6.09099232E-02
  0.310000002       9.98405814E-02
  0.319999993       9.98405814E-02
  0.329999983      0.154586822    
  0.340000004      0.154586822    
  0.349999994      0.226475835    
  0.359999985      0.226475835    
  0.370000005      0.314575166    
  0.379999995      0.314575166    
  0.389999986      0.415260047    
  0.399999976      0.415260047    
  0.409999996      0.522470772    
  0.419999987      0.522470772    
  0.429999977      0.628715754    
  0.439999998      0.628715754    
  0.449999988      0.726572871    
  0.459999979      0.726572871    
  0.469999999      0.810211420    
  0.479999989      0.810211420    
  0.489999980      0.876425326    
  0.500000000      0.876425326    
  0.509999990      0.924874485    
  0.519999981      0.924874485    
  0.529999971      0.957558155    
  0.539999962      0.957558155    
  0.550000012      0.977826357    
  0.560000002      0.977826357    
  0.569999993      0.989339888    
  0.579999983      0.989339888    
  0.589999974      0.995301425    
  0.599999964      0.995301425    
  0.610000014      0.998084128    
  0.620000005      0.998084128    
  0.629999995      0.999197006    
  0.639999986      0.999197006    
  0.649999976      0.999435008    
  0.659999967      0.999435008    
  0.669999957      0.999057829    
  0.680000007      0.999057829    
  0.689999998      0.997897029    
  0.699999988      0.997897029    
  0.709999979      0.995355070    
  0.719999969      0.995355070    
  0.729999959      0.990312397    
  0.740000010      0.990312397    
  0.750000000      0.981002867    
  0.759999990      0.981002867    
  0.769999981      0.964951158    
  0.779999971      0.964951158    
  0.789999962      0.939090073    
  0.799999952      0.939090073    
  0.810000002      0.900159419    
  0.819999993      0.900159419    
  0.829999983      0.845413208    
  0.839999974      0.845413208    
  0.849999964      0.773524165    
  0.859999955      0.773524165    
  0.870000005      0.685424924    
  0.879999995      0.685424924    
  0.889999986      0.584740102    
  0.899999976      0.584740102    
  0.909999967      0.477529287    
  0.919999957      0.477529287    
  0.930000007      0.371284336    
  0.939999998      0.371284336    
  0.949999988      0.273427188    
  0.959999979      0.273427188    
  0.969999969      0.189788654    
  0.979999959      0.189788654    
  0.989999950      0.123574778    
   1.00000000      0.123574778    
