   9.99999978E-03  0.874786794    
   1.99999996E-02  0.837897599    
   2.99999993E-02  0.837897599    
   3.99999991E-02  0.794118583    
   4.99999970E-02  0.794118583    
   5.99999987E-02  0.743713498    
   7.00000003E-02  0.743713498    
   7.99999982E-02  0.687326729    
   8.99999961E-02  0.687326729    
   9.99999940E-02  0.626000702    
  0.109999999      0.626000702    
  0.119999997      0.561141849    
  0.129999995      0.561141849    
  0.140000001      0.494439334    
  0.149999991      0.494439334    
  0.159999996      0.427742749    
  0.170000002      0.427742749    
  0.179999992      0.362915725    
  0.189999998      0.362915725    
  0.199999988      0.301686972    
  0.209999993      0.301686972    
  0.219999999      0.245518699    
  0.229999989      0.245518699    
  0.239999995      0.195512280    
  0.250000000      0.195512280    
  0.259999990      0.152362347    
  0.269999981      0.152362347    
  0.280000001      0.116364062    
  0.289999992      0.116364062    
  0.299999982       8.74684379E-02
  0.310000002       8.74684379E-02
  0.319999993       6.53746054E-02
  0.329999983       6.53746054E-02
  0.340000004       4.96424325E-02
  0.349999994       4.96424325E-02
  0.359999985       3.98084000E-02
  0.370000005       3.98084000E-02
  0.379999995       3.54879126E-02
  0.389999986       3.54879126E-02
  0.399999976       3.64512242E-02
  0.409999996       3.64512242E-02
  0.419999987       4.26641926E-02
  0.429999977       4.26641926E-02
  0.439999998       5.42896986E-02
  0.449999988       5.42896986E-02
  0.459999979       7.16503859E-02
  0.469999999       7.16503859E-02
  0.479999989       9.51573178E-02
  0.489999980       9.51573178E-02
  0.500000000      0.125213295    
  0.509999990      0.125213295    
  0.519999981      0.162102535    
  0.529999971      0.162102535    
  0.539999962      0.205881521    
  0.550000012      0.205881521    
  0.560000002      0.256286591    
  0.569999993      0.256286591    
  0.579999983      0.312673271    
  0.589999974      0.312673271    
  0.599999964      0.373999387    
  0.610000014      0.373999387    
  0.620000005      0.438858271    
  0.629999995      0.438858271    
  0.639999986      0.505560696    
  0.649999976      0.505560696    
  0.659999967      0.572257400    
  0.669999957      0.572257400    
  0.680000007      0.637084424    
  0.689999998      0.637084424    
  0.699999988      0.698313236    
  0.709999979      0.698313236    
  0.719999969      0.754481435    
  0.729999959      0.754481435    
  0.740000010      0.804487884    
  0.750000000      0.804487884    
  0.759999990      0.847637832    
  0.769999981      0.847637832    
  0.779999971      0.883636117    
  0.789999962      0.883636117    
  0.799999952      0.912531674    
  0.810000002      0.912531674    
  0.819999993      0.934625447    
  0.829999983      0.934625447    
  0.839999974      0.950357497    
  0.849999964      0.950357497    
  0.859999955      0.960191488    
  0.870000005      0.960191488    
  0.879999995      0.964511991    
  0.889999986      0.964511991    
  0.899999976      0.963548660    
  0.909999967      0.963548660    
  0.919999957      0.957335770    
  0.930000007      0.957335770    
  0.939999998      0.945710301    
  0.949999988      0.945710301    
  0.959999979      0.928349614    
  0.969999969      0.928349614    
  0.979999959      0.904842675    
  0.989999950      0.904842675    
   1.00000000      0.874786794    
