   9.99999978E-03   34488020.0    
   1.99999996E-02   20713890.0    
   2.99999993E-02  -30433584.0    
   3.99999991E-02  -12257901.0    
   4.99999970E-02   23859360.0    
   5.99999987E-02  -5648890.00    
   7.00000003E-02  -15874355.0    
   7.99999982E-02   26982086.0    
   8.99999961E-02   6828249.00    
   9.99999940E-02  -45318472.0    
  0.109999999       3850360.00    
  0.119999997       56408540.0    
  0.129999995      -17001572.0    
  0.140000001      -59448220.0    
  0.149999991       32679408.0    
  0.159999996       56501024.0    
  0.170000002      -49552892.0    
  0.179999992      -50688372.0    
  0.189999998       65324560.0    
  0.199999988       44508712.0    
  0.209999993      -77893832.0    
  0.219999999      -39305336.0    
  0.229999989       86345032.0    
  0.239999995       35758888.0    
  0.250000000      -90978216.0    
  0.259999990      -34462976.0    
  0.269999981       92442000.0    
  0.280000001       35926768.0    
  0.289999992      -90810344.0    
  0.299999982      -40224220.0    
  0.310000002       85426160.0    
  0.319999993       46837664.0    
  0.329999983      -75564880.0    
  0.340000004      -54749032.0    
  0.349999994       61263880.0    
  0.359999985       62399360.0    
  0.370000005      -43654540.0    
  0.379999995      -67476160.0    
  0.389999986       24651452.0    
  0.399999976       67098088.0    
  0.409999996      -6311998.00    
  0.419999987      -58870152.0    
  0.429999977      -9701336.00    
  0.439999998       42445376.0    
  0.449999988       22291542.0    
  0.459999979      -20564904.0    
  0.469999999      -30790374.0    
  0.479999989      -1282122.00    
  0.489999980       34835140.0    
  0.500000000       16659455.0    
  0.509999990      -34488024.0    
  0.519999981      -20713888.0    
  0.529999971       30433586.0    
  0.539999962       12257896.0    
  0.550000012      -23859366.0    
  0.560000002       5648903.00    
  0.569999993       15874360.0    
  0.579999983      -26982104.0    
  0.589999974      -6828240.00    
  0.599999964       45318480.0    
  0.610000014      -3850358.00    
  0.620000005      -56408540.0    
  0.629999995       17001570.0    
  0.639999986       59448232.0    
  0.649999976      -32679422.0    
  0.659999967      -56501024.0    
  0.669999957       49552908.0    
  0.680000007       50688372.0    
  0.689999998      -65324580.0    
  0.699999988      -44508708.0    
  0.709999979       77893864.0    
  0.719999969       39305328.0    
  0.729999959      -86345056.0    
  0.740000010      -35758864.0    
  0.750000000       90978240.0    
  0.759999990       34462960.0    
  0.769999981      -92442016.0    
  0.779999971      -35926744.0    
  0.789999962       90810360.0    
  0.799999952       40224204.0    
  0.810000002      -85426168.0    
  0.819999993      -46837656.0    
  0.829999983       75564880.0    
  0.839999974       54749032.0    
  0.849999964      -61263864.0    
  0.859999955      -62399344.0    
  0.870000005       43654544.0    
  0.879999995       67476160.0    
  0.889999986      -24651436.0    
  0.899999976      -67098080.0    
  0.909999967       6311988.00    
  0.919999957       58870148.0    
  0.930000007       9701332.00    
  0.939999998      -42445368.0    
  0.949999988      -22291530.0    
  0.959999979       20564916.0    
  0.969999969       30790372.0    
  0.979999959       1282116.00    
  0.989999950      -34835144.0    
   1.00000000      -16659451.0    
