   9.99999978E-03  0.887508094    
   1.99999996E-02  0.853987694    
   2.99999993E-02  0.853987694    
   3.99999991E-02  0.813702881    
   4.99999970E-02  0.813702881    
   5.99999987E-02  0.766782165    
   7.00000003E-02  0.766782165    
   7.99999982E-02  0.713691056    
   8.99999961E-02  0.713691056    
   9.99999940E-02  0.655268133    
  0.109999999      0.655268133    
  0.119999997      0.592716396    
  0.129999995      0.592716396    
  0.140000001      0.527547300    
  0.149999991      0.527547300    
  0.159999996      0.461483538    
  0.170000002      0.461483538    
  0.179999992      0.396331280    
  0.189999998      0.396331280    
  0.199999988      0.333839595    
  0.209999993      0.333839595    
  0.219999999      0.275566667    
  0.229999989      0.275566667    
  0.239999995      0.222772256    
  0.250000000      0.222772256    
  0.259999990      0.176349699    
  0.269999981      0.176349699    
  0.280000001      0.136806279    
  0.289999992      0.136806279    
  0.299999982      0.104291573    
  0.310000002      0.104291573    
  0.319999993       7.86663294E-02
  0.329999983       7.86663294E-02
  0.340000004       5.95991276E-02
  0.349999994       5.95991276E-02
  0.359999985       4.66748402E-02
  0.370000005       4.66748402E-02
  0.379999995       3.94988433E-02
  0.389999986       3.94988433E-02
  0.399999976       3.77825685E-02
  0.409999996       3.77825685E-02
  0.419999987       4.13997956E-02
  0.429999977       4.13997956E-02
  0.439999998       5.04073128E-02
  0.449999988       5.04073128E-02
  0.459999979       6.50280565E-02
  0.469999999       6.50280565E-02
  0.479999989       8.55992436E-02
  0.489999980       8.55992436E-02
  0.500000000      0.112491988    
  0.509999990      0.112491988    
  0.519999981      0.146012440    
  0.529999971      0.146012440    
  0.539999962      0.186297238    
  0.550000012      0.186297238    
  0.560000002      0.233217970    
  0.569999993      0.233217970    
  0.579999983      0.286309093    
  0.589999974      0.286309093    
  0.599999964      0.344731987    
  0.610000014      0.344731987    
  0.620000005      0.407283723    
  0.629999995      0.407283723    
  0.639999986      0.472452819    
  0.649999976      0.472452819    
  0.659999967      0.538516641    
  0.669999957      0.538516641    
  0.680000007      0.603668928    
  0.689999998      0.603668928    
  0.699999988      0.666160643    
  0.709999979      0.666160643    
  0.719999969      0.724433601    
  0.729999959      0.724433601    
  0.740000010      0.777227938    
  0.750000000      0.777227938    
  0.759999990      0.823650479    
  0.769999981      0.823650479    
  0.779999971      0.863193929    
  0.789999962      0.863193929    
  0.799999952      0.895708561    
  0.810000002      0.895708561    
  0.819999993      0.921333730    
  0.829999983      0.921333730    
  0.839999974      0.940400839    
  0.849999964      0.940400839    
  0.859999955      0.953325033    
  0.870000005      0.953325033    
  0.879999995      0.960501075    
  0.889999986      0.960501075    
  0.899999976      0.962217331    
  0.909999967      0.962217331    
  0.919999957      0.958600104    
  0.930000007      0.958600104    
  0.939999998      0.949592710    
  0.949999988      0.949592710    
  0.959999979      0.934971929    
  0.969999969      0.934971929    
  0.979999959      0.914400816    
  0.989999950      0.914400816    
   1.00000000      0.887508094    
