   9.99999978E-03  -19081.1250    
   1.99999996E-02   1780021.88    
   2.99999993E-02   15165.1875    
   3.99999991E-02  -1227093.25    
   4.99999970E-02   519987.062    
   5.99999987E-02   317499.969    
   7.00000003E-02  -1274008.38    
   7.99999982E-02   706520.812    
   8.99999961E-02   1820182.00    
   9.99999940E-02  -1674583.12    
  0.109999999      -1841724.75    
  0.119999997       2528600.00    
  0.129999995       1279673.50    
  0.140000001      -3265538.00    
  0.149999991      -315539.750    
  0.159999996       3860060.50    
  0.170000002      -778837.250    
  0.179999992      -4256139.50    
  0.189999998       1795774.62    
  0.199999988       4430111.50    
  0.209999993      -2640742.00    
  0.219999999      -4440838.00    
  0.229999989       3279168.50    
  0.239999995       4403057.00    
  0.250000000      -3672658.25    
  0.259999990      -4415665.00    
  0.269999981       3773872.50    
  0.280000001       4516880.50    
  0.289999992      -3558835.25    
  0.299999982      -4682725.00    
  0.310000002       3037282.00    
  0.319999993       4837379.50    
  0.329999983      -2233472.25    
  0.340000004      -4867809.50    
  0.349999994       1184103.88    
  0.359999985       4661405.00    
  0.370000005       22507.0000    
  0.379999995      -4153093.00    
  0.389999986      -1203095.12    
  0.399999976       3342115.75    
  0.409999996       2093189.25    
  0.419999987      -2277135.00    
  0.429999977      -2444276.50    
  0.439999998       1050488.50    
  0.449999988       2164149.75    
  0.459999979       183621.062    
  0.469999999      -1407887.50    
  0.479999989      -1205400.50    
  0.489999980       541680.500    
  0.500000000       1783939.00    
  0.509999990       19081.8750    
  0.519999981      -1780020.75    
  0.529999971      -15163.9375    
  0.539999962       1227094.25    
  0.550000012      -519986.438    
  0.560000002      -317498.875    
  0.569999993       1274009.62    
  0.579999983      -706520.000    
  0.589999974      -1820181.50    
  0.599999964       1674584.62    
  0.610000014       1841726.00    
  0.620000005      -2528600.25    
  0.629999995      -1279672.62    
  0.639999986       3265540.25    
  0.649999976       315541.125    
  0.659999967      -3860060.50    
  0.669999957       778838.750    
  0.680000007       4256140.50    
  0.689999998      -1795775.00    
  0.699999988      -4430110.00    
  0.709999979       2640744.25    
  0.719999969       4440840.00    
  0.729999959      -3279169.00    
  0.740000010      -4403056.50    
  0.750000000       3672660.50    
  0.759999990       4415666.00    
  0.769999981      -3773873.25    
  0.779999971      -4516879.00    
  0.789999962       3558837.75    
  0.799999952       4682725.50    
  0.810000002      -3037281.75    
  0.819999993      -4837378.00    
  0.829999983       2233473.75    
  0.839999974       4867810.00    
  0.849999964      -1184102.00    
  0.859999955      -4661403.00    
  0.870000005      -22506.6250    
  0.879999995       4153093.50    
  0.889999986       1203096.00    
  0.899999976      -3342114.75    
  0.909999967      -2093188.38    
  0.919999957       2277136.00    
  0.930000007       2444277.50    
  0.939999998      -1050487.50    
  0.949999988      -2164149.00    
  0.959999979      -183619.812    
  0.969999969       1407888.88    
  0.979999959       1205401.50    
  0.989999950      -541679.750    
   1.00000000      -1783938.00    
