   9.99999978E-03   4.95463041E-07
   1.99999996E-02  -3.12367405E-07
   2.99999993E-02   2.77361687E-06
   3.99999991E-02  -1.84595920E-05
   4.99999970E-02   1.07623258E-04
   5.99999987E-02  -5.48565062E-04
   7.00000003E-02   2.43937224E-03
   7.99999982E-02  -9.42134857E-03
   8.99999961E-02   3.13614495E-02
   9.99999940E-02  -8.88502151E-02
  0.109999999      0.209755883    
  0.119999997     -0.396890402    
  0.129999995      0.551803291    
  0.140000001     -0.412887394    
  0.149999991     -0.299169630    
  0.159999996       1.37328601    
  0.170000002      -1.66696405    
  0.179999992      -7.42012858E-02
  0.189999998       2.87265730    
  0.199999988      -2.85057688    
  0.209999993      -1.83095121    
  0.219999999       5.31834126    
  0.229999989     -0.488224983    
  0.239999995      -6.55537415    
  0.250000000       2.41722631    
  0.259999990       7.12688351    
  0.269999981      -2.86749029    
  0.280000001      -7.57714748    
  0.289999992       1.39545393    
  0.299999982       7.46260166    
  0.310000002       1.65603566    
  0.319999993      -5.49325562    
  0.329999983      -4.47362947    
  0.340000004       1.24960399    
  0.349999994       4.19646311    
  0.359999985       2.60370111    
  0.370000005     -0.436549604    
  0.379999995      -2.10900545    
  0.389999986      -1.99528706    
  0.399999976      -1.03059590    
  0.409999996      -8.19022804E-02
  0.419999987      0.524743795    
  0.429999977      0.823349655    
  0.439999998      0.943561196    
  0.449999988      0.984344304    
  0.459999979      0.996205091    
  0.469999999      0.999192774    
  0.479999989      0.999849081    
  0.489999980      0.999975204    
  0.500000000      0.999996483    
  0.509999990      0.999999583    
  0.519999981       1.00000012    
  0.529999971      0.999997497    
  0.539999962       1.00001812    
  0.550000012      0.999892473    
  0.560000002       1.00054860    
  0.569999993      0.997560501    
  0.579999983       1.00942135    
  0.589999974      0.968638659    
  0.599999964       1.08885002    
  0.610000014      0.790243983    
  0.620000005       1.39689028    
  0.629999995      0.448197037    
  0.639999986       1.41288722    
  0.649999976       1.29916883    
  0.659999967     -0.373285055    
  0.669999957       2.66696477    
  0.680000007       1.07419980    
  0.689999998      -1.87265718    
  0.699999988       3.85057783    
  0.709999979       2.83095050    
  0.719999969      -4.31834030    
  0.729999959       1.48822546    
  0.740000010       7.55537319    
  0.750000000      -1.41722655    
  0.759999990      -6.12688255    
  0.769999981       3.86749053    
  0.779999971       8.57714653    
  0.789999962     -0.395454407    
  0.799999952      -6.46260262    
  0.810000002     -0.656035662    
  0.819999993       6.49325562    
  0.829999983       5.47362900    
  0.839999974     -0.249603748    
  0.849999964      -3.19646239    
  0.859999955      -1.60370052    
  0.870000005       1.43654883    
  0.879999995       3.10900450    
  0.889999986       2.99528694    
  0.899999976       2.03059626    
  0.909999967       1.08190250    
  0.919999957      0.475256264    
  0.930000007      0.176650196    
  0.939999998       5.64385355E-02
  0.949999988       1.56557430E-02
  0.959999979       3.79502331E-03
  0.969999969       8.07085948E-04
  0.979999959       1.50897511E-04
  0.989999950       2.48146553E-05
   1.00000000       3.58144734E-06
