   9.99999978E-03  -18.7150269    
   1.99999996E-02  -2.71384907    
   2.99999993E-02   4.37454700    
   3.99999991E-02  -6.11949825    
   4.99999970E-02   20.2702465    
   5.99999987E-02   2.68938875    
   7.00000003E-02  -19.9501877    
   7.99999982E-02   36.5758743    
   8.99999961E-02  -6.37103653    
   9.99999940E-02  -48.2131767    
  0.109999999       65.7344894    
  0.119999997       7.39041710    
  0.129999995      -105.624489    
  0.140000001       80.9836884    
  0.149999991       86.5555038    
  0.159999996      -174.228882    
  0.170000002      -5.16143036    
  0.179999992       232.181732    
  0.189999998      -109.834885    
  0.199999988      -242.074615    
  0.209999993       222.999146    
  0.219999999       218.454651    
  0.229999989      -310.842285    
  0.239999995      -188.171341    
  0.250000000       364.464386    
  0.259999990       175.418152    
  0.269999981      -381.872131    
  0.280000001      -192.825775    
  0.289999992       359.809967    
  0.299999982       237.138885    
  0.310000002      -292.158051    
  0.319999993      -287.613525    
  0.329999983       177.460251    
  0.340000004       309.699921    
  0.349999994      -32.3166962    
  0.359999985      -269.659851    
  0.370000005      -100.592430    
  0.379999995       160.191940    
  0.389999986       165.763763    
  0.399999976      -20.8444290    
  0.409999996      -133.859360    
  0.419999987      -75.5152817    
  0.429999977       38.4324036    
  0.439999998       80.2745514    
  0.449999988       37.3276329    
  0.459999979      -19.1984577    
  0.469999999      -41.8380356    
  0.479999989      -24.2571545    
  0.489999980       2.13259745    
  0.500000000       12.6266327    
  0.509999990       19.7150192    
  0.519999981       3.71384144    
  0.529999971      -3.37454915    
  0.539999962       7.11949635    
  0.550000012      -19.2702408    
  0.560000002      -1.68938494    
  0.569999993       20.9501648    
  0.579999983      -35.5758629    
  0.589999974       7.37106514    
  0.599999964       49.2131348    
  0.610000014      -64.7344971    
  0.620000005      -6.39035988    
  0.629999995       106.624451    
  0.639999986      -79.9837036    
  0.649999976      -85.5554886    
  0.659999967       175.228912    
  0.669999957       6.16141510    
  0.680000007      -231.181763    
  0.689999998       110.834923    
  0.699999988       243.074661    
  0.709999979      -221.999191    
  0.719999969      -217.454697    
  0.729999959       311.842377    
  0.740000010       189.171326    
  0.750000000      -363.464447    
  0.759999990      -174.418137    
  0.769999981       382.872131    
  0.779999971       193.825729    
  0.789999962      -358.809937    
  0.799999952      -236.138885    
  0.810000002       293.158051    
  0.819999993       288.613525    
  0.829999983      -176.460297    
  0.839999974      -308.699951    
  0.849999964       33.3167267    
  0.859999955       270.659851    
  0.870000005       101.592438    
  0.879999995      -159.191940    
  0.889999986      -164.763763    
  0.899999976       21.8444099    
  0.909999967       134.859329    
  0.919999957       76.5152740    
  0.930000007      -37.4323807    
  0.939999998      -79.2745361    
  0.949999988      -36.3276291    
  0.959999979       20.1984348    
  0.969999969       42.8380127    
  0.979999959       25.2571564    
  0.989999950      -1.13258266    
   1.00000000      -11.6266289    
