   9.99999978E-03  0.852728307    
   1.99999996E-02  0.810539722    
   2.99999993E-02  0.810539722    
   3.99999991E-02  0.761347532    
   4.99999970E-02  0.761347532    
   5.99999987E-02  0.705677569    
   7.00000003E-02  0.705677569    
   7.99999982E-02  0.644491136    
   8.99999961E-02  0.644491136    
   9.99999940E-02  0.579164743    
  0.109999999      0.579164743    
  0.119999997      0.511414349    
  0.129999995      0.511414349    
  0.140000001      0.443170458    
  0.149999991      0.443170458    
  0.159999996      0.376421064    
  0.170000002      0.376421064    
  0.179999992      0.313043922    
  0.189999998      0.313043922    
  0.199999988      0.254654706    
  0.209999993      0.254654706    
  0.219999999      0.202491164    
  0.229999989      0.202491164    
  0.239999995      0.157350630    
  0.250000000      0.157350630    
  0.259999990      0.119586863    
  0.269999981      0.119586863    
  0.280000001       8.91625583E-02
  0.289999992       8.91625583E-02
  0.299999982       6.57458231E-02
  0.310000002       6.57458231E-02
  0.319999993       4.88326475E-02
  0.329999983       4.88326475E-02
  0.340000004       3.78761105E-02
  0.349999994       3.78761105E-02
  0.359999985       3.24034430E-02
  0.370000005       3.24034430E-02
  0.379999995       3.21064182E-02
  0.389999986       3.21064182E-02
  0.399999976       3.68946753E-02
  0.409999996       3.68946753E-02
  0.419999987       4.69071865E-02
  0.429999977       4.69071865E-02
  0.439999998       6.24814220E-02
  0.449999988       6.24814220E-02
  0.459999979       8.40841308E-02
  0.469999999       8.40841308E-02
  0.479999989      0.112211742    
  0.489999980      0.112211742    
  0.500000000      0.147271797    
  0.509999990      0.147271797    
  0.519999981      0.189460412    
  0.529999971      0.189460412    
  0.539999962      0.238652512    
  0.550000012      0.238652512    
  0.560000002      0.294322371    
  0.569999993      0.294322371    
  0.579999983      0.355508864    
  0.589999974      0.355508864    
  0.599999964      0.420835316    
  0.610000014      0.420835316    
  0.620000005      0.488585770    
  0.629999995      0.488585770    
  0.639999986      0.556829631    
  0.649999976      0.556829631    
  0.659999967      0.623579144    
  0.669999957      0.623579144    
  0.680000007      0.686956286    
  0.689999998      0.686956286    
  0.699999988      0.745345473    
  0.709999979      0.745345473    
  0.719999969      0.797509015    
  0.729999959      0.797509015    
  0.740000010      0.842649579    
  0.750000000      0.842649579    
  0.759999990      0.880413294    
  0.769999981      0.880413294    
  0.779999971      0.910837531    
  0.789999962      0.910837531    
  0.799999952      0.934254169    
  0.810000002      0.934254169    
  0.819999993      0.951167345    
  0.829999983      0.951167345    
  0.839999974      0.962123752    
  0.849999964      0.962123752    
  0.859999955      0.967596412    
  0.870000005      0.967596412    
  0.879999995      0.967893541    
  0.889999986      0.967893541    
  0.899999976      0.963105261    
  0.909999967      0.963105261    
  0.919999957      0.953092813    
  0.930000007      0.953092813    
  0.939999998      0.937518597    
  0.949999988      0.937518597    
  0.959999979      0.915915787    
  0.969999969      0.915915787    
  0.979999959      0.887788296    
  0.989999950      0.887788296    
   1.00000000      0.852728307    
