   9.99999978E-03  0.562989235    
   1.99999996E-02  0.562989235    
   2.99999993E-02  0.483354777    
   3.99999991E-02  0.483354777    
   4.99999970E-02  0.404117018    
   5.99999987E-02  0.404117018    
   7.00000003E-02  0.328376442    
   7.99999982E-02  0.328376442    
   8.99999961E-02  0.258859485    
   9.99999940E-02  0.258859485    
  0.109999999      0.197626233    
  0.119999997      0.197626233    
  0.129999995      0.145897299    
  0.140000001      0.145897299    
  0.149999991      0.104024492    
  0.159999996      0.104024492    
  0.170000002       7.15969503E-02
  0.179999992       7.15969503E-02
  0.189999998       4.76467609E-02
  0.199999988       4.76467609E-02
  0.209999993       3.09042372E-02
  0.219999999       3.09042372E-02
  0.229999989       2.00530067E-02
  0.239999995       2.00530067E-02
  0.250000000       1.39470045E-02
  0.259999990       1.39470045E-02
  0.269999981       1.17687415E-02
  0.280000001       1.17687415E-02
  0.289999992       1.31237581E-02
  0.299999982       1.31237581E-02
  0.310000002       1.80757362E-02
  0.319999993       1.80757362E-02
  0.329999983       2.71290746E-02
  0.340000004       2.71290746E-02
  0.349999994       4.11629044E-02
  0.359999985       4.11629044E-02
  0.370000005       6.13168627E-02
  0.379999995       6.13168627E-02
  0.389999986       8.88285339E-02
  0.399999976       8.88285339E-02
  0.409999996      0.124828294    
  0.419999987      0.124828294    
  0.429999977      0.170108140    
  0.439999998      0.170108140    
  0.449999988      0.224895731    
  0.459999979      0.224895731    
  0.469999999      0.288674712    
  0.479999989      0.288674712    
  0.489999980      0.360095650    
  0.500000000      0.360095650    
  0.509999990      0.437010914    
  0.519999981      0.437010914    
  0.529999971      0.516645372    
  0.539999962      0.516645372    
  0.550000012      0.595883191    
  0.560000002      0.595883191    
  0.569999993      0.671623707    
  0.579999983      0.671623707    
  0.589999974      0.741140664    
  0.599999964      0.741140664    
  0.610000014      0.802373886    
  0.620000005      0.802373886    
  0.629999995      0.854102790    
  0.639999986      0.854102790    
  0.649999976      0.895975590    
  0.659999967      0.895975590    
  0.669999957      0.928403080    
  0.680000007      0.928403080    
  0.689999998      0.952353299    
  0.699999988      0.952353299    
  0.709999979      0.969095826    
  0.719999969      0.969095826    
  0.729999959      0.979947031    
  0.740000010      0.979947031    
  0.750000000      0.986052930    
  0.759999990      0.986052930    
  0.769999981      0.988231182    
  0.779999971      0.988231182    
  0.789999962      0.986876249    
  0.799999952      0.986876249    
  0.810000002      0.981924355    
  0.819999993      0.981924355    
  0.829999983      0.972870946    
  0.839999974      0.972870946    
  0.849999964      0.958837032    
  0.859999955      0.958837032    
  0.870000005      0.938683093    
  0.879999995      0.938683093    
  0.889999986      0.911171436    
  0.899999976      0.911171436    
  0.909999967      0.875171721    
  0.919999957      0.875171721    
  0.930000007      0.829891801    
  0.939999998      0.829891801    
  0.949999988      0.775104225    
  0.959999979      0.775104225    
  0.969999969      0.711325288    
  0.979999959      0.711325288    
  0.989999950      0.639904439    
   1.00000000      0.639904439    
