   9.99999978E-03  -449319.312    
   1.99999996E-02  -443994.406    
   2.99999993E-02   369873.781    
   3.99999991E-02   217338.219    
   4.99999970E-02  -304432.500    
   5.99999987E-02   202688.938    
   7.00000003E-02   226766.781    
   7.99999982E-02  -631055.938    
   8.99999961E-02  -74774.6406    
   9.99999940E-02   913155.125    
  0.109999999      -202805.312    
  0.119999997      -991660.062    
  0.129999995       599231.750    
  0.140000001       898578.000    
  0.149999991      -1042817.38    
  0.159999996      -698091.312    
  0.170000002       1440893.38    
  0.179999992       441073.812    
  0.189999998      -1736957.25    
  0.199999988      -163691.875    
  0.209999993       1931214.75    
  0.219999999      -93033.1875    
  0.229999989      -2054657.25    
  0.239999995       281188.625    
  0.250000000       2132799.25    
  0.259999990      -363100.750    
  0.269999981      -2173464.50    
  0.280000001       322435.375    
  0.289999992       2174046.25    
  0.299999982      -161798.875    
  0.310000002      -2123423.25    
  0.319999993      -99175.9375    
  0.329999983       1995730.00    
  0.340000004       422464.625    
  0.349999994      -1755566.12    
  0.359999985      -755746.750    
  0.370000005       1383237.75    
  0.379999995       1038511.38    
  0.389999986      -902883.500    
  0.399999976      -1202229.75    
  0.409999996       388662.125    
  0.419999987       1177516.75    
  0.429999977       61556.3125    
  0.439999998      -926373.250    
  0.449999988      -370091.969    
  0.459999979       487730.688    
  0.469999999       511808.688    
  0.479999989       4687.21875    
  0.489999980      -517083.719    
  0.500000000      -364547.938    
  0.509999990       449320.312    
  0.519999981       443995.312    
  0.529999971      -369872.812    
  0.539999962      -217337.094    
  0.550000012       304433.500    
  0.560000002      -202688.078    
  0.569999993      -226765.844    
  0.579999983       631057.062    
  0.589999974       74775.5781    
  0.599999964      -913154.250    
  0.610000014       202806.500    
  0.620000005       991661.375    
  0.629999995      -599231.125    
  0.639999986      -898577.250    
  0.649999976       1042818.62    
  0.659999967       698092.375    
  0.669999957      -1440892.62    
  0.680000007      -441072.625    
  0.689999998       1736958.75    
  0.699999988       163692.375    
  0.709999979      -1931214.00    
  0.719999969       93034.2500    
  0.729999959       2054658.50    
  0.740000010      -281187.875    
  0.750000000      -2132798.50    
  0.759999990       363102.125    
  0.769999981       2173466.00    
  0.779999971      -322434.688    
  0.789999962      -2174045.50    
  0.799999952       161800.312    
  0.810000002       2123424.50    
  0.819999993       99177.0000    
  0.829999983      -1995729.00    
  0.839999974      -422464.000    
  0.849999964       1755566.75    
  0.859999955       755747.625    
  0.870000005      -1383236.50    
  0.879999995      -1038510.50    
  0.889999986       902884.500    
  0.899999976       1202230.75    
  0.909999967      -388661.000    
  0.919999957      -1177515.75    
  0.930000007      -61555.2812    
  0.939999998       926374.438    
  0.949999988       370093.031    
  0.959999979      -487729.875    
  0.969999969      -511807.812    
  0.979999959      -4686.17188    
  0.989999950       517084.656    
   1.00000000       364548.969    
