   9.99999978E-03  0.818712354    
   1.99999996E-02  0.818712354    
   2.99999993E-02  0.770200789    
   3.99999991E-02  0.770200789    
   4.99999970E-02  0.714963377    
   5.99999987E-02  0.714963377    
   7.00000003E-02  0.653912604    
   7.99999982E-02  0.653912604    
   8.99999961E-02  0.588403165    
   9.99999940E-02  0.588403165    
  0.109999999      0.520159364    
  0.119999997      0.520159364    
  0.129999995      0.451150596    
  0.140000001      0.451150596    
  0.149999991      0.383428395    
  0.159999996      0.383428395    
  0.170000002      0.318949610    
  0.179999992      0.318949610    
  0.189999998      0.259412825    
  0.199999988      0.259412825    
  0.209999993      0.206131160    
  0.219999999      0.206131160    
  0.229999989      0.159959972    
  0.239999995      0.159959972    
  0.250000000      0.121287547    
  0.259999990      0.121287547    
  0.269999981       9.00856555E-02
  0.280000001       9.00856555E-02
  0.289999992       6.60078153E-02
  0.299999982       6.60078153E-02
  0.310000002       4.85170558E-02
  0.319999993       4.85170558E-02
  0.329999983       3.70219238E-02
  0.340000004       3.70219238E-02
  0.349999994       3.10015362E-02
  0.359999985       3.10015362E-02
  0.370000005       3.01034749E-02
  0.379999995       3.01034749E-02
  0.389999986       3.42039876E-02
  0.399999976       3.42039876E-02
  0.409999996       4.34249043E-02
  0.419999987       4.34249043E-02
  0.429999977       5.81065714E-02
  0.439999998       5.81065714E-02
  0.449999988       7.87403882E-02
  0.459999979       7.87403882E-02
  0.469999999      0.105868347    
  0.479999989      0.105868347    
  0.489999980      0.139960885    
  0.500000000      0.139960885    
  0.509999990      0.181287721    
  0.519999981      0.181287721    
  0.529999971      0.229799211    
  0.539999962      0.229799211    
  0.550000012      0.285036653    
  0.560000002      0.285036653    
  0.569999993      0.346087396    
  0.579999983      0.346087396    
  0.589999974      0.411596954    
  0.599999964      0.411596954    
  0.610000014      0.479840785    
  0.620000005      0.479840785    
  0.629999995      0.548849523    
  0.639999986      0.548849523    
  0.649999976      0.616571784    
  0.659999967      0.616571784    
  0.669999957      0.681050539    
  0.680000007      0.681050539    
  0.689999998      0.740587354    
  0.699999988      0.740587354    
  0.709999979      0.793869078    
  0.719999969      0.793869078    
  0.729999959      0.840040207    
  0.740000010      0.840040207    
  0.750000000      0.878712654    
  0.759999990      0.878712654    
  0.769999981      0.909914494    
  0.779999971      0.909914494    
  0.789999962      0.933992207    
  0.799999952      0.933992207    
  0.810000002      0.951482952    
  0.819999993      0.951482952    
  0.829999983      0.962978005    
  0.839999974      0.962978005    
  0.849999964      0.968998373    
  0.859999955      0.968998373    
  0.870000005      0.969896495    
  0.879999995      0.969896495    
  0.889999986      0.965795934    
  0.899999976      0.965795934    
  0.909999967      0.956575096    
  0.919999957      0.956575096    
  0.930000007      0.941893399    
  0.939999998      0.941893399    
  0.949999988      0.921259582    
  0.959999979      0.921259582    
  0.969999969      0.894131660    
  0.979999959      0.894131660    
  0.989999950      0.860039175    
   1.00000000      0.860039175    
