   9.99999978E-03  -52933.2734    
   1.99999996E-02   41093.1680    
   2.99999993E-02   40601.1484    
   3.99999991E-02  -33050.6016    
   4.99999970E-02   7626.88672    
   5.99999987E-02   26659.3555    
   7.00000003E-02  -64290.6758    
   7.99999982E-02  -9903.91406    
   8.99999961E-02   102130.703    
   9.99999940E-02  -27800.5938    
  0.109999999      -108841.453    
  0.119999997       84812.6719    
  0.129999995       87414.1562    
  0.140000001      -146559.156    
  0.149999991      -46461.3516    
  0.159999996       196260.344    
  0.170000002      -6617.23438    
  0.179999992      -226313.688    
  0.189999998       64739.7500    
  0.199999988       239847.781    
  0.209999993      -118973.016    
  0.219999999      -244038.578    
  0.229999989       160858.984    
  0.239999995       244954.250    
  0.250000000      -185607.219    
  0.259999990      -247075.875    
  0.269999981       191525.828    
  0.280000001       252994.469    
  0.289999992      -177566.875    
  0.299999982      -261662.109    
  0.310000002       143235.344    
  0.319999993       268300.844    
  0.329999983      -90519.7969    
  0.340000004      -265627.750    
  0.349999994       25425.6094    
  0.359999985       245121.969    
  0.370000005       42244.3750    
  0.379999995      -200477.281    
  0.389999986      -100379.461    
  0.399999976       133593.859    
  0.409999996       136195.344    
  0.419999987      -57458.7891    
  0.429999977      -138499.625    
  0.439999998      -8568.32422    
  0.449999988       103466.312    
  0.459999979       49079.5625    
  0.469999999      -41870.4766    
  0.479999989      -60902.9766    
  0.489999980      -20225.4766    
  0.500000000       53426.3047    
  0.509999990       52934.2695    
  0.519999981      -41092.1719    
  0.529999971      -40600.1406    
  0.539999962       33051.6016    
  0.550000012      -7625.89453    
  0.560000002      -26658.3477    
  0.569999993       64291.6953    
  0.579999983       9904.89844    
  0.589999974      -102129.734    
  0.599999964       27801.6406    
  0.610000014       108842.484    
  0.620000005      -84811.7031    
  0.629999995      -87413.1953    
  0.639999986       146560.188    
  0.649999976       46462.3594    
  0.659999967      -196259.406    
  0.669999957       6618.27344    
  0.680000007       226314.719    
  0.689999998      -64738.7500    
  0.699999988      -239846.750    
  0.709999979       118974.078    
  0.719999969       244039.562    
  0.729999959      -160858.031    
  0.740000010      -244953.188    
  0.750000000       185608.250    
  0.759999990       247076.828    
  0.769999981      -191524.875    
  0.779999971      -252993.500    
  0.789999962       177567.875    
  0.799999952       261663.125    
  0.810000002      -143234.359    
  0.819999993      -268299.875    
  0.829999983       90520.8047    
  0.839999974       265628.781    
  0.849999964      -25424.5781    
  0.859999955      -245121.000    
  0.870000005      -42243.4219    
  0.879999995       200478.297    
  0.889999986       100380.477    
  0.899999976      -133592.859    
  0.909999967      -136194.328    
  0.919999957       57459.8047    
  0.930000007       138500.641    
  0.939999998       8569.32031    
  0.949999988      -103465.328    
  0.959999979      -49078.5508    
  0.969999969       41871.4844    
  0.979999959       60903.9688    
  0.989999950       20226.4746    
   1.00000000      -53425.3047    
