   9.99999978E-03  0.617920160    
   1.99999996E-02  0.617920160    
   2.99999993E-02  0.542050838    
   3.99999991E-02  0.542050838    
   4.99999970E-02  0.464375347    
   5.99999987E-02  0.464375347    
   7.00000003E-02  0.387794942    
   7.99999982E-02  0.387794942    
   8.99999961E-02  0.315117270    
   9.99999940E-02  0.315117270    
  0.109999999      0.248751491    
  0.119999997      0.248751491    
  0.129999995      0.190471396    
  0.140000001      0.190471396    
  0.149999991      0.141286969    
  0.159999996      0.141286969    
  0.170000002      0.101439200    
  0.179999992      0.101439200    
  0.189999998       7.05079734E-02
  0.199999988       7.05079734E-02
  0.209999993       4.76009585E-02
  0.219999999       4.76009585E-02
  0.229999989       3.15817147E-02
  0.239999995       3.15817147E-02
  0.250000000       2.12957896E-02
  0.259999990       2.12957896E-02
  0.269999981       1.57631394E-02
  0.280000001       1.57631394E-02
  0.289999992       1.43185332E-02
  0.299999982       1.43185332E-02
  0.310000002       1.66937485E-02
  0.319999993       1.66937485E-02
  0.329999983       2.30427925E-02
  0.340000004       2.30427925E-02
  0.349999994       3.39141488E-02
  0.359999985       3.39141488E-02
  0.370000005       5.01732826E-02
  0.379999995       5.01732826E-02
  0.389999986       7.28780180E-02
  0.399999976       7.28780180E-02
  0.409999996      0.103111364    
  0.419999987      0.103111364    
  0.429999977      0.141782835    
  0.439999998      0.141782835    
  0.449999988      0.189418957    
  0.459999979      0.189418957    
  0.469999999      0.245973557    
  0.479999989      0.245973557    
  0.489999980      0.310694337    
  0.500000000      0.310694337    
  0.509999990      0.382079929    
  0.519999981      0.382079929    
  0.529999971      0.457949311    
  0.539999962      0.457949311    
  0.550000012      0.535624862    
  0.560000002      0.535624862    
  0.569999993      0.612205267    
  0.579999983      0.612205267    
  0.589999974      0.684882879    
  0.599999964      0.684882879    
  0.610000014      0.751248717    
  0.620000005      0.751248717    
  0.629999995      0.809528828    
  0.639999986      0.809528828    
  0.649999976      0.858713150    
  0.659999967      0.858713150    
  0.669999957      0.898560941    
  0.680000007      0.898560941    
  0.689999998      0.929492116    
  0.699999988      0.929492116    
  0.709999979      0.952399075    
  0.719999969      0.952399075    
  0.729999959      0.968418300    
  0.740000010      0.968418300    
  0.750000000      0.978704214    
  0.759999990      0.978704214    
  0.769999981      0.984236836    
  0.779999971      0.984236836    
  0.789999962      0.985681415    
  0.799999952      0.985681415    
  0.810000002      0.983306229    
  0.819999993      0.983306229    
  0.829999983      0.976957202    
  0.839999974      0.976957202    
  0.849999964      0.966085851    
  0.859999955      0.966085851    
  0.870000005      0.949826658    
  0.879999995      0.949826658    
  0.889999986      0.927121818    
  0.899999976      0.927121818    
  0.909999967      0.896888494    
  0.919999957      0.896888494    
  0.930000007      0.858217061    
  0.939999998      0.858217061    
  0.949999988      0.810580969    
  0.959999979      0.810580969    
  0.969999969      0.754026413    
  0.979999959      0.754026413    
  0.989999950      0.689305663    
   1.00000000      0.689305663    
