   9.99999978E-03  -66694680.0    
   1.99999996E-02   23864620.0    
   2.99999993E-02   59349728.0    
   3.99999991E-02  -25295752.0    
   4.99999970E-02  -33835160.0    
   5.99999987E-02   34141668.0    
   7.00000003E-02  -2470788.00    
   7.99999982E-02  -45536544.0    
   8.99999961E-02   40494940.0    
   9.99999940E-02   52869248.0    
  0.109999999      -73192328.0    
  0.119999997      -50541432.0    
  0.129999995       97708992.0    
  0.140000001       36495696.0    
  0.149999991      -114980568.    
  0.159999996      -13098560.0    
  0.170000002       127470032.    
  0.179999992      -14190652.0    
  0.189999998      -136942064.    
  0.199999988       39513588.0    
  0.209999993       143846608.    
  0.219999999      -58941600.0    
  0.229999989      -148246048.    
  0.239999995       71114408.0    
  0.250000000       150803872.    
  0.259999990      -76205352.0    
  0.269999981      -152600336.    
  0.280000001       74408864.0    
  0.289999992       154098368.    
  0.299999982      -65262112.0    
  0.310000002      -154566608.    
  0.319999993       48221600.0    
  0.329999983       152554608.    
  0.340000004      -23901032.0    
  0.349999994      -146652416.    
  0.359999985      -4991776.00    
  0.370000005       135576784.    
  0.379999995       33694816.0    
  0.389999986      -117781408.    
  0.399999976      -56568124.0    
  0.409999996       91682272.0    
  0.419999987       69031392.0    
  0.429999977      -57030136.0    
  0.439999998      -69404440.0    
  0.449999988       16627032.0    
  0.459999979       59692780.0    
  0.469999999       23080326.0    
  0.479999989      -44896504.0    
  0.489999980      -53435916.0    
  0.500000000       31209584.0    
  0.509999990       66694684.0    
  0.519999981      -23864628.0    
  0.529999971      -59349732.0    
  0.539999962       25295770.0    
  0.550000012       33835156.0    
  0.560000002      -34141684.0    
  0.569999993       2470811.00    
  0.579999983       45536552.0    
  0.589999974      -40494956.0    
  0.599999964      -52869256.0    
  0.610000014       73192320.0    
  0.620000005       50541448.0    
  0.629999995      -97709008.0    
  0.639999986      -36495692.0    
  0.649999976       114980584.    
  0.659999967       13098544.0    
  0.669999957      -127470048.    
  0.680000007       14190680.0    
  0.689999998       136942080.    
  0.699999988      -39513636.0    
  0.709999979      -143846624.    
  0.719999969       58941640.0    
  0.729999959       148246080.    
  0.740000010      -71114456.0    
  0.750000000      -150803872.    
  0.759999990       76205400.0    
  0.769999981       152600336.    
  0.779999971      -74408936.0    
  0.789999962      -154098352.    
  0.799999952       65262160.0    
  0.810000002       154566592.    
  0.819999993      -48221608.0    
  0.829999983      -152554592.    
  0.839999974       23901028.0    
  0.849999964       146652416.    
  0.859999955       4991776.00    
  0.870000005      -135576768.    
  0.879999995      -33694800.0    
  0.889999986       117781400.    
  0.899999976       56568136.0    
  0.909999967      -91682240.0    
  0.919999957      -69031384.0    
  0.930000007       57030136.0    
  0.939999998       69404432.0    
  0.949999988      -16627032.0    
  0.959999979      -59692768.0    
  0.969999969      -23080308.0    
  0.979999959       44896520.0    
  0.989999950       53435908.0    
   1.00000000      -31209580.0    
