   9.99999978E-03  -89774.1250    
   1.99999996E-02  -16215.4336    
   2.99999993E-02   69766.2422    
   3.99999991E-02  -8197.61133    
   4.99999970E-02  -24662.0469    
   5.99999987E-02   56601.0625    
   7.00000003E-02  -31112.8594    
   7.99999982E-02  -91947.9375    
   8.99999961E-02   87491.9531    
   9.99999940E-02   85842.3594    
  0.109999999      -139696.344    
  0.119999997      -34814.1992    
  0.129999995       182466.875    
  0.140000001      -43734.4531    
  0.149999991      -207013.625    
  0.159999996       128501.188    
  0.170000002       206639.344    
  0.179999992      -206446.219    
  0.189999998      -184282.844    
  0.199999988       272326.156    
  0.209999993       151941.703    
  0.219999999      -323149.625    
  0.229999989      -122781.062    
  0.239999995       356873.438    
  0.250000000       105632.797    
  0.259999990      -373636.094    
  0.269999981      -105148.445    
  0.280000001       374120.375    
  0.289999992       122879.828    
  0.299999982      -356774.500    
  0.310000002      -156405.953    
  0.319999993       318685.188    
  0.329999983       198300.797    
  0.340000004      -258308.047    
  0.349999994      -236144.656    
  0.359999985       176940.781    
  0.370000005       255078.844    
  0.379999995      -80435.9531    
  0.389999986      -243715.125    
  0.399999976      -17513.7812    
  0.409999996       199767.297    
  0.419999987       94885.1406    
  0.429999977      -130653.547    
  0.439999998      -129003.953    
  0.449999988       50435.9531    
  0.459999979       111271.055    
  0.469999999       23557.1543    
  0.479999989      -57705.9883    
  0.489999980      -74170.4453    
  0.500000000       3793.44531    
  0.509999990       89775.1250    
  0.519999981       16216.4219    
  0.529999971      -69765.2344    
  0.539999962       8198.61914    
  0.550000012       24663.0391    
  0.560000002      -56600.0703    
  0.569999993       31113.8828    
  0.579999983       91948.9609    
  0.589999974      -87491.0000    
  0.599999964      -85841.3438    
  0.610000014       139697.406    
  0.620000005       34815.2188    
  0.629999995      -182465.938    
  0.639999986       43735.4375    
  0.649999976       207014.672    
  0.659999967      -128500.266    
  0.669999957      -206638.344    
  0.680000007       206447.250    
  0.689999998       184283.844    
  0.699999988      -272325.188    
  0.709999979      -151940.641    
  0.719999969       323150.688    
  0.729999959       122782.000    
  0.740000010      -356872.406    
  0.750000000      -105631.719    
  0.759999990       373637.125    
  0.769999981       105149.406    
  0.779999971      -374119.438    
  0.789999962      -122878.875    
  0.799999952       356775.531    
  0.810000002       156406.984    
  0.819999993      -318684.219    
  0.829999983      -198299.781    
  0.839999974       258309.062    
  0.849999964       236145.719    
  0.859999955      -176939.750    
  0.870000005      -255077.906    
  0.879999995       80436.9375    
  0.889999986       243716.125    
  0.899999976       17514.7812    
  0.909999967      -199766.312    
  0.919999957      -94884.1250    
  0.930000007       130654.578    
  0.939999998       129004.969    
  0.949999988      -50434.9688    
  0.959999979      -111270.055    
  0.969999969      -23556.1367    
  0.979999959       57706.9844    
  0.989999950       74171.4375    
   1.00000000      -3792.44531    
