   9.99999978E-03  -5454.67871    
   1.99999996E-02  -18690.9160    
   2.99999993E-02   4076.38428    
   3.99999991E-02   7626.09180    
   4.99999970E-02  -9175.05469    
   5.99999987E-02   9465.41602    
   7.00000003E-02   13067.3955    
   7.99999982E-02  -24933.8320    
   8.99999961E-02  -7461.12500    
   9.99999940E-02   34227.5977    
  0.109999999      -9554.18164    
  0.119999997      -35999.7891    
  0.129999995       32590.6055    
  0.140000001       29910.2988    
  0.149999991      -54168.8438    
  0.159999996      -16147.3438    
  0.170000002       70077.7031    
  0.179999992      -3029.87695    
  0.189999998      -79958.5859    
  0.199999988       23325.2676    
  0.209999993       85058.5859    
  0.219999999      -40678.4258    
  0.229999989      -87046.3125    
  0.239999995       52801.4727    
  0.250000000       88004.5000    
  0.259999990      -58476.7188    
  0.269999981      -89600.3594    
  0.280000001       56880.8672    
  0.289999992       92083.8984    
  0.299999982      -47763.8438    
  0.310000002      -94131.7188    
  0.319999993       31605.2520    
  0.329999983       93338.5312    
  0.340000004      -9945.30469    
  0.349999994      -86873.9844    
  0.359999985      -13766.4102    
  0.370000005       72458.6250    
  0.379999995       34437.1172    
  0.389999986      -49642.0273    
  0.399999976      -46961.7070    
  0.409999996       21628.6992    
  0.419999987       48074.3086    
  0.429999977       4292.52344    
  0.439999998      -37396.2031    
  0.449999988      -19923.4961    
  0.459999979       18077.7305    
  0.469999999       21679.7188    
  0.479999989       3039.24414    
  0.489999980      -13761.9160    
  0.500000000      -17311.6250    
  0.509999990       5455.68164    
  0.519999981       18691.9141    
  0.529999971      -4075.38477    
  0.539999962      -7625.09082    
  0.550000012       9176.05273    
  0.560000002      -9464.42188    
  0.569999993      -13066.3906    
  0.579999983       24934.8398    
  0.589999974       7462.11914    
  0.599999964      -34226.6094    
  0.610000014       9555.19336    
  0.620000005       36000.8047    
  0.629999995      -32589.6250    
  0.639999986      -29909.3047    
  0.649999976       54169.8516    
  0.659999967       16148.3477    
  0.669999957      -70076.7109    
  0.680000007       3030.88477    
  0.689999998       79959.5859    
  0.699999988      -23324.2969    
  0.709999979      -85057.5781    
  0.719999969       40679.4453    
  0.729999959       87047.3125    
  0.740000010      -52800.4883    
  0.750000000      -88003.5000    
  0.759999990       58477.7266    
  0.769999981       89601.3438    
  0.779999971      -56879.8555    
  0.789999962      -92082.8906    
  0.799999952       47764.8516    
  0.810000002       94132.7344    
  0.819999993      -31604.2559    
  0.829999983      -93337.5547    
  0.839999974       9946.29688    
  0.849999964       86874.9844    
  0.859999955       13767.4219    
  0.870000005      -72457.6250    
  0.879999995      -34436.1250    
  0.889999986       49643.0273    
  0.899999976       46962.7109    
  0.909999967      -21627.7051    
  0.919999957      -48073.3047    
  0.930000007      -4291.51562    
  0.939999998       37397.2031    
  0.949999988       19924.4961    
  0.959999979      -18076.7363    
  0.969999969      -21678.7168    
  0.979999959      -3038.24414    
  0.989999950       13762.9131    
   1.00000000       17312.6250    
