   9.99999978E-03  0.121704496    
   1.99999996E-02  0.121704496    
   2.99999993E-02   7.58161396E-02
   3.99999991E-02   7.58161396E-02
   4.99999970E-02   4.42271642E-02
   5.99999987E-02   4.42271642E-02
   7.00000003E-02   2.40666643E-02
   7.99999982E-02   2.40666643E-02
   8.99999961E-02   1.21745588E-02
   9.99999940E-02   1.21745588E-02
  0.109999999       5.72607061E-03
  0.119999997       5.72607061E-03
  0.129999995       2.56452081E-03
  0.140000001       2.56452081E-03
  0.149999991       1.27566326E-03
  0.159999996       1.27566326E-03
  0.170000002       1.11075758E-03
  0.179999992       1.11075758E-03
  0.189999998       1.87434396E-03
  0.199999988       1.87434396E-03
  0.209999993       3.85711063E-03
  0.219999999       3.85711063E-03
  0.229999989       7.84232374E-03
  0.239999995       7.84232374E-03
  0.250000000       1.51645169E-02
  0.259999990       1.51645169E-02
  0.269999981       2.77590677E-02
  0.280000001       2.77590677E-02
  0.289999992       4.81160283E-02
  0.299999982       4.81160283E-02
  0.310000002       7.90510252E-02
  0.319999993       7.90510252E-02
  0.329999983      0.123243958    
  0.340000004      0.123243958    
  0.349999994      0.182577074    
  0.359999985      0.182577074    
  0.370000005      0.257411629    
  0.379999995      0.257411629    
  0.389999986      0.346031487    
  0.399999976      0.346031487    
  0.409999996      0.444498003    
  0.419999987      0.444498003    
  0.429999977      0.547067285    
  0.439999998      0.547067285    
  0.449999988      0.647134840    
  0.459999979      0.647134840    
  0.469999999      0.738466382    
  0.479999989      0.738466382    
  0.489999980      0.816345930    
  0.500000000      0.816345930    
  0.509999990      0.878295541    
  0.519999981      0.878295541    
  0.529999971      0.924183905    
  0.539999962      0.924183905    
  0.550000012      0.955772877    
  0.560000002      0.955772877    
  0.569999993      0.975933373    
  0.579999983      0.975933373    
  0.589999974      0.987825453    
  0.599999964      0.987825453    
  0.610000014      0.994273901    
  0.620000005      0.994273901    
  0.629999995      0.997435510    
  0.639999986      0.997435510    
  0.649999976      0.998724282    
  0.659999967      0.998724282    
  0.669999957      0.998889208    
  0.680000007      0.998889208    
  0.689999998      0.998125732    
  0.699999988      0.998125732    
  0.709999979      0.996142983    
  0.719999969      0.996142983    
  0.729999959      0.992157698    
  0.740000010      0.992157698    
  0.750000000      0.984835565    
  0.759999990      0.984835565    
  0.769999981      0.972241044    
  0.779999971      0.972241044    
  0.789999962      0.951883972    
  0.799999952      0.951883972    
  0.810000002      0.920948863    
  0.819999993      0.920948863    
  0.829999983      0.876755953    
  0.839999974      0.876755953    
  0.849999964      0.817422926    
  0.859999955      0.817422926    
  0.870000005      0.742588460    
  0.879999995      0.742588460    
  0.889999986      0.653968632    
  0.899999976      0.653968632    
  0.909999967      0.555502057    
  0.919999957      0.555502057    
  0.930000007      0.452932805    
  0.939999998      0.452932805    
  0.949999988      0.352865189    
  0.959999979      0.352865189    
  0.969999969      0.261533648    
  0.979999959      0.261533648    
  0.989999950      0.183654100    
   1.00000000      0.183654100    
