   9.99999978E-03  -247183.469    
   1.99999996E-02  -648792.688    
   2.99999993E-02   204540.625    
   3.99999991E-02   385914.781    
   4.99999970E-02  -300770.188    
   5.99999987E-02   69889.1250    
   7.00000003E-02   435203.000    
   7.99999982E-02  -555670.562    
   8.99999961E-02  -460827.375    
   9.99999940E-02   945162.812    
  0.109999999       273398.500    
  0.119999997      -1192169.38    
  0.129999995       126672.250    
  0.140000001       1309090.25    
  0.149999991      -643650.062    
  0.159999996      -1319019.00    
  0.170000002       1156102.12    
  0.179999992       1235536.50    
  0.189999998      -1585765.88    
  0.199999988      -1080734.88    
  0.209999993       1913550.12    
  0.219999999       903434.812    
  0.229999989      -2148212.75    
  0.239999995      -765675.500    
  0.250000000       2293871.50    
  0.259999990       713465.250    
  0.269999981      -2344848.50    
  0.280000001      -764442.375    
  0.289999992       2295104.75    
  0.299999982       912568.500    
  0.310000002      -2139079.00    
  0.319999993      -1128964.25    
  0.329999983       1865319.88    
  0.340000004       1360288.62    
  0.349999994      -1461013.25    
  0.359999985      -1540447.75    
  0.370000005       934673.250    
  0.379999995       1610041.75    
  0.389999986      -342698.250    
  0.399999976      -1525116.12    
  0.409999996      -206274.500    
  0.419999987       1259293.25    
  0.429999977       587528.812    
  0.439999998      -818461.188    
  0.449999988      -723618.000    
  0.459999979       267255.531    
  0.469999999       632569.562    
  0.479999989       261910.312    
  0.489999980      -424774.938    
  0.500000000      -606148.938    
  0.509999990       247184.500    
  0.519999981       648793.625    
  0.529999971      -204539.719    
  0.539999962      -385913.688    
  0.550000012       300771.250    
  0.560000002      -69888.2344    
  0.569999993      -435202.125    
  0.579999983       555671.688    
  0.589999974       460828.375    
  0.599999964      -945162.000    
  0.610000014      -273397.406    
  0.620000005       1192170.75    
  0.629999995      -126671.469    
  0.639999986      -1309089.75    
  0.649999976       643651.250    
  0.659999967       1319020.25    
  0.669999957      -1156101.38    
  0.680000007      -1235535.50    
  0.689999998       1585767.50    
  0.699999988       1080735.50    
  0.709999979      -1913549.50    
  0.719999969      -903433.875    
  0.729999959       2148214.00    
  0.740000010       765676.375    
  0.750000000      -2293871.00    
  0.759999990      -713464.000    
  0.769999981       2344850.25    
  0.779999971       764443.188    
  0.789999962      -2295104.25    
  0.799999952      -912567.188    
  0.810000002       2139080.25    
  0.819999993       1128965.38    
  0.829999983      -1865318.75    
  0.839999974      -1360288.00    
  0.849999964       1461013.88    
  0.859999955       1540448.50    
  0.870000005      -934672.000    
  0.879999995      -1610040.75    
  0.889999986       342699.188    
  0.899999976       1525117.12    
  0.909999967       206275.625    
  0.919999957      -1259292.12    
  0.930000007      -587527.875    
  0.939999998       818462.375    
  0.949999988       723619.125    
  0.959999979      -267254.656    
  0.969999969      -632568.750    
  0.979999959      -261909.297    
  0.989999950       424775.875    
   1.00000000       606150.000    
