   9.99999978E-03   1.60549426    
   1.99999996E-02  0.176211655    
   2.99999993E-02  0.944644690    
   3.99999991E-02 -0.594047427    
   4.99999970E-02  0.194720536    
   5.99999987E-02   1.15282893    
   7.00000003E-02  -2.74372673    
   7.99999982E-02   3.06937671    
   8.99999961E-02 -0.217103004    
   9.99999940E-02  -5.38404846    
  0.109999999       8.67074871    
  0.119999997      -2.84816122    
  0.129999995      -10.9143372    
  0.140000001       17.4357624    
  0.149999991      -1.40198994    
  0.159999996      -25.0893860    
  0.170000002       23.4764481    
  0.179999992       17.7861328    
  0.189999998      -43.9038849    
  0.199999988       1.50037956    
  0.209999993       55.4987183    
  0.219999999      -23.9946499    
  0.229999989      -58.9041862    
  0.239999995       41.9195175    
  0.250000000       59.2777100    
  0.259999990      -50.8935928    
  0.269999981      -61.3709526    
  0.280000001       48.8003578    
  0.289999992       66.1585236    
  0.299999982      -34.6651840    
  0.310000002      -69.5747070    
  0.319999993       9.91865349    
  0.329999983       63.9169769    
  0.340000004       18.5127201    
  0.349999994      -43.1772995    
  0.359999985      -37.4869881    
  0.370000005       11.0788422    
  0.379999995       34.7662392    
  0.389999986       15.9284878    
  0.399999976      -12.4216166    
  0.409999996      -20.4877930    
  0.419999987      -8.96888161    
  0.429999977       5.08591747    
  0.439999998       10.2528620    
  0.449999988       6.96637964    
  0.459999979       1.15327215    
  0.469999999      -2.74328160    
  0.479999989      -3.70138550    
  0.489999980      -2.91261816    
  0.500000000      -1.37392759    
  0.509999990     -0.605493665    
  0.519999981      0.823787630    
  0.529999971       5.53554744E-02
  0.539999962       1.59404802    
  0.550000012      0.805279076    
  0.560000002     -0.152829409    
  0.569999993       3.74372649    
  0.579999983      -2.06937551    
  0.589999974       1.21710324    
  0.599999964       6.38404322    
  0.610000014      -7.67074442    
  0.620000005       3.84816742    
  0.629999995       11.9143257    
  0.639999986      -16.4357643    
  0.649999976       2.40200424    
  0.659999967       26.0893784    
  0.669999957      -22.4764519    
  0.680000007      -16.7861290    
  0.689999998       44.9038887    
  0.699999988     -0.500377655    
  0.709999979      -54.4987259    
  0.719999969       24.9946480    
  0.729999959       59.9041901    
  0.740000010      -40.9195328    
  0.750000000      -58.2777138    
  0.759999990       51.8936119    
  0.769999981       62.3709450    
  0.779999971      -47.8003693    
  0.789999962      -65.1585236    
  0.799999952       35.6651840    
  0.810000002       70.5747070    
  0.819999993      -8.91866302    
  0.829999983      -62.9169846    
  0.839999974      -17.5127182    
  0.849999964       44.1772957    
  0.859999955       38.4869843    
  0.870000005      -10.0788393    
  0.879999995      -33.7662354    
  0.889999986      -14.9284887    
  0.899999976       13.4216080    
  0.909999967       21.4877872    
  0.919999957       9.96888161    
  0.930000007      -4.08591461    
  0.939999998      -9.25285912    
  0.949999988      -5.96638012    
  0.959999979     -0.153276682    
  0.969999969       3.74327850    
  0.979999959       4.70138741    
  0.989999950       3.91261983    
   1.00000000       2.37392759    
