   9.99999978E-03  0.284186780    
   1.99999996E-02  0.284186780    
   2.99999993E-02  0.210514605    
   3.99999991E-02  0.210514605    
   4.99999970E-02  0.149121970    
   5.99999987E-02  0.149121970    
   7.00000003E-02  0.100754447    
   7.99999982E-02  0.100754447    
   8.99999961E-02   6.47732317E-02
   9.99999940E-02   6.47732317E-02
  0.109999999       3.95399556E-02
  0.119999997       3.95399556E-02
  0.129999995       2.29033977E-02
  0.140000001       2.29033977E-02
  0.149999991       1.26582310E-02
  0.159999996       1.26582310E-02
  0.170000002       6.88861450E-03
  0.179999992       6.88861450E-03
  0.189999998       4.16886248E-03
  0.199999988       4.16886248E-03
  0.209999993       3.64337675E-03
  0.219999999       3.64337675E-03
  0.229999989       5.03335334E-03
  0.239999995       5.03335334E-03
  0.250000000       8.61567073E-03
  0.259999990       8.61567073E-03
  0.269999981       1.51976440E-02
  0.280000001       1.51976440E-02
  0.289999992       2.60822289E-02
  0.299999982       2.60822289E-02
  0.310000002       4.29937802E-02
  0.319999993       4.29937802E-02
  0.329999983       6.79244995E-02
  0.340000004       6.79244995E-02
  0.349999994      0.102872111    
  0.359999985      0.102872111    
  0.370000005      0.149470836    
  0.379999995      0.149470836    
  0.389999986      0.208563924    
  0.399999976      0.208563924    
  0.409999996      0.279811025    
  0.419999987      0.279811025    
  0.429999977      0.361448318    
  0.439999998      0.361448318    
  0.449999988      0.450305223    
  0.459999979      0.450305223    
  0.469999999      0.542124033    
  0.479999989      0.542124033    
  0.489999980      0.632142425    
  0.500000000      0.632142425    
  0.509999990      0.715813398    
  0.519999981      0.715813398    
  0.529999971      0.789485455    
  0.539999962      0.789485455    
  0.550000012      0.850878060    
  0.560000002      0.850878060    
  0.569999993      0.899245620    
  0.579999983      0.899245620    
  0.589999974      0.935226738    
  0.599999964      0.935226738    
  0.610000014      0.960460067    
  0.620000005      0.960460067    
  0.629999995      0.977096677    
  0.639999986      0.977096677    
  0.649999976      0.987341821    
  0.659999967      0.987341821    
  0.669999957      0.993111372    
  0.680000007      0.993111372    
  0.689999998      0.995831132    
  0.699999988      0.995831132    
  0.709999979      0.996356606    
  0.719999969      0.996356606    
  0.729999959      0.994966626    
  0.740000010      0.994966626    
  0.750000000      0.991384387    
  0.759999990      0.991384387    
  0.769999981      0.984802425    
  0.779999971      0.984802425    
  0.789999962      0.973917782    
  0.799999952      0.973917782    
  0.810000002      0.957006216    
  0.819999993      0.957006216    
  0.829999983      0.932075500    
  0.839999974      0.932075500    
  0.849999964      0.897127807    
  0.859999955      0.897127807    
  0.870000005      0.850529075    
  0.879999995      0.850529075    
  0.889999986      0.791436076    
  0.899999976      0.791436076    
  0.909999967      0.720189035    
  0.919999957      0.720189035    
  0.930000007      0.638551891    
  0.939999998      0.638551891    
  0.949999988      0.549695015    
  0.959999979      0.549695015    
  0.969999969      0.457876116    
  0.979999959      0.457876116    
  0.989999950      0.367857665    
   1.00000000      0.367857665    
