   9.99999978E-03  0.860953331    
   1.99999996E-02  0.860953331    
   2.99999993E-02  0.821480453    
   3.99999991E-02  0.821480453    
   4.99999970E-02  0.775216639    
   5.99999987E-02  0.775216639    
   7.00000003E-02  0.722568512    
   7.99999982E-02  0.722568512    
   8.99999961E-02  0.664329469    
   9.99999940E-02  0.664329469    
  0.109999999      0.601678669    
  0.119999997      0.601678669    
  0.129999995      0.536128402    
  0.140000001      0.536128402    
  0.149999991      0.469428122    
  0.159999996      0.469428122    
  0.170000002      0.403432608    
  0.179999992      0.403432608    
  0.189999998      0.339954942    
  0.199999988      0.339954942    
  0.209999993      0.280623883    
  0.219999999      0.280623883    
  0.229999989      0.226766288    
  0.239999995      0.226766288    
  0.250000000      0.179331064    
  0.259999990      0.179331064    
  0.269999981      0.138862997    
  0.280000001      0.138862997    
  0.289999992      0.105528206    
  0.299999982      0.105528206    
  0.310000002       7.91832507E-02
  0.319999993       7.91832507E-02
  0.329999983       5.94750419E-02
  0.340000004       5.94750419E-02
  0.349999994       4.59546708E-02
  0.359999985       4.59546708E-02
  0.370000005       3.81882191E-02
  0.379999995       3.81882191E-02
  0.389999986       3.58491577E-02
  0.399999976       3.58491577E-02
  0.409999996       3.87810878E-02
  0.419999987       3.87810878E-02
  0.429999977       4.70237583E-02
  0.439999998       4.70237583E-02
  0.449999988       6.07999563E-02
  0.459999979       6.07999563E-02
  0.469999999       8.04654881E-02
  0.479999989       8.04654881E-02
  0.489999980      0.106428310    
  0.500000000      0.106428310    
  0.509999990      0.139046773    
  0.519999981      0.139046773    
  0.529999971      0.178519651    
  0.539999962      0.178519651    
  0.550000012      0.224783421    
  0.560000002      0.224783421    
  0.569999993      0.277431577    
  0.579999983      0.277431577    
  0.589999974      0.335670590    
  0.599999964      0.335670590    
  0.610000014      0.398321450    
  0.620000005      0.398321450    
  0.629999995      0.463871688    
  0.639999986      0.463871688    
  0.649999976      0.530571997    
  0.659999967      0.530571997    
  0.669999957      0.596567512    
  0.680000007      0.596567512    
  0.689999998      0.660045266    
  0.699999988      0.660045266    
  0.709999979      0.719376326    
  0.719999969      0.719376326    
  0.729999959      0.773233831    
  0.740000010      0.773233831    
  0.750000000      0.820669115    
  0.759999990      0.820669115    
  0.769999981      0.861137152    
  0.779999971      0.861137152    
  0.789999962      0.894472003    
  0.799999952      0.894472003    
  0.810000002      0.920816839    
  0.819999993      0.920816839    
  0.829999983      0.940524936    
  0.839999974      0.940524936    
  0.849999964      0.954045236    
  0.859999955      0.954045236    
  0.870000005      0.961811662    
  0.879999995      0.961811662    
  0.889999986      0.964150727    
  0.899999976      0.964150727    
  0.909999967      0.961218774    
  0.919999957      0.961218774    
  0.930000007      0.952976227    
  0.939999998      0.952976227    
  0.949999988      0.939200044    
  0.959999979      0.939200044    
  0.969999969      0.919534564    
  0.979999959      0.919534564    
  0.989999950      0.893571734    
   1.00000000      0.893571734    
