   9.99999978E-03  0.105406351    
   1.99999996E-02   6.28692582E-02
   2.99999993E-02   6.28692582E-02
   3.99999991E-02   3.48413251E-02
   4.99999970E-02   3.48413251E-02
   5.99999987E-02   1.78561006E-02
   7.00000003E-02   1.78561006E-02
   7.99999982E-02   8.42456706E-03
   8.99999961E-02   8.42456706E-03
   9.99999940E-02   3.65504459E-03
  0.109999999       3.65504459E-03
  0.119999997       1.49852247E-03
  0.129999995       1.49852247E-03
  0.140000001       7.13736634E-04
  0.149999991       7.13736634E-04
  0.159999996       7.06456427E-04
  0.170000002       7.06456427E-04
  0.179999992       1.37751794E-03
  0.189999998       1.37751794E-03
  0.199999988       3.05629242E-03
  0.209999993       3.05629242E-03
  0.219999999       6.53607445E-03
  0.229999989       6.53607445E-03
  0.239999995       1.31788002E-02
  0.250000000       1.31788002E-02
  0.259999990       2.50165798E-02
  0.269999981       2.50165798E-02
  0.280000001       4.47467491E-02
  0.289999992       4.47467491E-02
  0.299999982       7.55089223E-02
  0.310000002       7.55089223E-02
  0.319999993      0.120370418    
  0.329999983      0.120370418    
  0.340000004      0.181545198    
  0.349999994      0.181545198    
  0.359999985      0.259513110    
  0.370000005      0.259513110    
  0.379999995      0.352331996    
  0.389999986      0.352331996    
  0.399999976      0.455464065    
  0.409999996      0.455464065    
  0.419999987      0.562312603    
  0.429999977      0.562312603    
  0.439999998      0.665412188    
  0.449999988      0.665412188    
  0.459999979      0.757937312    
  0.469999999      0.757937312    
  0.479999989      0.835041583    
  0.489999980      0.835041583    
  0.500000000      0.894593775    
  0.509999990      0.894593775    
  0.519999981      0.937130868    
  0.529999971      0.937130868    
  0.539999962      0.965158701    
  0.550000012      0.965158701    
  0.560000002      0.982143879    
  0.569999993      0.982143879    
  0.579999983      0.991575480    
  0.589999974      0.991575480    
  0.599999964      0.996344924    
  0.610000014      0.996344924    
  0.620000005      0.998501420    
  0.629999995      0.998501420    
  0.639999986      0.999286234    
  0.649999976      0.999286234    
  0.659999967      0.999293566    
  0.669999957      0.999293566    
  0.680000007      0.998622537    
  0.689999998      0.998622537    
  0.699999988      0.996943772    
  0.709999979      0.996943772    
  0.719999969      0.993464053    
  0.729999959      0.993464053    
  0.740000010      0.986821294    
  0.750000000      0.986821294    
  0.759999990      0.974983513    
  0.769999981      0.974983513    
  0.779999971      0.955253303    
  0.789999962      0.955253303    
  0.799999952      0.924491048    
  0.810000002      0.924491048    
  0.819999993      0.879629552    
  0.829999983      0.879629552    
  0.839999974      0.818454802    
  0.849999964      0.818454802    
  0.859999955      0.740486979    
  0.870000005      0.740486979    
  0.879999995      0.647668064    
  0.889999986      0.647668064    
  0.899999976      0.544536054    
  0.909999967      0.544536054    
  0.919999957      0.437687457    
  0.930000007      0.437687457    
  0.939999998      0.334587902    
  0.949999988      0.334587902    
  0.959999979      0.242062733    
  0.969999969      0.242062733    
  0.979999959      0.164958447    
  0.989999950      0.164958447    
   1.00000000      0.105406351    
