   9.99999978E-03   1846841.00    
   1.99999996E-02  -4205987.00    
   2.99999993E-02  -1582316.38    
   3.99999991E-02   3253130.50    
   4.99999970E-02  -270496.312    
   5.99999987E-02  -1863558.25    
   7.00000003E-02   2897670.00    
   7.99999982E-02   236387.375    
   8.99999961E-02  -5231638.50    
   9.99999940E-02   1581627.62    
  0.109999999       6460445.00    
  0.119999997      -3645517.25    
  0.129999995      -6347875.00    
  0.140000001       5944680.00    
  0.149999991       5196400.00    
  0.159999996      -8282069.00    
  0.170000002      -3537172.00    
  0.179999992       10336518.0    
  0.189999998       1811294.50    
  0.199999988      -11861494.0    
  0.209999993      -261254.500    
  0.219999999       12828120.0    
  0.229999989      -971750.500    
  0.239999995      -13384206.0    
  0.250000000       1731587.00    
  0.259999990       13695578.0    
  0.269999981      -1859807.00    
  0.280000001      -13823798.0    
  0.289999992       1291995.00    
  0.299999982       13704452.0    
  0.310000002      -95414.5000    
  0.319999993      -13184790.0    
  0.329999983      -1584551.00    
  0.340000004       12088237.0    
  0.349999994       3563016.50    
  0.359999985      -10310669.0    
  0.370000005      -5565774.00    
  0.379999995       7912691.50    
  0.389999986       7164411.00    
  0.399999976      -5128143.00    
  0.409999996      -7830501.00    
  0.419999987       2275461.75    
  0.429999977       7154279.00    
  0.439999998       341015.250    
  0.449999988      -5127010.00    
  0.459999979      -2465728.00    
  0.469999999       2295501.00    
  0.479999989       3888563.75    
  0.489999980       364935.625    
  0.500000000      -4470511.00    
  0.509999990      -1846839.50    
  0.519999981       4205988.00    
  0.529999971       1582316.38    
  0.539999962      -3253130.00    
  0.550000012       270498.000    
  0.560000002       1863559.38    
  0.569999993      -2897670.00    
  0.579999983      -236386.375    
  0.589999974       5231641.00    
  0.599999964      -1581626.75    
  0.610000014      -6460446.00    
  0.620000005       3645520.75    
  0.629999995       6347878.00    
  0.639999986      -5944681.50    
  0.649999976      -5196400.00    
  0.659999967       8282071.00    
  0.669999957       3537172.00    
  0.680000007      -10336517.0    
  0.689999998      -1811292.00    
  0.699999988       11861498.0    
  0.709999979       261252.000    
  0.719999969      -12828121.0    
  0.729999959       971754.500    
  0.740000010       13384210.0    
  0.750000000      -1731590.50    
  0.759999990      -13695578.0    
  0.769999981       1859811.00    
  0.779999971       13823799.0    
  0.789999962      -1291998.50    
  0.799999952      -13704452.0    
  0.810000002       95418.5000    
  0.819999993       13184791.0    
  0.829999983       1584552.00    
  0.839999974      -12088235.0    
  0.849999964      -3563016.50    
  0.859999955       10310670.0    
  0.870000005       5565774.50    
  0.879999995      -7912688.50    
  0.889999986      -7164408.50    
  0.899999976       5128143.00    
  0.909999967       7830501.00    
  0.919999957      -2275460.50    
  0.930000007      -7154279.00    
  0.939999998      -341014.000    
  0.949999988       5127011.50    
  0.959999979       2465729.00    
  0.969999969      -2295500.50    
  0.979999959      -3888562.75    
  0.989999950      -364934.625    
   1.00000000       4470512.00    
