   9.99999978E-03  0.845345020    
   1.99999996E-02  0.845345020    
   2.99999993E-02  0.802339256    
   3.99999991E-02  0.802339256    
   4.99999970E-02  0.752516448    
   5.99999987E-02  0.752516448    
   7.00000003E-02  0.696464121    
   7.99999982E-02  0.696464121    
   8.99999961E-02  0.635186791    
   9.99999940E-02  0.635186791    
  0.109999999      0.570078194    
  0.119999997      0.570078194    
  0.129999995      0.502842247    
  0.140000001      0.502842247    
  0.149999991      0.435369492    
  0.159999996      0.435369492    
  0.170000002      0.369585246    
  0.179999992      0.369585246    
  0.189999998      0.307291329    
  0.199999988      0.307291329    
  0.209999993      0.250024527    
  0.219999999      0.250024527    
  0.229999989      0.198952213    
  0.239999995      0.198952213    
  0.250000000      0.154818162    
  0.259999990      0.154818162    
  0.269999981      0.117945209    
  0.280000001      0.117945209    
  0.289999992       8.82892609E-02
  0.299999982       8.82892609E-02
  0.310000002       6.55335784E-02
  0.319999993       6.55335784E-02
  0.329999983       4.92065214E-02
  0.340000004       4.92065214E-02
  0.349999994       3.88037935E-02
  0.359999985       3.88037935E-02
  0.370000005       3.38980667E-02
  0.379999995       3.38980667E-02
  0.389999986       3.42219733E-02
  0.399999976       3.42219733E-02
  0.409999996       3.97149846E-02
  0.419999987       3.97149846E-02
  0.429999977       5.05297147E-02
  0.439999998       5.05297147E-02
  0.449999988       6.69976473E-02
  0.459999979       6.69976473E-02
  0.469999999       8.95586535E-02
  0.479999989       8.95586535E-02
  0.489999980      0.118662655    
  0.500000000      0.118662655    
  0.509999990      0.154655054    
  0.519999981      0.154655054    
  0.529999971      0.197660863    
  0.539999962      0.197660863    
  0.550000012      0.247483671    
  0.560000002      0.247483671    
  0.569999993      0.303535879    
  0.579999983      0.303535879    
  0.589999974      0.364813238    
  0.599999964      0.364813238    
  0.610000014      0.429921925    
  0.620000005      0.429921925    
  0.629999995      0.497157872    
  0.639999986      0.497157872    
  0.649999976      0.564630687    
  0.659999967      0.564630687    
  0.669999957      0.630414903    
  0.680000007      0.630414903    
  0.689999998      0.692708910    
  0.699999988      0.692708910    
  0.709999979      0.749975622    
  0.719999969      0.749975622    
  0.729999959      0.801048040    
  0.740000010      0.801048040    
  0.750000000      0.845182002    
  0.759999990      0.845182002    
  0.769999981      0.882054925    
  0.779999971      0.882054925    
  0.789999962      0.911710799    
  0.799999952      0.911710799    
  0.810000002      0.934466481    
  0.819999993      0.934466481    
  0.829999983      0.950793386    
  0.839999974      0.950793386    
  0.849999964      0.961196065    
  0.859999955      0.961196065    
  0.870000005      0.966101825    
  0.879999995      0.966101825    
  0.889999986      0.965777874    
  0.899999976      0.965777874    
  0.909999967      0.960284948    
  0.919999957      0.960284948    
  0.930000007      0.949470282    
  0.939999998      0.949470282    
  0.949999988      0.933002353    
  0.959999979      0.933002353    
  0.969999969      0.910441339    
  0.979999959      0.910441339    
  0.989999950      0.881337345    
   1.00000000      0.881337345    
