   9.99999978E-03  -78845848.0    
   1.99999996E-02  -45672248.0    
   2.99999993E-02   70228088.0    
   3.99999991E-02   28084054.0    
   4.99999970E-02  -55769544.0    
   5.99999987E-02   9764756.00    
   7.00000003E-02   38093400.0    
   7.99999982E-02  -55889160.0    
   8.99999961E-02  -18498768.0    
   9.99999940E-02   97099352.0    
  0.109999999      -3700200.00    
  0.119999997      -124089104.    
  0.129999995       30216000.0    
  0.140000001       134301024.    
  0.149999991      -61737176.0    
  0.159999996      -131292472.    
  0.170000002       96337160.0    
  0.179999992       121440160.    
  0.189999998      -129719136.    
  0.199999988      -110390720.    
  0.209999993       157269120.    
  0.219999999       101386680.    
  0.229999989      -176327632.    
  0.239999995      -95746536.0    
  0.250000000       186810368.    
  0.259999990       94117624.0    
  0.269999981      -189776016.    
  0.280000001      -97083312.0    
  0.289999992       185473632.    
  0.299999982       104892544.    
  0.310000002      -172821824.    
  0.319999993      -116939408.    
  0.329999983       150720400.    
  0.340000004       131391976.    
  0.349999994      -119767280.    
  0.359999985      -144870288.    
  0.370000005       82759280.0    
  0.379999995       152314560.    
  0.389999986      -43723568.0    
  0.399999976      -147808560.    
  0.409999996       6496504.00    
  0.419999987       126885392.    
  0.429999977       26085880.0    
  0.439999998      -89512208.0    
  0.449999988      -52121820.0    
  0.459999979       41860728.0    
  0.469999999       70189376.0    
  0.479999989       4655078.00    
  0.489999980      -79198536.0    
  0.500000000      -37054488.0    
  0.509999990       78845856.0    
  0.519999981       45672244.0    
  0.529999971      -70228096.0    
  0.539999962      -28084040.0    
  0.550000012       55769556.0    
  0.560000002      -9764781.00    
  0.569999993      -38093396.0    
  0.579999983       55889180.0    
  0.589999974       18498760.0    
  0.599999964      -97099360.0    
  0.610000014       3700180.00    
  0.620000005       124089128.    
  0.629999995      -30216008.0    
  0.639999986      -134301024.    
  0.649999976       61737200.0    
  0.659999967       131292480.    
  0.669999957      -96337192.0    
  0.680000007      -121440160.    
  0.689999998       129719184.    
  0.699999988       110390688.    
  0.709999979      -157269184.    
  0.719999969      -101386672.    
  0.729999959       176327712.    
  0.740000010       95746512.0    
  0.750000000      -186810416.    
  0.759999990      -94117592.0    
  0.769999981       189776064.    
  0.779999971       97083248.0    
  0.789999962      -185473680.    
  0.799999952      -104892496.    
  0.810000002       172821840.    
  0.819999993       116939384.    
  0.829999983      -150720400.    
  0.839999974      -131391968.    
  0.849999964       119767280.    
  0.859999955       144870288.    
  0.870000005      -82759264.0    
  0.879999995      -152314544.    
  0.889999986       43723568.0    
  0.899999976       147808544.    
  0.909999967      -6496480.00    
  0.919999957      -126885368.    
  0.930000007      -26085864.0    
  0.939999998       89512200.0    
  0.949999988       52121812.0    
  0.959999979      -41860724.0    
  0.969999969      -70189360.0    
  0.979999959      -4655050.00    
  0.989999950       79198528.0    
   1.00000000       37054484.0    
