   9.99999978E-03  0.693915069    
   1.99999996E-02  0.624499857    
   2.99999993E-02  0.624499857    
   3.99999991E-02  0.550584257    
   4.99999970E-02  0.550584257    
   5.99999987E-02  0.474643707    
   7.00000003E-02  0.474643707    
   7.99999982E-02  0.399388701    
   8.99999961E-02  0.399388701    
   9.99999940E-02  0.327481985    
  0.109999999      0.327481985    
  0.119999997      0.261260241    
  0.129999995      0.261260241    
  0.140000001      0.202509299    
  0.149999991      0.202509299    
  0.159999996      0.152330220    
  0.170000002      0.152330220    
  0.179999992      0.111113720    
  0.189999998      0.111113720    
  0.199999988       7.86182657E-02
  0.209999993       7.86182657E-02
  0.219999999       5.41275516E-02
  0.229999989       5.41275516E-02
  0.239999995       3.66527438E-02
  0.250000000       3.66527438E-02
  0.259999990       2.51422748E-02
  0.269999981       2.51422748E-02
  0.280000001       1.86685361E-02
  0.289999992       1.86685361E-02
  0.299999982       1.65709797E-02
  0.310000002       1.65709797E-02
  0.319999993       1.85457729E-02
  0.329999983       1.85457729E-02
  0.340000004       2.46799160E-02
  0.349999994       2.46799160E-02
  0.359999985       3.54318880E-02
  0.370000005       3.54318880E-02
  0.379999995       5.15620075E-02
  0.389999986       5.15620075E-02
  0.399999976       7.40165710E-02
  0.409999996       7.40165710E-02
  0.419999987      0.103772126    
  0.429999977      0.103772126    
  0.439999998      0.141651690    
  0.449999988      0.141651690    
  0.459999979      0.188132405    
  0.469999999      0.188132405    
  0.479999989      0.243171915    
  0.489999980      0.243171915    
  0.500000000      0.306084961    
  0.509999990      0.306084961    
  0.519999981      0.375500202    
  0.529999971      0.375500202    
  0.539999962      0.449415863    
  0.550000012      0.449415863    
  0.560000002      0.525356412    
  0.569999993      0.525356412    
  0.579999983      0.600611448    
  0.589999974      0.600611448    
  0.599999964      0.672518253    
  0.610000014      0.672518253    
  0.620000005      0.738739967    
  0.629999995      0.738739967    
  0.639999986      0.797490835    
  0.649999976      0.797490835    
  0.659999967      0.847669899    
  0.669999957      0.847669899    
  0.680000007      0.888886392    
  0.689999998      0.888886392    
  0.699999988      0.921381831    
  0.709999979      0.921381831    
  0.719999969      0.945872545    
  0.729999959      0.945872545    
  0.740000010      0.963347316    
  0.750000000      0.963347316    
  0.759999990      0.974857688    
  0.769999981      0.974857688    
  0.779999971      0.981331408    
  0.789999962      0.981331408    
  0.799999952      0.983428955    
  0.810000002      0.983428955    
  0.819999993      0.981454134    
  0.829999983      0.981454134    
  0.839999974      0.975320041    
  0.849999964      0.975320041    
  0.859999955      0.964568019    
  0.870000005      0.964568019    
  0.879999995      0.948437929    
  0.889999986      0.948437929    
  0.899999976      0.925983369    
  0.909999967      0.925983369    
  0.919999957      0.896227717    
  0.930000007      0.896227717    
  0.939999998      0.858348191    
  0.949999988      0.858348191    
  0.959999979      0.811867476    
  0.969999969      0.811867476    
  0.979999959      0.756828070    
  0.989999950      0.756828070    
   1.00000000      0.693915069    
