   9.99999978E-03  0.405094564    
   1.99999996E-02  0.321692020    
   2.99999993E-02  0.321692020    
   3.99999991E-02  0.246093720    
   4.99999970E-02  0.246093720    
   5.99999987E-02  0.180924073    
   7.00000003E-02  0.180924073    
   7.99999982E-02  0.127540022    
   8.99999961E-02  0.127540022    
   9.99999940E-02   8.60280022E-02
  0.109999999       8.60280022E-02
  0.119999997       5.54258004E-02
  0.129999995       5.54258004E-02
  0.140000001       3.40865478E-02
  0.149999991       3.40865478E-02
  0.159999996       2.00819988E-02
  0.170000002       2.00819988E-02
  0.179999992       1.15578193E-02
  0.189999998       1.15578193E-02
  0.199999988       6.99040992E-03
  0.209999993       6.99040992E-03
  0.219999999       5.33628650E-03
  0.229999989       5.33628650E-03
  0.239999995       6.09508017E-03
  0.250000000       6.09508017E-03
  0.259999990       9.31800622E-03
  0.269999981       9.31800622E-03
  0.280000001       1.55863026E-02
  0.289999992       1.55863026E-02
  0.299999982       2.59658042E-02
  0.310000002       2.59658042E-02
  0.319999993       4.19246554E-02
  0.329999983       4.19246554E-02
  0.340000004       6.51903898E-02
  0.349999994       6.51903898E-02
  0.359999985       9.75264981E-02
  0.370000005       9.75264981E-02
  0.379999995      0.140428811    
  0.389999986      0.140428811    
  0.399999976      0.194774032    
  0.409999996      0.194774032    
  0.419999987      0.260486186    
  0.429999977      0.260486186    
  0.439999998      0.336308122    
  0.449999988      0.336308122    
  0.459999979      0.419759899    
  0.469999999      0.419759899    
  0.479999989      0.507332742    
  0.489999980      0.507332742    
  0.500000000      0.594905555    
  0.509999990      0.594905555    
  0.519999981      0.678308129    
  0.529999971      0.678308129    
  0.539999962      0.753906429    
  0.550000012      0.753906429    
  0.560000002      0.819076061    
  0.569999993      0.819076061    
  0.579999983      0.872460067    
  0.589999974      0.872460067    
  0.599999964      0.913971961    
  0.610000014      0.913971961    
  0.620000005      0.944574237    
  0.629999995      0.944574237    
  0.639999986      0.965913534    
  0.649999976      0.965913534    
  0.659999967      0.979918063    
  0.669999957      0.979918063    
  0.680000007      0.988442183    
  0.689999998      0.988442183    
  0.699999988      0.993009627    
  0.709999979      0.993009627    
  0.719999969      0.994663656    
  0.729999959      0.994663656    
  0.740000010      0.993904829    
  0.750000000      0.993904829    
  0.759999990      0.990681946    
  0.769999981      0.990681946    
  0.779999971      0.984413743    
  0.789999962      0.984413743    
  0.799999952      0.974034190    
  0.810000002      0.974034190    
  0.819999993      0.958075345    
  0.829999983      0.958075345    
  0.839999974      0.934809685    
  0.849999964      0.934809685    
  0.859999955      0.902473509    
  0.870000005      0.902473509    
  0.879999995      0.859571099    
  0.889999986      0.859571099    
  0.899999976      0.805225909    
  0.909999967      0.805225909    
  0.919999957      0.739513755    
  0.930000007      0.739513755    
  0.939999998      0.663691938    
  0.949999988      0.663691938    
  0.959999979      0.580240250    
  0.969999969      0.580240250    
  0.979999959      0.492667407    
  0.989999950      0.492667407    
   1.00000000      0.405094564    
