   9.99999978E-03   5045.93799    
   1.99999996E-02  -303.168579    
   2.99999993E-02  -3395.74023    
   3.99999991E-02   1403.07104    
   4.99999970E-02  -749.994385    
   5.99999987E-02  -3301.33936    
   7.00000003E-02   5150.27246    
   7.99999982E-02   2755.25952    
   8.99999961E-02  -8155.82520    
   9.99999940E-02   1632.89624    
  0.109999999       8988.26562    
  0.119999997      -8310.50293    
  0.129999995      -7100.02734    
  0.140000001       14610.5615    
  0.149999991       2293.35645    
  0.159999996      -18888.8477    
  0.170000002       4616.57910    
  0.179999992       20881.8105    
  0.189999998      -11974.5039    
  0.199999988      -20950.8281    
  0.209999993       18409.2793    
  0.219999999       19871.1523    
  0.229999989      -23253.7051    
  0.239999995      -18712.2383    
  0.250000000       26199.8848    
  0.259999990       18372.1035    
  0.269999981      -27049.6875    
  0.280000001      -19221.9082    
  0.289999992       25690.2070    
  0.299999982       21148.7402    
  0.310000002      -21976.1094    
  0.319999993      -23437.9727    
  0.329999983       15922.1250    
  0.340000004       24898.4375    
  0.349999994      -7957.87207    
  0.359999985      -24223.0977    
  0.370000005      -717.672852    
  0.379999995       20464.5293    
  0.389999986       8147.32324    
  0.399999976      -13563.2656    
  0.409999996      -12352.7910    
  0.419999987       4945.97852    
  0.429999977       12301.3477    
  0.439999998       2512.62549    
  0.449999988      -8398.45996    
  0.459999979      -6003.44873    
  0.469999999       2448.16284    
  0.479999989       4999.51123    
  0.489999980       2846.44556    
  0.500000000      -1952.36743    
  0.509999990      -5044.93750    
  0.519999981       304.169067    
  0.529999971       3396.73975    
  0.539999962      -1402.07007    
  0.550000012       750.995483    
  0.560000002       3302.33740    
  0.569999993      -5149.27344    
  0.579999983      -2754.25684    
  0.589999974       8156.82715    
  0.599999964      -1631.89941    
  0.610000014      -8987.26855    
  0.620000005       8311.50684    
  0.629999995       7101.02930    
  0.639999986      -14609.5674    
  0.649999976      -2292.35498    
  0.659999967       18889.8477    
  0.669999957      -4615.57910    
  0.680000007      -20880.8105    
  0.689999998       11975.5078    
  0.699999988       20951.8242    
  0.709999979      -18408.2891    
  0.719999969      -19870.1484    
  0.729999959       23254.7090    
  0.740000010       18713.2383    
  0.750000000      -26198.8809    
  0.759999990      -18371.1016    
  0.769999981       27050.6875    
  0.779999971       19222.9062    
  0.789999962      -25689.2051    
  0.799999952      -21147.7422    
  0.810000002       21977.1074    
  0.819999993       23438.9766    
  0.829999983      -15921.1250    
  0.839999974      -24897.4434    
  0.849999964       7958.87012    
  0.859999955       24224.1016    
  0.870000005       718.672852    
  0.879999995      -20463.5312    
  0.889999986      -8146.32422    
  0.899999976       13564.2705    
  0.909999967       12353.7930    
  0.919999957      -4944.98193    
  0.930000007      -12300.3496    
  0.939999998      -2511.62549    
  0.949999988       8399.46094    
  0.959999979       6004.44922    
  0.969999969      -2447.16284    
  0.979999959      -4998.51025    
  0.989999950      -2845.44629    
   1.00000000       1953.36597    
