   9.99999978E-03   32915.8398    
   1.99999996E-02   28230.6602    
   2.99999993E-02  -24962.7520    
   3.99999991E-02  -7868.02344    
   4.99999970E-02   16754.0430    
   5.99999987E-02  -26873.7969    
   7.00000003E-02  -5035.37695    
   7.99999982E-02   55126.9219    
   8.99999961E-02  -16249.0449    
   9.99999940E-02  -62868.2344    
  0.109999999       48711.4844    
  0.119999997       48723.7734    
  0.129999995      -85494.3672    
  0.140000001      -19118.6992    
  0.149999991       115421.141    
  0.159999996      -19044.7891    
  0.170000002      -131380.281    
  0.179999992       60520.8984    
  0.189999998       134298.188    
  0.199999988      -99954.8125    
  0.209999993      -129790.422    
  0.219999999       132054.000    
  0.229999989       123415.727    
  0.239999995      -153675.062    
  0.250000000      -119367.094    
  0.259999990       164006.281    
  0.269999981       120723.898    
  0.280000001      -162649.438    
  0.289999992      -128341.453    
  0.299999982       148749.281    
  0.310000002       140111.016    
  0.319999993      -121733.297    
  0.329999983      -151568.875    
  0.340000004       82684.0391    
  0.349999994       156461.266    
  0.359999985      -35439.8789    
  0.370000005      -147775.344    
  0.379999995      -13309.4141    
  0.389999986       121230.398    
  0.399999976       54854.7227    
  0.409999996      -79363.3984    
  0.419999987      -79375.6719    
  0.429999977       32204.0605    
  0.439999998       78823.2500    
  0.449999988       7447.29102    
  0.459999979      -52715.0117    
  0.469999999      -30876.6055    
  0.479999989       12751.2432    
  0.489999980       37373.3281    
  0.500000000       20278.5820    
  0.509999990      -32914.8398    
  0.519999981      -28229.6582    
  0.529999971       24963.7539    
  0.539999962       7869.01758    
  0.550000012      -16753.0371    
  0.560000002       26874.8008    
  0.569999993       5036.36328    
  0.579999983      -55125.9336    
  0.589999974       16250.0664    
  0.599999964       62869.2578    
  0.610000014      -48710.5234    
  0.620000005      -48722.7812    
  0.629999995       85495.3828    
  0.639999986       19119.7109    
  0.649999976      -115420.156    
  0.659999967       19045.7969    
  0.669999957       131381.312    
  0.680000007      -60519.9180    
  0.689999998      -134297.172    
  0.699999988       99955.8438    
  0.709999979       129791.398    
  0.719999969      -132053.031    
  0.729999959      -123414.719    
  0.740000010       153676.094    
  0.750000000       119368.039    
  0.759999990      -164005.297    
  0.769999981      -120722.898    
  0.779999971       162650.422    
  0.789999962       128342.453    
  0.799999952      -148748.281    
  0.810000002      -140110.031    
  0.819999993       121734.344    
  0.829999983       151569.906    
  0.839999974      -82683.0312    
  0.849999964      -156460.312    
  0.859999955       35440.8594    
  0.870000005       147776.359    
  0.879999995       13310.4375    
  0.889999986      -121229.406    
  0.899999976      -54853.7266    
  0.909999967       79364.4141    
  0.919999957       79376.6719    
  0.930000007      -32203.0664    
  0.939999998      -78822.2578    
  0.949999988      -7446.28516    
  0.959999979       52716.0156    
  0.969999969       30877.5957    
  0.979999959      -12750.2461    
  0.989999950      -37372.3242    
   1.00000000      -20277.5898    
