   9.99999978E-03   7.88860962E-06
   1.99999996E-02   2.24275442E-11
   2.99999993E-02   2.24275442E-11
   3.99999991E-02   9.56908441E-10
   4.99999970E-02   9.56908441E-10
   5.99999987E-02   1.96465262E-08
   7.00000003E-02   1.96465262E-08
   7.99999982E-02   2.58458329E-07
   8.99999961E-02   2.58458329E-07
   9.99999940E-02   2.44756620E-06
  0.109999999       2.44756620E-06
  0.119999997       1.77713227E-05
  0.129999995       1.77713227E-05
  0.140000001       1.02903316E-04
  0.149999991       1.02903316E-04
  0.159999996       4.88024205E-04
  0.170000002       4.88024205E-04
  0.179999992       1.93222740E-03
  0.189999998       1.93222740E-03
  0.199999988       6.47879345E-03
  0.209999993       6.47879345E-03
  0.219999999       1.86029691E-02
  0.229999989       1.86029691E-02
  0.239999995       4.61579114E-02
  0.250000000       4.61579114E-02
  0.259999990       9.97369587E-02
  0.269999981       9.97369587E-02
  0.280000001      0.189035386    
  0.289999992      0.189035386    
  0.299999982      0.316604614    
  0.310000002      0.316604614    
  0.319999993      0.472522527    
  0.329999983      0.472522527    
  0.340000004      0.634937048    
  0.349999994      0.634937048    
  0.359999985      0.778243899    
  0.370000005      0.778243899    
  0.379999995      0.884397149    
  0.389999986      0.884397149    
  0.399999976      0.949579000    
  0.409999996      0.949579000    
  0.419999987      0.982169867    
  0.429999977      0.982169867    
  0.439999998      0.995102763    
  0.449999988      0.995102763    
  0.459999979      0.999021888    
  0.469999999      0.999021888    
  0.479999989      0.999873817    
  0.489999980      0.999873817    
  0.500000000      0.999992132    
  0.509999990      0.999992132    
  0.519999981       1.00000000    
  0.529999971       1.00000000    
  0.539999962       1.00000000    
  0.550000012       1.00000000    
  0.560000002       1.00000000    
  0.569999993       1.00000000    
  0.579999983      0.999999702    
  0.589999974      0.999999702    
  0.599999964      0.999997556    
  0.610000014      0.999997556    
  0.620000005      0.999982238    
  0.629999995      0.999982238    
  0.639999986      0.999897182    
  0.649999976      0.999897182    
  0.659999967      0.999512076    
  0.669999957      0.999512076    
  0.680000007      0.998067856    
  0.689999998      0.998067856    
  0.699999988      0.993521273    
  0.709999979      0.993521273    
  0.719999969      0.981396973    
  0.729999959      0.981396973    
  0.740000010      0.953841984    
  0.750000000      0.953841984    
  0.759999990      0.900262952    
  0.769999981      0.900262952    
  0.779999971      0.810964644    
  0.789999962      0.810964644    
  0.799999952      0.683395386    
  0.810000002      0.683395386    
  0.819999993      0.527477503    
  0.829999983      0.527477503    
  0.839999974      0.365063041    
  0.849999964      0.365063041    
  0.859999955      0.221756145    
  0.870000005      0.221756145    
  0.879999995      0.115602881    
  0.889999986      0.115602881    
  0.899999976       5.04210629E-02
  0.909999967       5.04210629E-02
  0.919999957       1.78301483E-02
  0.930000007       1.78301483E-02
  0.939999998       4.89724847E-03
  0.949999988       4.89724847E-03
  0.959999979       9.78187541E-04
  0.969999969       9.78187541E-04
  0.979999959       1.26217739E-04
  0.989999950       1.26217739E-04
   1.00000000       7.88860962E-06
