   9.99999978E-03  -20.3667870    
   1.99999996E-02   115.612572    
   2.99999993E-02   9.27415562    
   3.99999991E-02   7.52359772    
   4.99999970E-02   101.126129    
   5.99999987E-02  -137.911850    
   7.00000003E-02  -64.2088470    
   7.99999982E-02   224.238281    
   8.99999961E-02  -167.868958    
   9.99999940E-02  -177.150360    
  0.109999999       424.431641    
  0.119999997      -77.6806641    
  0.129999995      -521.046631    
  0.140000001       487.518219    
  0.149999991       394.832214    
  0.159999996      -870.183228    
  0.170000002      -48.9347229    
  0.179999992       1120.79321    
  0.189999998      -403.251801    
  0.199999988      -1206.64355    
  0.209999993       845.426270    
  0.219999999       1177.25903    
  0.229999989      -1194.31677    
  0.239999995      -1115.79663    
  0.250000000       1408.50525    
  0.259999990       1096.93359    
  0.269999981      -1470.09106    
  0.280000001      -1158.51904    
  0.289999992       1365.78271    
  0.299999982       1287.26208    
  0.310000002      -1084.31384    
  0.319999993      -1416.14624    
  0.329999983       635.923706    
  0.340000004       1439.31519    
  0.349999994      -84.7296143    
  0.359999985      -1254.45728    
  0.370000005      -433.208893    
  0.379999995       831.806519    
  0.389999986       739.120728    
  0.399999976      -269.444092    
  0.409999996      -712.810181    
  0.419999987      -210.697906    
  0.429999977       390.884155    
  0.439999998       400.165588    
  0.449999988       8.05831909    
  0.459999979      -280.388947    
  0.469999999      -206.685944    
  0.479999989       32.3521500    
  0.489999980       125.954735    
  0.500000000       127.705246    
  0.509999990       21.3667259    
  0.519999981      -114.612602    
  0.529999971      -8.27416229    
  0.539999962      -6.52361679    
  0.550000012      -100.126038    
  0.560000002       138.911850    
  0.569999993       65.2086945    
  0.579999983      -223.238144    
  0.589999974       168.869034    
  0.599999964       178.150192    
  0.610000014      -423.431702    
  0.620000005       78.6808472    
  0.629999995       522.046631    
  0.639999986      -486.518311    
  0.649999976      -393.832245    
  0.659999967       871.183350    
  0.669999957       49.9346313    
  0.680000007      -1119.79346    
  0.689999998       404.251892    
  0.699999988       1207.64355    
  0.709999979      -844.426636    
  0.719999969      -1176.25916    
  0.729999959       1195.31714    
  0.740000010       1116.79663    
  0.750000000      -1407.50537    
  0.759999990      -1095.93359    
  0.769999981       1471.09094    
  0.779999971       1159.51904    
  0.789999962      -1364.78259    
  0.799999952      -1286.26208    
  0.810000002       1085.31384    
  0.819999993       1417.14624    
  0.829999983      -634.923706    
  0.839999974      -1438.31519    
  0.849999964       85.7297363    
  0.859999955       1255.45752    
  0.870000005       434.208801    
  0.879999995      -830.806763    
  0.889999986      -738.120789    
  0.899999976       270.444183    
  0.909999967       713.810242    
  0.919999957       211.697937    
  0.930000007      -389.884064    
  0.939999998      -399.165527    
  0.949999988      -7.05833435    
  0.959999979       281.388855    
  0.969999969       207.685883    
  0.979999959      -31.3521080    
  0.989999950      -124.954666    
   1.00000000      -126.705215    
