   9.99999978E-03  -380293.312    
   1.99999996E-02   193125.125    
   2.99999993E-02   309422.562    
   3.99999991E-02  -185303.469    
   4.99999970E-02  -57429.0156    
   5.99999987E-02   217605.016    
   7.00000003E-02  -264995.094    
   7.99999982E-02  -218108.266    
   8.99999961E-02   541063.188    
   9.99999940E-02   112525.750    
  0.109999999      -705234.250    
  0.119999997       124426.719    
  0.129999995       753317.250    
  0.140000001      -450918.562    
  0.149999991      -711151.500    
  0.159999996       788295.562    
  0.170000002       602789.312    
  0.179999992      -1072680.12    
  0.189999998      -447536.781    
  0.199999988       1283126.38    
  0.209999993       274652.656    
  0.219999999      -1429896.50    
  0.229999989      -125319.781    
  0.239999995       1527432.12    
  0.250000000       36186.4375    
  0.259999990      -1581311.88    
  0.269999981      -26413.0000    
  0.280000001       1591085.25    
  0.289999992       99840.0000    
  0.299999982      -1552911.75    
  0.310000002      -248335.750    
  0.319999993       1456213.00    
  0.329999983       447739.250    
  0.340000004      -1282923.62    
  0.349999994      -657780.250    
  0.359999985       1017688.94    
  0.370000005       832182.625    
  0.379999995      -667264.250    
  0.389999986      -927496.875    
  0.399999976       276738.750    
  0.409999996       905629.250    
  0.419999987       75968.1250    
  0.429999977      -741791.750    
  0.439999998      -313254.281    
  0.449999988       445917.219    
  0.459999979       399030.438    
  0.469999999      -83569.6562    
  0.479999989      -358603.812    
  0.489999980      -230729.312    
  0.500000000       263996.906    
  0.509999990       380294.250    
  0.519999981      -193124.156    
  0.529999971      -309421.531    
  0.539999962       185304.516    
  0.550000012       57429.9297    
  0.560000002      -217604.062    
  0.569999993       264996.156    
  0.579999983       218109.281    
  0.589999974      -541062.312    
  0.599999964      -112524.719    
  0.610000014       705235.438    
  0.620000005      -124425.969    
  0.629999995      -753316.500    
  0.639999986       450919.781    
  0.649999976       711152.625    
  0.659999967      -788294.750    
  0.669999957      -602788.250    
  0.680000007       1072681.38    
  0.689999998       447537.656    
  0.699999988      -1283125.75    
  0.709999979      -274651.438    
  0.719999969       1429897.50    
  0.729999959       125320.750    
  0.740000010      -1527431.25    
  0.750000000      -36185.2500    
  0.759999990       1581313.12    
  0.769999981       26413.8750    
  0.779999971      -1591084.50    
  0.789999962      -99838.8125    
  0.799999952       1552913.12    
  0.810000002       248336.812    
  0.819999993      -1456212.00    
  0.829999983      -447738.438    
  0.839999974       1282924.25    
  0.849999964       657781.250    
  0.859999955      -1017687.88    
  0.870000005      -832181.625    
  0.879999995       667265.125    
  0.889999986       927497.938    
  0.899999976      -276737.750    
  0.909999967      -905628.250    
  0.919999957      -75967.1562    
  0.930000007       741792.875    
  0.939999998       313255.219    
  0.949999988      -445916.281    
  0.959999979      -399029.500    
  0.969999969       83570.7031    
  0.979999959       358604.844    
  0.989999950       230730.266    
   1.00000000      -263995.875    
