   9.99999978E-03  0.628805280    
   1.99999996E-02  0.552392006    
   2.99999993E-02  0.552392006    
   3.99999991E-02  0.473731369    
   4.99999970E-02  0.473731369    
   5.99999987E-02  0.395831466    
   7.00000003E-02  0.395831466    
   7.99999982E-02  0.321643114    
   8.99999961E-02  0.321643114    
   9.99999940E-02  0.253728926    
  0.109999999      0.253728926    
  0.119999997      0.194000274    
  0.129999995      0.194000274    
  0.140000001      0.143567577    
  0.149999991      0.143567577    
  0.159999996      0.102724075    
  0.170000002      0.102724075    
  0.179999992       7.10529387E-02
  0.189999998       7.10529387E-02
  0.199999988       4.76243049E-02
  0.209999993       4.76243049E-02
  0.219999999       3.12363729E-02
  0.229999989       3.12363729E-02
  0.239999995       2.06553843E-02
  0.250000000       2.06553843E-02
  0.259999990       1.48199685E-02
  0.269999981       1.48199685E-02
  0.280000001       1.29904198E-02
  0.289999992       1.29904198E-02
  0.299999982       1.48372026E-02
  0.310000002       1.48372026E-02
  0.319999993       2.04713568E-02
  0.329999983       2.04713568E-02
  0.340000004       3.04219853E-02
  0.349999994       3.04219853E-02
  0.359999985       4.55643274E-02
  0.370000005       4.55643274E-02
  0.379999995       6.69997483E-02
  0.389999986       6.69997483E-02
  0.399999976       9.58901569E-02
  0.409999996       9.58901569E-02
  0.419999987      0.133255288    
  0.429999977      0.133255288    
  0.439999998      0.179751962    
  0.449999988      0.179751962    
  0.459999979      0.235466242    
  0.469999999      0.235466242    
  0.479999989      0.299757779    
  0.489999980      0.299757779    
  0.500000000      0.371194839    
  0.509999990      0.371194839    
  0.519999981      0.447608173    
  0.529999971      0.447608173    
  0.539999962      0.526268899    
  0.550000012      0.526268899    
  0.560000002      0.604168713    
  0.569999993      0.604168713    
  0.579999983      0.678357005    
  0.589999974      0.678357005    
  0.599999964      0.746271193    
  0.610000014      0.746271193    
  0.620000005      0.805999875    
  0.629999995      0.805999875    
  0.639999986      0.856432557    
  0.649999976      0.856432557    
  0.659999967      0.897275984    
  0.669999957      0.897275984    
  0.680000007      0.928947091    
  0.689999998      0.928947091    
  0.699999988      0.952375710    
  0.709999979      0.952375710    
  0.719999969      0.968763649    
  0.729999959      0.968763649    
  0.740000010      0.979344606    
  0.750000000      0.979344606    
  0.759999990      0.985180020    
  0.769999981      0.985180020    
  0.779999971      0.987009525    
  0.789999962      0.987009525    
  0.799999952      0.985162795    
  0.810000002      0.985162795    
  0.819999993      0.979528666    
  0.829999983      0.979528666    
  0.839999974      0.969578028    
  0.849999964      0.969578028    
  0.859999955      0.954435587    
  0.870000005      0.954435587    
  0.879999995      0.933000147    
  0.889999986      0.933000147    
  0.899999976      0.904109716    
  0.909999967      0.904109716    
  0.919999957      0.866744637    
  0.930000007      0.866744637    
  0.939999998      0.820247948    
  0.949999988      0.820247948    
  0.959999979      0.764533639    
  0.969999969      0.764533639    
  0.979999959      0.700242162    
  0.989999950      0.700242162    
   1.00000000      0.628805280    
