   9.99999978E-03   1.57008097E-02
   1.99999996E-02   6.20745262E-03
   2.99999993E-02   6.20745262E-03
   3.99999991E-02   2.13901186E-03
   4.99999970E-02   2.13901186E-03
   5.99999987E-02   6.32890034E-04
   7.00000003E-02   6.32890034E-04
   7.99999982E-02   1.61144388E-04
   8.99999961E-02   1.61144388E-04
   9.99999940E-02   4.96142166E-05
  0.109999999       4.96142166E-05
  0.119999997       7.11388348E-05
  0.129999995       7.11388348E-05
  0.140000001       2.22132818E-04
  0.149999991       2.22132818E-04
  0.159999996       6.74976502E-04
  0.170000002       6.74976502E-04
  0.179999992       1.87507470E-03
  0.189999998       1.87507470E-03
  0.199999988       4.76430170E-03
  0.209999993       4.76430170E-03
  0.219999999       1.11003295E-02
  0.229999989       1.11003295E-02
  0.239999995       2.37723868E-02
  0.250000000       2.37723868E-02
  0.259999990       4.69039194E-02
  0.269999981       4.69039194E-02
  0.280000001       8.54564682E-02
  0.289999992       8.54564682E-02
  0.299999982      0.144123405    
  0.310000002      0.144123405    
  0.319999993      0.225605279    
  0.329999983      0.225605279    
  0.340000004      0.328815669    
  0.349999994      0.328815669    
  0.359999985      0.447904527    
  0.370000005      0.447904527    
  0.379999995      0.572874367    
  0.389999986      0.572874367    
  0.399999976      0.691893220    
  0.409999996      0.691893220    
  0.419999987      0.794495583    
  0.429999977      0.794495583    
  0.439999998      0.874297559    
  0.449999988      0.874297559    
  0.459999979      0.930073082    
  0.469999999      0.930073082    
  0.479999989      0.964932740    
  0.489999980      0.964932740    
  0.500000000      0.984299302    
  0.509999990      0.984299302    
  0.519999981      0.993792653    
  0.529999971      0.993792653    
  0.539999962      0.997861028    
  0.550000012      0.997861028    
  0.560000002      0.999367058    
  0.569999993      0.999367058    
  0.579999983      0.999838769    
  0.589999974      0.999838769    
  0.599999964      0.999950290    
  0.610000014      0.999950290    
  0.620000005      0.999928832    
  0.629999995      0.999928832    
  0.639999986      0.999777853    
  0.649999976      0.999777853    
  0.659999967      0.999325037    
  0.669999957      0.999325037    
  0.680000007      0.998124957    
  0.689999998      0.998124957    
  0.699999988      0.995235801    
  0.709999979      0.995235801    
  0.719999969      0.988899708    
  0.729999959      0.988899708    
  0.740000010      0.976227641    
  0.750000000      0.976227641    
  0.759999990      0.953096032    
  0.769999981      0.953096032    
  0.779999971      0.914543509    
  0.789999962      0.914543509    
  0.799999952      0.855876565    
  0.810000002      0.855876565    
  0.819999993      0.774394751    
  0.829999983      0.774394751    
  0.839999974      0.671184421    
  0.849999964      0.671184421    
  0.859999955      0.552095592    
  0.870000005      0.552095592    
  0.879999995      0.427125752    
  0.889999986      0.427125752    
  0.899999976      0.308106929    
  0.909999967      0.308106929    
  0.919999957      0.205504477    
  0.930000007      0.205504477    
  0.939999998      0.125702545    
  0.949999988      0.125702545    
  0.959999979       6.99270219E-02
  0.969999969       6.99270219E-02
  0.979999959       3.50673087E-02
  0.989999950       3.50673087E-02
   1.00000000       1.57008097E-02
