   9.99999978E-03  0.807315350    
   1.99999996E-02  0.755667090    
   2.99999993E-02  0.755667090    
   3.99999991E-02  0.697179556    
   4.99999970E-02  0.697179556    
   5.99999987E-02  0.632968903    
   7.00000003E-02  0.632968903    
   7.99999982E-02  0.564625382    
   8.99999961E-02  0.564625382    
   9.99999940E-02  0.494111001    
  0.109999999      0.494111001    
  0.119999997      0.423599601    
  0.129999995      0.423599601    
  0.140000001      0.355283082    
  0.149999991      0.355283082    
  0.159999996      0.291172296    
  0.170000002      0.291172296    
  0.179999992      0.232924342    
  0.189999998      0.232924342    
  0.199999988      0.181722566    
  0.209999993      0.181722566    
  0.219999999      0.138225242    
  0.229999989      0.138225242    
  0.239999995      0.102586731    
  0.250000000      0.102586731    
  0.259999990       7.45425969E-02
  0.269999981       7.45425969E-02
  0.280000001       5.35394475E-02
  0.289999992       5.35394475E-02
  0.299999982       3.88866998E-02
  0.310000002       3.88866998E-02
  0.319999993       2.99063325E-02
  0.329999983       2.99063325E-02
  0.340000004       2.60606688E-02
  0.349999994       2.60606688E-02
  0.359999985       2.70437114E-02
  0.370000005       2.70437114E-02
  0.379999995       3.28278057E-02
  0.389999986       3.28278057E-02
  0.399999976       4.36626226E-02
  0.409999996       4.36626226E-02
  0.419999987       6.00278564E-02
  0.429999977       6.00278564E-02
  0.439999998       8.25447962E-02
  0.449999988       8.25447962E-02
  0.459999979      0.111855492    
  0.469999999      0.111855492    
  0.479999989      0.148482293    
  0.489999980      0.148482293    
  0.500000000      0.192684621    
  0.509999990      0.192684621    
  0.519999981      0.244332895    
  0.529999971      0.244332895    
  0.539999962      0.302820444    
  0.550000012      0.302820444    
  0.560000002      0.367031187    
  0.569999993      0.367031187    
  0.579999983      0.435374707    
  0.589999974      0.435374707    
  0.599999964      0.505889177    
  0.610000014      0.505889177    
  0.620000005      0.576400518    
  0.629999995      0.576400518    
  0.639999986      0.644717097    
  0.649999976      0.644717097    
  0.659999967      0.708827972    
  0.669999957      0.708827972    
  0.680000007      0.767075956    
  0.689999998      0.767075956    
  0.699999988      0.818277657    
  0.709999979      0.818277657    
  0.719999969      0.861774981    
  0.729999959      0.861774981    
  0.740000010      0.897413492    
  0.750000000      0.897413492    
  0.759999990      0.925457478    
  0.769999981      0.925457478    
  0.779999971      0.946460545    
  0.789999962      0.946460545    
  0.799999952      0.961113274    
  0.810000002      0.961113274    
  0.819999993      0.970093548    
  0.829999983      0.970093548    
  0.839999974      0.973939240    
  0.849999964      0.973939240    
  0.859999955      0.972956240    
  0.870000005      0.972956240    
  0.879999995      0.967172146    
  0.889999986      0.967172146    
  0.899999976      0.956337392    
  0.909999967      0.956337392    
  0.919999957      0.939972162    
  0.930000007      0.939972162    
  0.939999998      0.917455256    
  0.949999988      0.917455256    
  0.959999979      0.888144493    
  0.969999969      0.888144493    
  0.979999959      0.851517677    
  0.989999950      0.851517677    
   1.00000000      0.807315350    
