   9.99999978E-03  0.937025189    
   1.99999996E-02  0.926024556    
   2.99999993E-02  0.926024556    
   3.99999991E-02  0.909142196    
   4.99999970E-02  0.909142196    
   5.99999987E-02  0.886272788    
   7.00000003E-02  0.886272788    
   7.99999982E-02  0.857340574    
   8.99999961E-02  0.857340574    
   9.99999940E-02  0.822359502    
  0.109999999      0.822359502    
  0.119999997      0.781495333    
  0.129999995      0.781495333    
  0.140000001      0.735117197    
  0.149999991      0.735117197    
  0.159999996      0.683830857    
  0.170000002      0.683830857    
  0.179999992      0.628488362    
  0.189999998      0.628488362    
  0.199999988      0.570169330    
  0.209999993      0.570169330    
  0.219999999      0.510135949    
  0.229999989      0.510135949    
  0.239999995      0.449764341    
  0.250000000      0.449764341    
  0.259999990      0.390462160    
  0.269999981      0.390462160    
  0.280000001      0.333581090    
  0.289999992      0.333581090    
  0.299999982      0.280335963    
  0.310000002      0.280335963    
  0.319999993      0.231740236    
  0.329999983      0.231740236    
  0.340000004      0.188565835    
  0.349999994      0.188565835    
  0.359999985      0.151330903    
  0.370000005      0.151330903    
  0.379999995      0.120315783    
  0.389999986      0.120315783    
  0.399999976       9.56026688E-02
  0.409999996       9.56026688E-02
  0.419999987       7.71321580E-02
  0.429999977       7.71321580E-02
  0.439999998       6.47671819E-02
  0.449999988       6.47671819E-02
  0.459999979       5.83545044E-02
  0.469999999       5.83545044E-02
  0.479999989       5.77748641E-02
  0.489999980       5.77748641E-02
  0.500000000       6.29747286E-02
  0.509999990       6.29747286E-02
  0.519999981       7.39752948E-02
  0.529999971       7.39752948E-02
  0.539999962       9.08577815E-02
  0.550000012       9.08577815E-02
  0.560000002      0.113727145    
  0.569999993      0.113727145    
  0.579999983      0.142659456    
  0.589999974      0.142659456    
  0.599999964      0.177640557    
  0.610000014      0.177640557    
  0.620000005      0.218504697    
  0.629999995      0.218504697    
  0.639999986      0.264882892    
  0.649999976      0.264882892    
  0.659999967      0.316169262    
  0.669999957      0.316169262    
  0.680000007      0.371511817    
  0.689999998      0.371511817    
  0.699999988      0.429830849    
  0.709999979      0.429830849    
  0.719999969      0.489864290    
  0.729999959      0.489864290    
  0.740000010      0.550235927    
  0.750000000      0.550235927    
  0.759999990      0.609538078    
  0.769999981      0.609538078    
  0.779999971      0.666419148    
  0.789999962      0.666419148    
  0.799999952      0.719664216    
  0.810000002      0.719664216    
  0.819999993      0.768260002    
  0.829999983      0.768260002    
  0.839999974      0.811434388    
  0.849999964      0.811434388    
  0.859999955      0.848669291    
  0.870000005      0.848669291    
  0.879999995      0.879684389    
  0.889999986      0.879684389    
  0.899999976      0.904397488    
  0.909999967      0.904397488    
  0.919999957      0.922867894    
  0.930000007      0.922867894    
  0.939999998      0.935232818    
  0.949999988      0.935232818    
  0.959999979      0.941645503    
  0.969999969      0.941645503    
  0.979999959      0.942225099    
  0.989999950      0.942225099    
   1.00000000      0.937025189    
