   9.99999978E-03  0.933598220    
   1.99999996E-02  0.933598220    
   2.99999993E-02  0.929107308    
   3.99999991E-02  0.929107308    
   4.99999970E-02  0.918749034    
   5.99999987E-02  0.918749034    
   7.00000003E-02  0.902497053    
   7.99999982E-02  0.902497053    
   8.99999961E-02  0.880319118    
   9.99999940E-02  0.880319118    
  0.109999999      0.852216840    
  0.119999997      0.852216840    
  0.129999995      0.818274677    
  0.140000001      0.818274677    
  0.149999991      0.778708100    
  0.159999996      0.778708100    
  0.170000002      0.733905435    
  0.179999992      0.733905435    
  0.189999998      0.684454679    
  0.199999988      0.684454679    
  0.209999993      0.631152034    
  0.219999999      0.631152034    
  0.229999989      0.574987471    
  0.239999995      0.574987471    
  0.250000000      0.517108560    
  0.259999990      0.517108560    
  0.269999981      0.458765507    
  0.280000001      0.458765507    
  0.289999992      0.401243806    
  0.299999982      0.401243806    
  0.310000002      0.345792174    
  0.319999993      0.345792174    
  0.329999983      0.293553859    
  0.340000004      0.293553859    
  0.349999994      0.245510817    
  0.359999985      0.245510817    
  0.370000005      0.202445865    
  0.379999995      0.202445865    
  0.389999986      0.164927080    
  0.399999976      0.164927080    
  0.409999996      0.133315310    
  0.419999987      0.133315310    
  0.429999977      0.107791275    
  0.439999998      0.107791275    
  0.449999988       8.83979499E-02
  0.459999979       8.83979499E-02
  0.469999999       7.50902817E-02
  0.479999989       7.50902817E-02
  0.489999980       6.77848309E-02
  0.500000000       6.77848309E-02
  0.509999990       6.64017200E-02
  0.519999981       6.64017200E-02
  0.529999971       7.08925948E-02
  0.539999962       7.08925948E-02
  0.550000012       8.12508985E-02
  0.560000002       8.12508985E-02
  0.569999993       9.75028649E-02
  0.579999983       9.75028649E-02
  0.589999974      0.119680941    
  0.599999964      0.119680941    
  0.610000014      0.147783235    
  0.620000005      0.147783235    
  0.629999995      0.181725413    
  0.639999986      0.181725413    
  0.649999976      0.221291959    
  0.659999967      0.221291959    
  0.669999957      0.266094744    
  0.680000007      0.266094744    
  0.689999998      0.315545499    
  0.699999988      0.315545499    
  0.709999979      0.368848175    
  0.719999969      0.368848175    
  0.729999959      0.425012767    
  0.740000010      0.425012767    
  0.750000000      0.482891738    
  0.759999990      0.482891738    
  0.769999981      0.541234851    
  0.779999971      0.541234851    
  0.789999962      0.598756433    
  0.799999952      0.598756433    
  0.810000002      0.654208064    
  0.819999993      0.654208064    
  0.829999983      0.706446350    
  0.839999974      0.706446350    
  0.849999964      0.754489303    
  0.859999955      0.754489303    
  0.870000005      0.797554374    
  0.879999995      0.797554374    
  0.889999986      0.835073173    
  0.899999976      0.835073173    
  0.909999967      0.866684914    
  0.919999957      0.866684914    
  0.930000007      0.892208874    
  0.939999998      0.892208874    
  0.949999988      0.911602080    
  0.959999979      0.911602080    
  0.969999969      0.924909770    
  0.979999959      0.924909770    
  0.989999950      0.932215214    
   1.00000000      0.932215214    
