   9.99999978E-03  0.667884350    
   1.99999996E-02  0.667884350    
   2.99999993E-02  0.596781492    
   3.99999991E-02  0.596781492    
   4.99999970E-02  0.522106588    
   5.99999987E-02  0.522106588    
   7.00000003E-02  0.446423054    
   7.99999982E-02  0.446423054    
   8.99999961E-02  0.372423679    
   9.99999940E-02  0.372423679    
  0.109999999      0.302648842    
  0.119999997      0.302648842    
  0.129999995      0.239228651    
  0.140000001      0.239228651    
  0.149999991      0.183692142    
  0.159999996      0.183692142    
  0.170000002      0.136874035    
  0.179999992      0.136874035    
  0.189999998       9.89279225E-02
  0.199999988       9.89279225E-02
  0.209999993       6.94342479E-02
  0.219999999       6.94342479E-02
  0.229999989       4.75744978E-02
  0.239999995       4.75744978E-02
  0.250000000       3.23363170E-02
  0.259999990       3.23363170E-02
  0.269999981       2.27146223E-02
  0.280000001       2.27146223E-02
  0.289999992       1.78819541E-02
  0.299999982       1.78819541E-02
  0.310000002       1.73115283E-02
  0.319999993       1.73115283E-02
  0.329999983       2.08460782E-02
  0.340000004       2.08460782E-02
  0.349999994       2.87119057E-02
  0.359999985       2.87119057E-02
  0.370000005       4.14806828E-02
  0.379999995       4.14806828E-02
  0.389999986       5.99824712E-02
  0.399999976       5.99824712E-02
  0.409999996       8.51749107E-02
  0.419999987       8.51749107E-02
  0.429999977      0.117976964    
  0.439999998      0.117976964    
  0.449999988      0.159081966    
  0.459999979      0.159081966    
  0.469999999      0.208772227    
  0.479999989      0.208772227    
  0.489999980      0.266764313    
  0.500000000      0.266764313    
  0.509999990      0.332115680    
  0.519999981      0.332115680    
  0.529999971      0.403218567    
  0.539999962      0.403218567    
  0.550000012      0.477893561    
  0.560000002      0.477893561    
  0.569999993      0.553577065    
  0.579999983      0.553577065    
  0.589999974      0.627576470    
  0.599999964      0.627576470    
  0.610000014      0.697351396    
  0.620000005      0.697351396    
  0.629999995      0.760771513    
  0.639999986      0.760771513    
  0.649999976      0.816307962    
  0.659999967      0.816307962    
  0.669999957      0.863126099    
  0.680000007      0.863126099    
  0.689999998      0.901072145    
  0.699999988      0.901072145    
  0.709999979      0.930565834    
  0.719999969      0.930565834    
  0.729999959      0.952425599    
  0.740000010      0.952425599    
  0.750000000      0.967663705    
  0.759999990      0.967663705    
  0.769999981      0.977285385    
  0.779999971      0.977285385    
  0.789999962      0.982117951    
  0.799999952      0.982117951    
  0.810000002      0.982688427    
  0.819999993      0.982688427    
  0.829999983      0.979153872    
  0.839999974      0.979153872    
  0.849999964      0.971288025    
  0.859999955      0.971288025    
  0.870000005      0.958519220    
  0.879999995      0.958519220    
  0.889999986      0.940017521    
  0.899999976      0.940017521    
  0.909999967      0.914824963    
  0.919999957      0.914824963    
  0.930000007      0.882022917    
  0.939999998      0.882022917    
  0.949999988      0.840917885    
  0.959999979      0.840917885    
  0.969999969      0.791227698    
  0.979999959      0.791227698    
  0.989999950      0.733235717    
   1.00000000      0.733235717    
