   9.99999978E-03   109335.922    
   1.99999996E-02  -113402.273    
   2.99999993E-02  -86344.7969    
   3.99999991E-02   87106.5547    
   4.99999970E-02  -15511.4570    
   5.99999987E-02  -58456.1680    
   7.00000003E-02   140414.641    
   7.99999982E-02   12754.6016    
   8.99999961E-02  -228712.094    
   9.99999940E-02   67085.9219    
  0.109999999       249609.312    
  0.119999997      -182124.375    
  0.129999995      -207385.406    
  0.140000001       310614.719    
  0.149999991       123515.008    
  0.159999996      -421222.094    
  0.170000002      -17514.1250    
  0.179999992       494645.000    
  0.189999998      -96609.7812    
  0.199999988      -532711.812    
  0.209999993       204246.641    
  0.219999999       549412.875    
  0.229999989      -289183.375    
  0.239999995      -557889.875    
  0.250000000       339604.312    
  0.259999990       565953.375    
  0.269999981      -350610.938    
  0.280000001      -576960.062    
  0.289999992       320533.969    
  0.299999982       589240.438    
  0.310000002      -249355.500    
  0.319999993      -594521.625    
  0.329999983       142436.688    
  0.340000004       578538.625    
  0.349999994      -12716.0000    
  0.359999985      -524874.938    
  0.370000005      -121166.969    
  0.379999995       423570.000    
  0.389999986       236470.219    
  0.399999976      -281529.938    
  0.409999996      -306790.969    
  0.419999987       124942.742    
  0.429999977       307466.156    
  0.439999998       11668.0938    
  0.449999988      -229798.625    
  0.459999979      -102138.594    
  0.469999999       96732.2500    
  0.479999989       139677.031    
  0.489999980       37058.9766    
  0.500000000      -136392.422    
  0.509999990      -109334.898    
  0.519999981       113403.266    
  0.529999971       86345.7734    
  0.539999962      -87105.5547    
  0.550000012       15512.4824    
  0.560000002       58457.1680    
  0.569999993      -140413.688    
  0.579999983      -12753.5625    
  0.589999974       228713.156    
  0.599999964      -67084.9688    
  0.610000014      -249608.375    
  0.620000005       182125.469    
  0.629999995       207386.531    
  0.639999986      -310613.844    
  0.649999976      -123514.000    
  0.659999967       421223.156    
  0.669999957       17515.0469    
  0.680000007      -494644.031    
  0.689999998       96610.8125    
  0.699999988       532712.875    
  0.709999979      -204245.781    
  0.719999969      -549411.812    
  0.729999959       289184.469    
  0.740000010       557890.875    
  0.750000000      -339603.375    
  0.759999990      -565952.375    
  0.769999981       350612.094    
  0.779999971       576961.125    
  0.789999962      -320533.031    
  0.799999952      -589239.625    
  0.810000002       249356.531    
  0.819999993       594522.625    
  0.829999983      -142435.656    
  0.839999974      -578537.625    
  0.849999964       12716.9688    
  0.859999955       524876.000    
  0.870000005       121168.062    
  0.879999995      -423569.000    
  0.889999986      -236469.250    
  0.899999976       281530.938    
  0.909999967       306791.938    
  0.919999957      -124941.781    
  0.930000007      -307465.156    
  0.939999998      -11667.0781    
  0.949999988       229799.656    
  0.959999979       102139.578    
  0.969999969      -96731.2500    
  0.979999959      -139676.016    
  0.989999950      -37057.9609    
   1.00000000       136393.406    
