   9.99999978E-03   212854.094    
   1.99999996E-02   12582.1172    
   2.99999993E-02  -169942.078    
   3.99999991E-02   30060.4141    
   4.99999970E-02   62588.1992    
   5.99999987E-02  -122870.875    
   7.00000003E-02   71993.4609    
   7.99999982E-02   196263.000    
   8.99999961E-02  -202912.250    
   9.99999940E-02  -191046.125    
  0.109999999       315757.188    
  0.119999997       92744.8203    
  0.129999995      -404511.500    
  0.140000001       68628.5312    
  0.149999991       459937.812    
  0.159999996      -247726.031    
  0.170000002      -471576.844    
  0.179999992       412741.312    
  0.189999998       440815.625    
  0.199999988      -551297.438    
  0.209999993      -386458.625    
  0.219999999       659288.688    
  0.229999989       334606.625    
  0.239999995      -732837.125    
  0.250000000      -304755.000    
  0.259999990       769388.688    
  0.269999981       305930.812    
  0.280000001      -768212.875    
  0.289999992      -340130.906    
  0.299999982       727312.500    
  0.310000002       402630.625    
  0.319999993      -643116.375    
  0.329999983      -478277.500    
  0.340000004       513835.375    
  0.349999994       541909.625    
  0.359999985      -342408.312    
  0.370000005      -566258.875    
  0.379999995       141404.844    
  0.389999986       532714.000    
  0.399999976       59573.9375    
  0.409999996      -437682.406    
  0.419999987      -214670.031    
  0.429999977       292133.375    
  0.439999998       280267.219    
  0.449999988      -118908.055    
  0.459999979      -243177.641    
  0.469999999      -48313.3203    
  0.479999989       137145.844    
  0.489999980       169673.656    
  0.500000000      -30328.9141    
  0.509999990      -212853.078    
  0.519999981      -12581.0977    
  0.529999971       169943.047    
  0.539999962      -30059.4414    
  0.550000012      -62587.1797    
  0.560000002       122871.914    
  0.569999993      -71992.5000    
  0.579999983      -196262.031    
  0.589999974       202913.328    
  0.599999964       191047.156    
  0.610000014      -315756.344    
  0.620000005      -92743.8516    
  0.629999995       404512.750    
  0.639999986      -68627.5625    
  0.649999976      -459936.906    
  0.659999967       247727.125    
  0.669999957       471577.812    
  0.680000007      -412740.406    
  0.689999998      -440814.656    
  0.699999988       551298.562    
  0.709999979       386459.500    
  0.719999969      -659287.750    
  0.729999959      -334605.531    
  0.740000010       732838.188    
  0.750000000       304755.969    
  0.759999990      -769387.812    
  0.769999981      -305929.688    
  0.779999971       768214.000    
  0.789999962       340132.000    
  0.799999952      -727311.688    
  0.810000002      -402629.719    
  0.819999993       643117.312    
  0.829999983       478278.531    
  0.839999974      -513834.281    
  0.849999964      -541908.688    
  0.859999955       342409.281    
  0.870000005       566260.000    
  0.879999995      -141403.797    
  0.889999986      -532713.062    
  0.899999976      -59572.9531    
  0.909999967       437683.406    
  0.919999957       214671.000    
  0.930000007      -292132.406    
  0.939999998      -280266.250    
  0.949999988       118909.102    
  0.959999979       243178.656    
  0.969999969       48314.3125    
  0.979999959      -137144.844    
  0.989999950      -169672.641    
   1.00000000       30329.8984    
