   9.99999978E-03   598.789429    
   1.99999996E-02  -116.934845    
   2.99999993E-02  -328.838623    
   3.99999991E-02   196.997925    
   4.99999970E-02  -344.248840    
   5.99999987E-02  -263.085632    
   7.00000003E-02   872.876892    
   7.99999982E-02  -185.565186    
   8.99999961E-02  -911.672729    
   9.99999940E-02   1098.29443    
  0.109999999       384.272827    
  0.119999997      -1879.48792    
  0.129999995       680.879883    
  0.140000001       2059.82495    
  0.149999991      -2044.44678    
  0.159999996      -1568.70435    
  0.170000002       3307.95654    
  0.179999992       580.257324    
  0.189999998      -4188.14941    
  0.199999988       645.517578    
  0.209999993       4681.64551    
  0.219999999      -1783.74023    
  0.229999989      -4894.09717    
  0.239999995       2617.21973    
  0.250000000       4998.10645    
  0.259999990      -3009.14893    
  0.269999981      -5117.38574    
  0.280000001       2889.86914    
  0.289999992       5270.75488    
  0.299999982      -2240.56104    
  0.310000002      -5350.91602    
  0.319999993       1114.46936    
  0.329999983       5150.59619    
  0.340000004       316.929199    
  0.349999994      -4451.47705    
  0.359999985      -1723.77783    
  0.370000005       3152.88257    
  0.379999995       2677.14087    
  0.389999986      -1427.13062    
  0.399999976      -2806.07568    
  0.409999996      -245.707947    
  0.419999987       2018.05286    
  0.429999977       1304.03149    
  0.439999998      -705.935669    
  0.449999988      -1432.04370    
  0.459999979      -373.601624    
  0.469999999       762.360962    
  0.479999989       681.197937    
  0.489999980       139.950928    
  0.500000000      -385.885925    
  0.509999990      -597.789429    
  0.519999981       117.934967    
  0.529999971       329.838562    
  0.539999962      -195.997620    
  0.550000012       345.248810    
  0.560000002       264.085083    
  0.569999993      -871.876587    
  0.579999983       186.565735    
  0.589999974       912.672424    
  0.599999964      -1097.29492    
  0.610000014      -383.272369    
  0.620000005       1880.48828    
  0.629999995      -679.880310    
  0.639999986      -2058.82544    
  0.649999976       2045.44690    
  0.659999967       1569.70459    
  0.669999957      -3306.95728    
  0.680000007      -579.256958    
  0.689999998       4189.15039    
  0.699999988      -644.518311    
  0.709999979      -4680.64551    
  0.719999969       1784.74097    
  0.729999959       4895.09668    
  0.740000010      -2616.21973    
  0.750000000      -4997.10645    
  0.759999990       3010.14893    
  0.769999981       5118.38574    
  0.779999971      -2888.86914    
  0.789999962      -5269.75488    
  0.799999952       2241.56104    
  0.810000002       5351.91602    
  0.819999993      -1113.46936    
  0.829999983      -5149.59619    
  0.839999974      -315.929443    
  0.849999964       4452.47754    
  0.859999955       1724.77783    
  0.870000005      -3151.88330    
  0.879999995      -2676.14111    
  0.889999986       1428.13135    
  0.899999976       2807.07666    
  0.909999967       246.707947    
  0.919999957      -2017.05322    
  0.930000007      -1303.03149    
  0.939999998       706.935730    
  0.949999988       1433.04358    
  0.959999979       374.601685    
  0.969999969      -761.360840    
  0.979999959      -680.197754    
  0.989999950      -138.950958    
   1.00000000       386.885681    
