   9.99999978E-03   5.99883795    
   1.99999996E-02   3.99893332    
   2.99999993E-02   1.60365510    
   3.99999991E-02   4.49209309    
   4.99999970E-02  -3.06837773    
   5.99999987E-02   1.62659216    
   7.00000003E-02   5.07976341    
   7.99999982E-02  -10.6558695    
   8.99999961E-02   7.57805061    
   9.99999940E-02   7.89428186    
  0.109999999      -23.2333794    
  0.119999997       15.2938099    
  0.129999995       19.9194164    
  0.140000001      -43.8507538    
  0.149999991       10.7044258    
  0.159999996       54.6897011    
  0.170000002      -55.8577461    
  0.179999992      -37.6993103    
  0.189999998       95.8852081    
  0.199999988      0.349822998    
  0.209999993      -119.821220    
  0.219999999       41.7884140    
  0.229999989       129.209747    
  0.239999995      -75.1239777    
  0.250000000      -132.428497    
  0.259999990       91.5324783    
  0.269999981       137.000092    
  0.280000001      -86.9608994    
  0.289999992      -144.265381    
  0.299999982       60.0683670    
  0.310000002       147.489655    
  0.319999993      -14.1199646    
  0.329999983      -134.290985    
  0.340000004      -38.7556114    
  0.349999994       94.8288727    
  0.359999985       76.6704330    
  0.370000005      -33.8769989    
  0.379999995      -77.8622742    
  0.389999986      -23.3071022    
  0.399999976       40.4630775    
  0.409999996       45.0886841    
  0.419999987       6.56148911    
  0.429999977      -24.5661793    
  0.439999998      -24.8824100    
  0.449999988      -6.64848328    
  0.459999979       9.08715630    
  0.469999999       12.5403214    
  0.479999989       7.84534264    
  0.489999980      0.284874678    
  0.500000000      -2.60355973    
  0.509999990      -4.99883652    
  0.519999981      -2.99893141    
  0.529999971     -0.603655338    
  0.539999962      -3.49209404    
  0.550000012       4.06837749    
  0.560000002     -0.626591086    
  0.569999993      -4.07976055    
  0.579999983       11.6558628    
  0.589999974      -6.57805157    
  0.599999964      -6.89426708    
  0.610000014       24.2333679    
  0.620000005      -14.2938232    
  0.629999995      -18.9193897    
  0.639999986       44.8507538    
  0.649999976      -9.70444298    
  0.659999967      -53.6896896    
  0.669999957       56.8577538    
  0.680000007       38.6993027    
  0.689999998      -94.8852310    
  0.699999988      0.650173187    
  0.709999979       120.821243    
  0.719999969      -40.7884140    
  0.729999959      -128.209778    
  0.740000010       76.1240082    
  0.750000000       133.428497    
  0.759999990      -90.5325241    
  0.769999981      -136.000092    
  0.779999971       87.9609070    
  0.789999962       145.265366    
  0.799999952      -59.0683746    
  0.810000002      -146.489655    
  0.819999993       15.1199646    
  0.829999983       135.291016    
  0.839999974       39.7556038    
  0.849999964      -93.8288879    
  0.859999955      -75.6704407    
  0.870000005       34.8769875    
  0.879999995       78.8622665    
  0.889999986       24.3071022    
  0.899999976      -39.4630661    
  0.909999967      -44.0886803    
  0.919999957      -5.56149483    
  0.930000007       25.5661659    
  0.939999998       25.8823986    
  0.949999988       7.64848280    
  0.959999979      -8.08714676    
  0.969999969      -11.5403185    
  0.979999959      -6.84534931    
  0.989999950      0.715120554    
   1.00000000       3.60355973    
