   9.99999978E-03   3788.15381    
   1.99999996E-02  -1878.92224    
   2.99999993E-02  -2514.86108    
   3.99999991E-02   1644.59399    
   4.99999970E-02  -1548.76953    
   5.99999987E-02  -1550.50659    
   7.00000003E-02   5454.56201    
   7.99999982E-02  -333.347412    
   8.99999961E-02  -6899.86523    
   9.99999940E-02   4690.49316    
  0.109999999       5330.52246    
  0.119999997      -9940.48145    
  0.129999995      -1189.39014    
  0.140000001       13702.0674    
  0.149999991      -4823.36719    
  0.159999996      -14764.8271    
  0.170000002       11672.7168    
  0.179999992       13459.7227    
  0.189999998      -18015.6348    
  0.199999988      -10704.7988    
  0.209999993       22968.4863    
  0.219999999       7532.02930    
  0.229999989      -26388.0078    
  0.239999995      -5005.18066    
  0.250000000       28440.2168    
  0.259999990       3956.14648    
  0.269999981      -29223.6094    
  0.280000001      -4739.54297    
  0.289999992       28705.8496    
  0.299999982       7323.02734    
  0.310000002      -26597.0020    
  0.319999993      -11160.5391    
  0.329999983       22512.7324    
  0.340000004       15201.8906    
  0.349999994      -16273.4600    
  0.359999985      -18060.4629    
  0.370000005       8377.07715    
  0.379999995       18318.5352    
  0.389999986      -206.899414    
  0.399999976      -15098.3574    
  0.409999996      -6347.26709    
  0.419999987       8923.73633    
  0.429999977       9563.76465    
  0.439999998      -2026.59375    
  0.449999988      -8593.11230    
  0.459999979      -2805.20435    
  0.469999999       4199.86523    
  0.479999989       4201.60498    
  0.489999980       1008.24036    
  0.500000000      -3151.21582    
  0.509999990      -3787.15308    
  0.519999981       1879.92249    
  0.529999971       2515.86084    
  0.539999962      -1643.59277    
  0.550000012       1549.76978    
  0.560000002       1551.50427    
  0.569999993      -5453.56201    
  0.579999983       334.350098    
  0.589999974       6900.86572    
  0.599999964      -4689.49658    
  0.610000014      -5329.52295    
  0.620000005       9941.48535    
  0.629999995       1190.38965    
  0.639999986      -13701.0723    
  0.649999976       4824.36963    
  0.659999967       14765.8271    
  0.669999957      -11671.7168    
  0.680000007      -13458.7227    
  0.689999998       18016.6367    
  0.699999988       10705.7910    
  0.709999979      -22967.4922    
  0.719999969      -7531.02344    
  0.729999959       26389.0098    
  0.740000010       5006.18262    
  0.750000000      -28439.2129    
  0.759999990      -3955.14551    
  0.769999981       29224.6094    
  0.779999971       4740.54297    
  0.789999962      -28704.8477    
  0.799999952      -7322.02930    
  0.810000002       26598.0000    
  0.819999993       11161.5420    
  0.829999983      -22511.7344    
  0.839999974      -15200.8945    
  0.849999964       16274.4600    
  0.859999955       18061.4668    
  0.870000005      -8376.07812    
  0.879999995      -18317.5371    
  0.889999986       207.900391    
  0.899999976       15099.3623    
  0.909999967       6348.26709    
  0.919999957      -8922.74023    
  0.930000007      -9562.76660    
  0.939999998       2027.59424    
  0.949999988       8594.11328    
  0.959999979       2806.20483    
  0.969999969      -4198.86523    
  0.979999959      -4200.60449    
  0.989999950      -1007.24146    
   1.00000000       3152.21484    
