   9.99999978E-03  0.935807765    
   1.99999996E-02  0.932048023    
   2.99999993E-02  0.932048023    
   3.99999991E-02  0.922435880    
   4.99999970E-02  0.922435880    
   5.99999987E-02  0.906938612    
   7.00000003E-02  0.906938612    
   7.99999982E-02  0.885507882    
   8.99999961E-02  0.885507882    
   9.99999940E-02  0.858120859    
  0.109999999      0.858120859    
  0.119999997      0.824831069    
  0.129999995      0.824831069    
  0.140000001      0.785819530    
  0.149999991      0.785819530    
  0.159999996      0.741440535    
  0.170000002      0.741440535    
  0.179999992      0.692252994    
  0.189999998      0.692252994    
  0.199999988      0.639032066    
  0.209999993      0.639032066    
  0.219999999      0.582757890    
  0.229999989      0.582757890    
  0.239999995      0.524580598    
  0.250000000      0.524580598    
  0.259999990      0.465765566    
  0.269999981      0.465765566    
  0.280000001      0.407624155    
  0.289999992      0.407624155    
  0.299999982      0.351438522    
  0.310000002      0.351438522    
  0.319999993      0.298389256    
  0.329999983      0.298389256    
  0.340000004      0.249494806    
  0.349999994      0.249494806    
  0.359999985      0.205570072    
  0.370000005      0.205570072    
  0.379999995      0.167207569    
  0.389999986      0.167207569    
  0.399999976      0.134782910    
  0.409999996      0.134782910    
  0.419999987      0.108481869    
  0.429999977      0.108481869    
  0.439999998       8.83436576E-02
  0.449999988       8.83436576E-02
  0.459999979       7.43131042E-02
  0.469999999       7.43131042E-02
  0.479999989       6.62935302E-02
  0.489999980       6.62935302E-02
  0.500000000       6.41922206E-02
  0.509999990       6.41922206E-02
  0.519999981       6.79519325E-02
  0.529999971       6.79519325E-02
  0.539999962       7.75640085E-02
  0.550000012       7.75640085E-02
  0.560000002       9.30612981E-02
  0.569999993       9.30612981E-02
  0.579999983      0.114492133    
  0.589999974      0.114492133    
  0.599999964      0.141879156    
  0.610000014      0.141879156    
  0.620000005      0.175169021    
  0.629999995      0.175169021    
  0.639999986      0.214180589    
  0.649999976      0.214180589    
  0.659999967      0.258559644    
  0.669999957      0.258559644    
  0.680000007      0.307747215    
  0.689999998      0.307747215    
  0.699999988      0.360968113    
  0.709999979      0.360968113    
  0.719999969      0.417242318    
  0.729999959      0.417242318    
  0.740000010      0.475419670    
  0.750000000      0.475419670    
  0.759999990      0.534234703    
  0.769999981      0.534234703    
  0.779999971      0.592376053    
  0.789999962      0.592376053    
  0.799999952      0.648561776    
  0.810000002      0.648561776    
  0.819999993      0.701610982    
  0.829999983      0.701610982    
  0.839999974      0.750505388    
  0.849999964      0.750505388    
  0.859999955      0.794430196    
  0.870000005      0.794430196    
  0.879999995      0.832792699    
  0.889999986      0.832792699    
  0.899999976      0.865217328    
  0.909999967      0.865217328    
  0.919999957      0.891518235    
  0.930000007      0.891518235    
  0.939999998      0.911656439    
  0.949999988      0.911656439    
  0.959999979      0.925686896    
  0.969999969      0.925686896    
  0.979999959      0.933706462    
  0.989999950      0.933706462    
   1.00000000      0.935807765    
