   9.99999978E-03   0.00000000    
   1.99999996E-02   0.00000000    
   2.99999993E-02   0.00000000    
   3.99999991E-02   0.00000000    
   4.99999970E-02   0.00000000    
   5.99999987E-02   0.00000000    
   7.00000003E-02   0.00000000    
   7.99999982E-02   0.00000000    
   8.99999961E-02   0.00000000    
   9.99999940E-02   0.00000000    
  0.109999999       0.00000000    
  0.119999997       0.00000000    
  0.129999995       0.00000000    
  0.140000001       0.00000000    
  0.149999991       0.00000000    
  0.159999996       0.00000000    
  0.170000002       0.00000000    
  0.179999992       1.46649778E-04
  0.189999998       1.46649778E-04
  0.199999988       2.34639645E-03
  0.209999993       2.34639645E-03
  0.219999999       1.70113742E-02
  0.229999989       1.70113742E-02
  0.239999995       7.40418434E-02
  0.250000000       7.40418434E-02
  0.259999990      0.216618016    
  0.269999981      0.216618016    
  0.280000001      0.454244971    
  0.289999992      0.454244971    
  0.299999982      0.718274951    
  0.310000002      0.718274951    
  0.319999993      0.906867743    
  0.329999983      0.906867743    
  0.340000004      0.985448122    
  0.349999994      0.985448122    
  0.359999985       1.00000000    
  0.370000005       1.00000000    
  0.379999995       1.00000000    
  0.389999986       1.00000000    
  0.399999976       1.00000000    
  0.409999996       1.00000000    
  0.419999987       1.00000000    
  0.429999977       1.00000000    
  0.439999998       1.00000000    
  0.449999988       1.00000000    
  0.459999979       1.00000000    
  0.469999999       1.00000000    
  0.479999989       1.00000000    
  0.489999980       1.00000000    
  0.500000000       1.00000000    
  0.509999990       1.00000000    
  0.519999981       1.00000000    
  0.529999971       1.00000000    
  0.539999962       1.00000000    
  0.550000012       1.00000000    
  0.560000002       1.00000000    
  0.569999993       1.00000000    
  0.579999983       1.00000000    
  0.589999974       1.00000000    
  0.599999964       1.00000000    
  0.610000014       1.00000000    
  0.620000005       1.00000000    
  0.629999995       1.00000000    
  0.639999986       1.00000000    
  0.649999976       1.00000000    
  0.659999967       1.00000000    
  0.669999957       1.00000000    
  0.680000007      0.999853373    
  0.689999998      0.999853373    
  0.699999988      0.997653604    
  0.709999979      0.997653604    
  0.719999969      0.982988596    
  0.729999959      0.982988596    
  0.740000010      0.925958157    
  0.750000000      0.925958157    
  0.759999990      0.783381999    
  0.769999981      0.783381999    
  0.779999971      0.545755029    
  0.789999962      0.545755029    
  0.799999952      0.281725079    
  0.810000002      0.281725079    
  0.819999993       9.31322575E-02
  0.829999983       9.31322575E-02
  0.839999974       1.45519152E-02
  0.849999964       1.45519152E-02
  0.859999955       0.00000000    
  0.870000005       0.00000000    
  0.879999995       0.00000000    
  0.889999986       0.00000000    
  0.899999976       0.00000000    
  0.909999967       0.00000000    
  0.919999957       0.00000000    
  0.930000007       0.00000000    
  0.939999998       0.00000000    
  0.949999988       0.00000000    
  0.959999979       0.00000000    
  0.969999969       0.00000000    
  0.979999959       0.00000000    
  0.989999950       0.00000000    
   1.00000000       0.00000000    
