   9.99999978E-03  0.373818636    
   1.99999996E-02  0.373818636    
   2.99999993E-02  0.293342650    
   3.99999991E-02  0.293342650    
   4.99999970E-02  0.221655115    
   5.99999987E-02  0.221655115    
   7.00000003E-02  0.160905063    
   7.99999982E-02  0.160905063    
   8.99999961E-02  0.111973017    
   9.99999940E-02  0.111973017    
  0.109999999       7.45521784E-02
  0.119999997       7.45521784E-02
  0.129999995       4.74235788E-02
  0.140000001       4.74235788E-02
  0.149999991       2.88348403E-02
  0.159999996       2.88348403E-02
  0.170000002       1.68854315E-02
  0.179999992       1.68854315E-02
  0.189999998       9.84504074E-03
  0.199999988       9.84504074E-03
  0.209999993       6.37011370E-03
  0.219999999       6.37011370E-03
  0.229999989       5.62083395E-03
  0.239999995       5.62083395E-03
  0.250000000       7.30367750E-03
  0.259999990       7.30367750E-03
  0.269999981       1.16686169E-02
  0.280000001       1.16686169E-02
  0.289999992       1.94786154E-02
  0.299999982       1.94786154E-02
  0.310000002       3.19503732E-02
  0.319999993       3.19503732E-02
  0.329999983       5.06493077E-02
  0.340000004       5.06493077E-02
  0.349999994       7.73164332E-02
  0.359999985       7.73164332E-02
  0.370000005      0.113614865    
  0.379999995      0.113614865    
  0.389999986      0.160808265    
  0.399999976      0.160808265    
  0.409999996      0.219416082    
  0.419999987      0.219416082    
  0.429999977      0.288919419    
  0.439999998      0.288919419    
  0.449999988      0.367602527    
  0.459999979      0.367602527    
  0.469999999      0.452599734    
  0.479999989      0.452599734    
  0.489999980      0.540172577    
  0.500000000      0.540172577    
  0.509999990      0.626181483    
  0.519999981      0.626181483    
  0.529999971      0.706657469    
  0.539999962      0.706657469    
  0.550000012      0.778345048    
  0.560000002      0.778345048    
  0.569999993      0.839095116    
  0.579999983      0.839095116    
  0.589999974      0.888027012    
  0.599999964      0.888027012    
  0.610000014      0.925447822    
  0.620000005      0.925447822    
  0.629999995      0.952576458    
  0.639999986      0.952576458    
  0.649999976      0.971165180    
  0.659999967      0.971165180    
  0.669999957      0.983114600    
  0.680000007      0.983114600    
  0.689999998      0.990154922    
  0.699999988      0.990154922    
  0.709999979      0.993629873    
  0.719999969      0.993629873    
  0.729999959      0.994379103    
  0.740000010      0.994379103    
  0.750000000      0.992696226    
  0.759999990      0.992696226    
  0.769999981      0.988331378    
  0.779999971      0.988331378    
  0.789999962      0.980521441    
  0.799999952      0.980521441    
  0.810000002      0.968049645    
  0.819999993      0.968049645    
  0.829999983      0.949350715    
  0.839999974      0.949350715    
  0.849999964      0.922683597    
  0.859999955      0.922683597    
  0.870000005      0.886385143    
  0.879999995      0.886385143    
  0.889999986      0.839191675    
  0.899999976      0.839191675    
  0.909999967      0.780583858    
  0.919999957      0.780583858    
  0.930000007      0.711080551    
  0.939999998      0.711080551    
  0.949999988      0.632397592    
  0.959999979      0.632397592    
  0.969999969      0.547400475    
  0.979999959      0.547400475    
  0.989999950      0.459827572    
   1.00000000      0.459827572    
