   9.99999978E-03  0.925251722    
   1.99999996E-02  0.925251722    
   2.99999993E-02  0.906244576    
   3.99999991E-02  0.906244576    
   4.99999970E-02  0.881170988    
   5.99999987E-02  0.881170988    
   7.00000003E-02  0.849925935    
   7.99999982E-02  0.849925935    
   8.99999961E-02  0.812521815    
   9.99999940E-02  0.812521815    
  0.109999999      0.769155324    
  0.119999997      0.769155324    
  0.129999995      0.720260262    
  0.140000001      0.720260262    
  0.149999991      0.666537225    
  0.159999996      0.666537225    
  0.170000002      0.608954132    
  0.179999992      0.608954132    
  0.189999998      0.548714995    
  0.199999988      0.548714995    
  0.209999993      0.487200379    
  0.219999999      0.487200379    
  0.229999989      0.425884247    
  0.239999995      0.425884247    
  0.250000000      0.366238743    
  0.259999990      0.366238743    
  0.269999981      0.309638232    
  0.280000001      0.309638232    
  0.289999992      0.257275492    
  0.299999982      0.257275492    
  0.310000002      0.210100189    
  0.319999993      0.210100189    
  0.329999983      0.168787032    
  0.340000004      0.168787032    
  0.349999994      0.133736387    
  0.359999985      0.133736387    
  0.370000005      0.105104730    
  0.379999995      0.105104730    
  0.389999986       8.28593373E-02
  0.399999976       8.28593373E-02
  0.409999996       6.68471679E-02
  0.419999987       6.68471679E-02
  0.429999977       5.68675622E-02
  0.439999998       5.68675622E-02
  0.449999988       5.27376272E-02
  0.459999979       5.27376272E-02
  0.469999999       5.43412678E-02
  0.479999989       5.43412678E-02
  0.489999980       6.16551340E-02
  0.500000000       6.16551340E-02
  0.509999990       7.47482181E-02
  0.519999981       7.47482181E-02
  0.529999971       9.37554538E-02
  0.539999962       9.37554538E-02
  0.550000012      0.118828997    
  0.560000002      0.118828997    
  0.569999993      0.150074065    
  0.579999983      0.150074065    
  0.589999974      0.187478289    
  0.599999964      0.187478289    
  0.610000014      0.230844855    
  0.620000005      0.230844855    
  0.629999995      0.279739916    
  0.639999986      0.279739916    
  0.649999976      0.333462894    
  0.659999967      0.333462894    
  0.669999957      0.391046047    
  0.680000007      0.391046047    
  0.689999998      0.451285213    
  0.699999988      0.451285213    
  0.709999979      0.512799799    
  0.719999969      0.512799799    
  0.729999959      0.574115932    
  0.740000010      0.574115932    
  0.750000000      0.633761525    
  0.759999990      0.633761525    
  0.769999981      0.690361977    
  0.779999971      0.690361977    
  0.789999962      0.742724717    
  0.799999952      0.742724717    
  0.810000002      0.789900005    
  0.819999993      0.789900005    
  0.829999983      0.831213117    
  0.839999974      0.831213117    
  0.849999964      0.866263747    
  0.859999955      0.866263747    
  0.870000005      0.894895375    
  0.879999995      0.894895375    
  0.889999986      0.917140722    
  0.899999976      0.917140722    
  0.909999967      0.933152854    
  0.919999957      0.933152854    
  0.930000007      0.943132401    
  0.939999998      0.943132401    
  0.949999988      0.947262287    
  0.959999979      0.947262287    
  0.969999969      0.945658624    
  0.979999959      0.945658624    
  0.989999950      0.938344717    
   1.00000000      0.938344717    
