   9.99999978E-03   6398478.00    
   1.99999996E-02   4383428.00    
   2.99999993E-02  -5520925.50    
   3.99999991E-02  -2404859.00    
   4.99999970E-02   4265180.50    
   5.99999987E-02  -1611824.75    
   7.00000003E-02  -2767679.50    
   7.99999982E-02   6146164.50    
   8.99999961E-02   925058.250    
   9.99999940E-02  -9698709.00    
  0.109999999       1527044.00    
  0.119999997       11431524.0    
  0.129999995      -4756375.00    
  0.140000001      -11369295.0    
  0.149999991       8586120.00    
  0.159999996       10111932.0    
  0.170000002      -12489338.0    
  0.179999992      -8343895.50    
  0.189999998       15863216.0    
  0.199999988       6520387.50    
  0.209999993      -18354544.0    
  0.219999999      -4888848.50    
  0.229999989       19962696.0    
  0.239999995       3675325.00    
  0.250000000      -20876664.0    
  0.259999990      -3152825.00    
  0.269999981       21240340.0    
  0.280000001       3516504.00    
  0.289999992      -21035482.0    
  0.299999982      -4748114.50    
  0.310000002       20103432.0    
  0.319999993       6637741.00    
  0.329999983      -18237190.0    
  0.340000004      -8894363.00    
  0.349999994       15312746.0    
  0.359999985       11167306.0    
  0.370000005      -11433956.0    
  0.379999995      -12959769.0    
  0.389999986       6995642.00    
  0.399999976       13608560.0    
  0.409999996      -2579341.00    
  0.419999987      -12483819.0    
  0.429999977      -1258067.25    
  0.439999998       9365699.00    
  0.449999988       4144596.00    
  0.459999979      -4769248.00    
  0.469999999      -5925104.00    
  0.479999989      -48096.5000    
  0.489999980       6621944.50    
  0.500000000       3505876.50    
  0.509999990      -6398478.00    
  0.519999981      -4383426.50    
  0.529999971       5520927.00    
  0.539999962       2404859.00    
  0.550000012      -4265180.50    
  0.560000002       1611827.25    
  0.569999993       2767681.00    
  0.579999983      -6146165.50    
  0.589999974      -925057.500    
  0.599999964       9698714.00    
  0.610000014      -1527045.00    
  0.620000005      -11431526.0    
  0.629999995       4756380.00    
  0.639999986       11369298.0    
  0.649999976      -8586120.00    
  0.659999967      -10111932.0    
  0.669999957       12489340.0    
  0.680000007       8343897.00    
  0.689999998      -15863220.0    
  0.699999988      -6520382.50    
  0.709999979       18354550.0    
  0.719999969       4888846.50    
  0.729999959      -19962700.0    
  0.740000010      -3675318.00    
  0.750000000       20876668.0    
  0.759999990       3152822.00    
  0.769999981      -21240344.0    
  0.779999971      -3516499.00    
  0.789999962       21035484.0    
  0.799999952       4748109.50    
  0.810000002      -20103434.0    
  0.819999993      -6637738.50    
  0.829999983       18237192.0    
  0.839999974       8894364.00    
  0.849999964      -15312744.0    
  0.859999955      -11167306.0    
  0.870000005       11433956.0    
  0.879999995       12959768.0    
  0.889999986      -6995638.00    
  0.899999976      -13608556.0    
  0.909999967       2579341.00    
  0.919999957       12483821.0    
  0.930000007       1258068.00    
  0.939999998      -9365700.00    
  0.949999988      -4144594.75    
  0.959999979       4769250.50    
  0.969999969       5925105.00    
  0.979999959       48097.2500    
  0.989999950      -6621943.50    
   1.00000000      -3505875.50    
