   9.99999978E-03  -3320.70386    
   1.99999996E-02   8066.60693    
   2.99999993E-02   2283.51270    
   3.99999991E-02  -4169.02832    
   4.99999970E-02   4257.00781    
   5.99999987E-02  -1212.01562    
   7.00000003E-02  -10262.9941    
   7.99999982E-02   7641.62158    
   8.99999961E-02   10295.0195    
   9.99999940E-02  -14743.9316    
  0.109999999      -3305.31250    
  0.119999997       20816.7188    
  0.129999995      -7998.82031    
  0.140000001      -23140.2227    
  0.149999991       20380.8047    
  0.159999996       20237.9883    
  0.170000002      -31790.5391    
  0.179999992      -13187.0586    
  0.189999998       41029.0664    
  0.199999988       4496.16504    
  0.209999993      -47442.4961    
  0.219999999       3645.44727    
  0.229999989       51328.8555    
  0.239999995      -9659.47266    
  0.250000000      -53586.0234    
  0.259999990       12368.0664    
  0.269999981       54832.6406    
  0.280000001      -11121.4453    
  0.289999992      -55047.9922    
  0.299999982       5940.32617    
  0.310000002       53623.7148    
  0.319999993       2535.77734    
  0.329999983      -49402.8633    
  0.340000004      -12869.9609    
  0.349999994       41346.1484    
  0.359999985       22742.6641    
  0.370000005      -29285.8555    
  0.379999995      -29143.0332    
  0.389999986       14377.9961    
  0.399999976       29519.3984    
  0.409999996       703.857422    
  0.419999987      -23418.1758    
  0.429999977      -11979.5557    
  0.439999998       13059.3965    
  0.449999988       15712.7949    
  0.459999979      -2191.82080    
  0.469999999      -11242.8057    
  0.479999989      -5773.78418    
  0.489999980       2652.25586    
  0.500000000       9104.79883    
  0.509999990       3321.70215    
  0.519999981      -8065.60693    
  0.529999971      -2282.51221    
  0.539999962       4170.02637    
  0.550000012      -4256.00684    
  0.560000002       1213.01855    
  0.569999993       10263.9941    
  0.579999983      -7640.62695    
  0.589999974      -10294.0176    
  0.599999964       14744.9385    
  0.610000014       3306.31006    
  0.620000005      -20815.7285    
  0.629999995       7999.82520    
  0.639999986       23141.2285    
  0.649999976      -20379.8105    
  0.659999967      -20236.9883    
  0.669999957       31791.5430    
  0.680000007       13188.0557    
  0.689999998      -41028.0703    
  0.699999988      -4495.15234    
  0.709999979       47443.5000    
  0.719999969      -3644.46094    
  0.729999959      -51327.8594    
  0.740000010       9660.47070    
  0.750000000       53587.0273    
  0.759999990      -12367.0684    
  0.769999981      -54831.6328    
  0.779999971       11122.4473    
  0.789999962       55048.9922    
  0.799999952      -5939.31836    
  0.810000002      -53622.7188    
  0.819999993      -2534.78320    
  0.829999983       49403.8672    
  0.839999974       12870.9668    
  0.849999964      -41345.1484    
  0.859999955      -22741.6680    
  0.870000005       29286.8516    
  0.879999995       29144.0352    
  0.889999986      -14376.9980    
  0.899999976      -29518.4004    
  0.909999967      -702.853516    
  0.919999957       23419.1797    
  0.930000007       11980.5557    
  0.939999998      -13058.3994    
  0.949999988      -15711.7969    
  0.959999979       2192.82227    
  0.969999969       11243.8057    
  0.979999959       5774.78418    
  0.989999950      -2651.25415    
   1.00000000      -9103.79785    
