   9.99999978E-03   0.00000000    
   1.99999996E-02   0.00000000    
   2.99999993E-02   0.00000000    
   3.99999991E-02   0.00000000    
   4.99999970E-02   0.00000000    
   5.99999987E-02   1.13411380E-09
   7.00000003E-02   1.13411380E-09
   7.99999982E-02   4.08280947E-08
   8.99999961E-02   4.08280947E-08
   9.99999940E-02   7.02394402E-07
  0.109999999       7.02394402E-07
  0.119999997       7.68559403E-06
  0.129999995       7.68559403E-06
  0.140000001       6.00595849E-05
  0.149999991       6.00595849E-05
  0.159999996       3.56845616E-04
  0.170000002       3.56845616E-04
  0.179999992       1.67589460E-03
  0.189999998       1.67589460E-03
  0.199999988       6.38678344E-03
  0.209999993       6.38678344E-03
  0.219999999       2.01268774E-02
  0.229999989       2.01268774E-02
  0.239999995       5.32048754E-02
  0.250000000       5.32048754E-02
  0.259999990      0.119360879    
  0.269999981      0.119360879    
  0.280000001      0.229620874    
  0.289999992      0.229620874    
  0.299999982      0.382759750    
  0.310000002      0.382759750    
  0.319999993      0.559458554    
  0.329999983      0.559458554    
  0.340000004      0.727743089    
  0.349999994      0.727743089    
  0.359999985      0.858631074    
  0.370000005      0.858631074    
  0.379999995      0.940436006    
  0.389999986      0.940436006    
  0.399999976      0.980536461    
  0.409999996      0.980536461    
  0.419999987      0.995388508    
  0.429999977      0.995388508    
  0.439999998      0.999296904    
  0.449999988      0.999296904    
  0.459999979      0.999948263    
  0.469999999      0.999948263    
  0.479999989       1.00000000    
  0.489999980       1.00000000    
  0.500000000       1.00000000    
  0.509999990       1.00000000    
  0.519999981       1.00000000    
  0.529999971       1.00000000    
  0.539999962       1.00000000    
  0.550000012       1.00000000    
  0.560000002       1.00000000    
  0.569999993       1.00000000    
  0.579999983       1.00000000    
  0.589999974       1.00000000    
  0.599999964      0.999999285    
  0.610000014      0.999999285    
  0.620000005      0.999992311    
  0.629999995      0.999992311    
  0.639999986      0.999939978    
  0.649999976      0.999939978    
  0.659999967      0.999643266    
  0.669999957      0.999643266    
  0.680000007      0.998324156    
  0.689999998      0.998324156    
  0.699999988      0.993613243    
  0.709999979      0.993613243    
  0.719999969      0.979873061    
  0.729999959      0.979873061    
  0.740000010      0.946795106    
  0.750000000      0.946795106    
  0.759999990      0.880639076    
  0.769999981      0.880639076    
  0.779999971      0.770379066    
  0.789999962      0.770379066    
  0.799999952      0.617240191    
  0.810000002      0.617240191    
  0.819999993      0.440541506    
  0.829999983      0.440541506    
  0.839999974      0.272256970    
  0.849999964      0.272256970    
  0.859999955      0.141369000    
  0.870000005      0.141369000    
  0.879999995       5.95640317E-02
  0.889999986       5.95640317E-02
  0.899999976       1.94635577E-02
  0.909999967       1.94635577E-02
  0.919999957       4.61153174E-03
  0.930000007       4.61153174E-03
  0.939999998       7.03103549E-04
  0.949999988       7.03103549E-04
  0.959999979       5.16987893E-05
  0.969999969       5.16987893E-05
  0.979999959       0.00000000    
  0.989999950       0.00000000    
   1.00000000       0.00000000    
