   9.99999978E-03   5.44451526E-04
   1.99999996E-02   8.79283543E-05
   2.99999993E-02   8.79283543E-05
   3.99999991E-02   9.23239986E-06
   4.99999970E-02   9.23239986E-06
   5.99999987E-02   6.23002620E-07
   7.00000003E-02   6.23002620E-07
   7.99999982E-02   1.13705460E-06
   8.99999961E-02   1.13705460E-06
   9.99999940E-02   6.99568500E-06
  0.109999999       6.99568500E-06
  0.119999997       3.62888459E-05
  0.129999995       3.62888459E-05
  0.140000001       1.61055970E-04
  0.149999991       1.61055970E-04
  0.159999996       6.18535443E-04
  0.170000002       6.18535443E-04
  0.179999992       2.07415200E-03
  0.189999998       2.07415200E-03
  0.199999988       6.11753110E-03
  0.209999993       6.11753110E-03
  0.219999999       1.59667879E-02
  0.229999989       1.59667879E-02
  0.239999995       3.70723344E-02
  0.250000000       3.70723344E-02
  0.259999990       7.69383758E-02
  0.269999981       7.69383758E-02
  0.280000001      0.143381774    
  0.289999992      0.143381774    
  0.299999982      0.241092652    
  0.310000002      0.241092652    
  0.319999993      0.367754906    
  0.329999983      0.367754906    
  0.340000004      0.512194335    
  0.349999994      0.512194335    
  0.359999985      0.656633794    
  0.370000005      0.656633794    
  0.379999995      0.782731712    
  0.389999986      0.782731712    
  0.399999976      0.878260434    
  0.409999996      0.878260434    
  0.419999987      0.940561771    
  0.429999977      0.940561771    
  0.439999998      0.975173593    
  0.449999988      0.975173593    
  0.459999979      0.991325855    
  0.469999999      0.991325855    
  0.479999989      0.997538269    
  0.489999980      0.997538269    
  0.500000000      0.999455571    
  0.509999990      0.999455571    
  0.519999981      0.999912083    
  0.529999971      0.999912083    
  0.539999962      0.999990821    
  0.550000012      0.999990821    
  0.560000002      0.999999344    
  0.569999993      0.999999344    
  0.579999983      0.999998808    
  0.589999974      0.999998808    
  0.599999964      0.999992967    
  0.610000014      0.999992967    
  0.620000005      0.999963760    
  0.629999995      0.999963760    
  0.639999986      0.999838948    
  0.649999976      0.999838948    
  0.659999967      0.999381483    
  0.669999957      0.999381483    
  0.680000007      0.997925878    
  0.689999998      0.997925878    
  0.699999988      0.993882477    
  0.709999979      0.993882477    
  0.719999969      0.984033227    
  0.729999959      0.984033227    
  0.740000010      0.962927639    
  0.750000000      0.962927639    
  0.759999990      0.923061609    
  0.769999981      0.923061609    
  0.779999971      0.856618166    
  0.789999962      0.856618166    
  0.799999952      0.758907378    
  0.810000002      0.758907378    
  0.819999993      0.632245123    
  0.829999983      0.632245123    
  0.839999974      0.487805724    
  0.849999964      0.487805724    
  0.859999955      0.343366265    
  0.870000005      0.343366265    
  0.879999995      0.217268333    
  0.889999986      0.217268333    
  0.899999976      0.121739633    
  0.909999967      0.121739633    
  0.919999957       5.94382882E-02
  0.930000007       5.94382882E-02
  0.939999998       2.48264391E-02
  0.949999988       2.48264391E-02
  0.959999979       8.67423788E-03
  0.969999969       8.67423788E-03
  0.979999959       2.46185367E-03
  0.989999950       2.46185367E-03
   1.00000000       5.44451526E-04
