   9.99999978E-03   217291.031    
   1.99999996E-02   108281.164    
   2.99999993E-02  -174311.656    
   3.99999991E-02  -28072.1562    
   4.99999970E-02   100821.016    
   5.99999987E-02  -125222.188    
   7.00000003E-02  -7790.00781    
   7.99999982E-02   264989.438    
   8.99999961E-02  -106084.969    
   9.99999940E-02  -320713.500    
  0.109999999       244809.453    
  0.119999997       272812.000    
  0.129999995      -398482.438    
  0.140000001      -147483.797    
  0.149999991       539026.438    
  0.159999996      -14847.3750    
  0.170000002      -636693.688    
  0.179999992       184643.188    
  0.189999998       681825.312    
  0.199999988      -344478.875    
  0.209999993      -689105.125    
  0.219999999       479022.375    
  0.229999989       682638.062    
  0.239999995      -572996.750    
  0.250000000      -680311.438    
  0.259999990       616717.250    
  0.269999981       690331.188    
  0.280000001      -606697.438    
  0.289999992      -714012.250    
  0.299999982       541622.125    
  0.310000002       745237.875    
  0.319999993      -422889.344    
  0.329999983      -767515.438    
  0.340000004       258788.594    
  0.349999994       755970.562    
  0.359999985      -65366.1875    
  0.370000005      -687212.188    
  0.379999995      -133338.375    
  0.389999986       553171.750    
  0.399999976       302173.031    
  0.409999996      -369121.406    
  0.419999987      -397123.969    
  0.429999977       168399.062    
  0.439999998       383027.562    
  0.449999988       11953.1641    
  0.459999979      -260826.328    
  0.469999999      -143394.188    
  0.479999989       82649.1016    
  0.489999980       211542.344    
  0.500000000       65302.7734    
  0.509999990      -217290.031    
  0.519999981      -108280.125    
  0.529999971       174312.625    
  0.539999962       28073.1133    
  0.550000012      -100820.016    
  0.560000002       125223.242    
  0.569999993       7790.98438    
  0.579999983      -264988.500    
  0.589999974       106086.031    
  0.599999964       320714.562    
  0.610000014      -244808.594    
  0.620000005      -272811.125    
  0.629999995       398483.688    
  0.639999986       147484.844    
  0.649999976      -539025.562    
  0.659999967       14848.4375    
  0.669999957       636694.688    
  0.680000007      -184642.281    
  0.689999998      -681824.375    
  0.699999988       344480.031    
  0.709999979       689106.062    
  0.719999969      -479021.500    
  0.729999959      -682637.000    
  0.740000010       572997.812    
  0.750000000       680312.500    
  0.759999990      -616716.375    
  0.769999981      -690330.125    
  0.779999971       606698.562    
  0.789999962       714013.438    
  0.799999952      -541621.250    
  0.810000002      -745237.000    
  0.819999993       422890.250    
  0.829999983       767516.438    
  0.839999974      -258787.469    
  0.849999964      -755969.562    
  0.859999955       65367.0938    
  0.870000005       687213.250    
  0.879999995       133339.453    
  0.889999986      -553170.750    
  0.899999976      -302172.062    
  0.909999967       369122.438    
  0.919999957       397124.938    
  0.930000007      -168398.094    
  0.939999998      -383026.625    
  0.949999988      -11952.1250    
  0.959999979       260827.359    
  0.969999969       143395.188    
  0.979999959      -82648.1094    
  0.989999950      -211541.328    
   1.00000000      -65301.7891    
