   9.99999978E-03  0.482690752    
   1.99999996E-02  0.482690752    
   2.99999993E-02  0.400348723    
   3.99999991E-02  0.400348723    
   4.99999970E-02  0.321928412    
   5.99999987E-02  0.321928412    
   7.00000003E-02  0.250453264    
   7.99999982E-02  0.250453264    
   8.99999961E-02  0.188145891    
   9.99999940E-02  0.188145891    
  0.109999999      0.136233151    
  0.119999997      0.136233151    
  0.129999995       9.49324444E-02
  0.140000001       9.49324444E-02
  0.149999991       6.36017919E-02
  0.159999996       6.36017919E-02
  0.170000002       4.10024635E-02
  0.179999992       4.10024635E-02
  0.189999998       2.56070849E-02
  0.199999988       2.56070849E-02
  0.209999993       1.58910491E-02
  0.219999999       1.58910491E-02
  0.229999989       1.05654020E-02
  0.239999995       1.05654020E-02
  0.250000000       8.73412006E-03
  0.259999990       8.73412006E-03
  0.269999981       9.97906085E-03
  0.280000001       9.97906085E-03
  0.289999992       1.43858958E-02
  0.299999982       1.43858958E-02
  0.310000002       2.25232616E-02
  0.319999993       2.25232616E-02
  0.329999983       3.53794321E-02
  0.340000004       3.53794321E-02
  0.349999994       5.42522073E-02
  0.359999985       5.42522073E-02
  0.370000005       8.05843174E-02
  0.379999995       8.05843174E-02
  0.389999986      0.115742840    
  0.399999976      0.115742840    
  0.409999996      0.160756230    
  0.419999987      0.160756230    
  0.429999977      0.216042608    
  0.439999998      0.216042608    
  0.449999988      0.281181127    
  0.459999979      0.281181127    
  0.469999999      0.354784697    
  0.479999989      0.354784697    
  0.489999980      0.434522033    
  0.500000000      0.434522033    
  0.509999990      0.517309427    
  0.519999981      0.517309427    
  0.529999971      0.599651396    
  0.539999962      0.599651396    
  0.550000012      0.678071737    
  0.560000002      0.678071737    
  0.569999993      0.749546885    
  0.579999983      0.749546885    
  0.589999974      0.811854243    
  0.599999964      0.811854243    
  0.610000014      0.863766968    
  0.620000005      0.863766968    
  0.629999995      0.905067623    
  0.639999986      0.905067623    
  0.649999976      0.936398327    
  0.659999967      0.936398327    
  0.669999957      0.958997488    
  0.680000007      0.958997488    
  0.689999998      0.974392891    
  0.699999988      0.974392891    
  0.709999979      0.984108925    
  0.719999969      0.984108925    
  0.729999959      0.989434600    
  0.740000010      0.989434600    
  0.750000000      0.991265893    
  0.759999990      0.991265893    
  0.769999981      0.990020931    
  0.779999971      0.990020931    
  0.789999962      0.985614061    
  0.799999952      0.985614061    
  0.810000002      0.977476776    
  0.819999993      0.977476776    
  0.829999983      0.964620590    
  0.839999974      0.964620590    
  0.849999964      0.945747733    
  0.859999955      0.945747733    
  0.870000005      0.919415653    
  0.879999995      0.919415653    
  0.889999986      0.884257078    
  0.899999976      0.884257078    
  0.909999967      0.839243650    
  0.919999957      0.839243650    
  0.930000007      0.783957362    
  0.939999998      0.783957362    
  0.949999988      0.718818843    
  0.959999979      0.718818843    
  0.969999969      0.645215392    
  0.979999959      0.645215392    
  0.989999950      0.565478146    
   1.00000000      0.565478146    
