   9.99999978E-03   19508284.0    
   1.99999996E-02  -19069108.0    
   2.99999993E-02  -17174576.0    
   3.99999991E-02   16636150.0    
   4.99999970E-02   6335109.50    
   5.99999987E-02  -14446686.0    
   7.00000003E-02   9334520.00    
   7.99999982E-02   11983242.0    
   8.99999961E-02  -25053854.0    
   9.99999940E-02  -7996074.00    
  0.109999999       36975072.0    
  0.119999997       1175592.00    
  0.129999995      -43521904.0    
  0.140000001       8929026.00    
  0.149999991       45382560.0    
  0.159999996      -21384672.0    
  0.170000002      -44387584.0    
  0.179999992       34198408.0    
  0.189999998       42211352.0    
  0.199999988      -45300884.0    
  0.209999993      -39804120.0    
  0.219999999       53465476.0    
  0.229999989       37682272.0    
  0.239999995      -58523608.0    
  0.250000000      -36409800.0    
  0.259999990       60849544.0    
  0.269999981       36605992.0    
  0.280000001      -60653348.0    
  0.289999992      -38539556.0    
  0.299999982       57666328.0    
  0.310000002       41883136.0    
  0.319999993      -51386460.0    
  0.329999983      -45889696.0    
  0.340000004       41622536.0    
  0.349999994       49635472.0    
  0.359999985      -28950508.0    
  0.370000005      -51953420.0    
  0.379999995       14813796.0    
  0.389999986       51267332.0    
  0.399999976      -1183584.00    
  0.409999996      -45881060.0    
  0.419999987      -10081588.0    
  0.429999977       34889540.0    
  0.439999998       17831766.0    
  0.449999988      -19205332.0    
  0.459999979      -21854060.0    
  0.469999999       1927148.00    
  0.479999989       22708948.0    
  0.489999980       12407906.0    
  0.500000000      -21402820.0    
  0.509999990      -19508284.0    
  0.519999981       19069112.0    
  0.529999971       17174572.0    
  0.539999962      -16636152.0    
  0.550000012      -6335105.50    
  0.560000002       14446694.0    
  0.569999993      -9334530.00    
  0.579999983      -11983244.0    
  0.589999974       25053868.0    
  0.599999964       7996071.00    
  0.610000014      -36975072.0    
  0.620000005      -1175591.00    
  0.629999995       43521904.0    
  0.639999986      -8929025.00    
  0.649999976      -45382568.0    
  0.659999967       21384684.0    
  0.669999957       44387584.0    
  0.680000007      -34198420.0    
  0.689999998      -42211352.0    
  0.699999988       45300904.0    
  0.709999979       39804120.0    
  0.719999969      -53465492.0    
  0.729999959      -37682260.0    
  0.740000010       58523632.0    
  0.750000000       36409792.0    
  0.759999990      -60849560.0    
  0.769999981      -36605976.0    
  0.779999971       60653368.0    
  0.789999962       38539544.0    
  0.799999952      -57666336.0    
  0.810000002      -41883128.0    
  0.819999993       51386464.0    
  0.829999983       45889696.0    
  0.839999974      -41622528.0    
  0.849999964      -49635464.0    
  0.859999955       28950510.0    
  0.870000005       51953416.0    
  0.879999995      -14813792.0    
  0.889999986      -51267320.0    
  0.899999976       1183578.00    
  0.909999967       45881056.0    
  0.919999957       10081592.0    
  0.930000007      -34889536.0    
  0.939999998      -17831756.0    
  0.949999988       19205338.0    
  0.959999979       21854060.0    
  0.969999969      -1927153.00    
  0.979999959      -22708950.0    
  0.989999950      -12407904.0    
   1.00000000       21402822.0    
