   9.99999978E-03   7885135.00    
   1.99999996E-02  -22777052.0    
   2.99999993E-02  -6946641.00    
   3.99999991E-02   18134684.0    
   4.99999970E-02  -952507.000    
   5.99999987E-02  -11015782.0    
   7.00000003E-02   12771111.0    
   7.99999982E-02   2730582.50    
   8.99999961E-02  -24239526.0    
   9.99999940E-02   5987892.00    
  0.109999999       31696338.0    
  0.119999997      -15127042.0    
  0.129999995      -33514198.0    
  0.140000001       24903780.0    
  0.149999991       30384820.0    
  0.159999996      -35087184.0    
  0.170000002      -24425228.0    
  0.179999992       44762240.0    
  0.189999998       17830098.0    
  0.199999988      -52762780.0    
  0.209999993      -12017488.0    
  0.219999999       58383752.0    
  0.229999989       7655612.00    
  0.239999995      -61722896.0    
  0.250000000      -5141546.00    
  0.259999990       63350112.0    
  0.269999981       4860732.00    
  0.280000001      -63630928.0    
  0.289999992      -7049592.00    
  0.299999982       62328924.0    
  0.310000002       11600794.0    
  0.319999993      -58800448.0    
  0.329999983      -18055156.0    
  0.340000004       52537716.0    
  0.349999994       25605570.0    
  0.359999985      -43581884.0    
  0.370000005      -32919936.0    
  0.379999995       32552056.0    
  0.389999986       38033104.0    
  0.399999976      -20384860.0    
  0.409999996      -38772004.0    
  0.419999987       8051362.00    
  0.429999977       33759796.0    
  0.439999998       3532384.00    
  0.449999988      -23437730.0    
  0.459999979      -13397204.0    
  0.469999999       10389692.0    
  0.479999989       20452970.0    
  0.489999980       1365776.00    
  0.500000000      -23715548.0    
  0.509999990      -7885133.00    
  0.519999981       22777054.0    
  0.529999971       6946639.00    
  0.539999962      -18134684.0    
  0.550000012       952512.000    
  0.560000002       11015786.0    
  0.569999993      -12771121.0    
  0.579999983      -2730579.50    
  0.589999974       24239538.0    
  0.599999964      -5987898.00    
  0.610000014      -31696338.0    
  0.620000005       15127043.0    
  0.629999995       33514198.0    
  0.639999986      -24903780.0    
  0.649999976      -30384822.0    
  0.659999967       35087196.0    
  0.669999957       24425224.0    
  0.680000007      -44762248.0    
  0.689999998      -17830090.0    
  0.699999988       52762796.0    
  0.709999979       12017478.0    
  0.719999969      -58383760.0    
  0.729999959      -7655592.00    
  0.740000010       61722912.0    
  0.750000000       5141532.00    
  0.759999990      -63350120.0    
  0.769999981      -4860714.00    
  0.779999971       63630940.0    
  0.789999962       7049576.00    
  0.799999952      -62328928.0    
  0.810000002      -11600784.0    
  0.819999993       58800448.0    
  0.829999983       18055158.0    
  0.839999974      -52537708.0    
  0.849999964      -25605564.0    
  0.859999955       43581884.0    
  0.870000005       32919932.0    
  0.879999995      -32552048.0    
  0.889999986      -38033096.0    
  0.899999976       20384854.0    
  0.909999967       38772004.0    
  0.919999957      -8051356.00    
  0.930000007      -33759792.0    
  0.939999998      -3532375.00    
  0.949999988       23437732.0    
  0.959999979       13397202.0    
  0.969999969      -10389696.0    
  0.979999959      -20452970.0    
  0.989999950      -1365774.00    
   1.00000000       23715550.0    
