   9.99999978E-03  -58164164.0    
   1.99999996E-02  -82940736.0    
   2.99999993E-02   51789012.0    
   3.99999991E-02   59583464.0    
   4.99999970E-02  -51189720.0    
   5.99999987E-02  -13700980.0    
   7.00000003E-02   54506880.0    
   7.99999982E-02  -41741120.0    
   8.99999961E-02  -56745896.0    
   9.99999940E-02   93399712.0    
  0.109999999       51596912.0    
  0.119999997      -132568152.    
  0.129999995      -34381532.0    
  0.140000001       157289312.    
  0.149999991       4661200.00    
  0.159999996      -170811056.    
  0.170000002       33154000.0    
  0.179999992       177954240.    
  0.189999998      -71761416.0    
  0.199999988      -182137792.    
  0.209999993       104324768.    
  0.219999999       184785856.    
  0.229999989      -127044328.    
  0.239999995      -186531040.    
  0.250000000       139344320.    
  0.259999990       188264224.    
  0.269999981      -141975776.    
  0.280000001      -190895728.    
  0.289999992       134979664.    
  0.299999982       194466400.    
  0.310000002      -117363840.    
  0.319999993      -197824960.    
  0.329999983       88637552.0    
  0.340000004       199013888.    
  0.349999994      -50701712.0    
  0.359999985      -195501920.    
  0.370000005       8463072.00    
  0.379999995       183935264.    
  0.389999986       31307216.0    
  0.399999976      -160363584.    
  0.409999996      -62176984.0    
  0.419999987       121988048.    
  0.429999977       80185280.0    
  0.439999998      -69960288.0    
  0.449999988      -84965056.0    
  0.459999979       11282928.0    
  0.469999999       79490784.0    
  0.479999989       42002056.0    
  0.489999980      -68771144.0    
  0.500000000      -76565584.0    
  0.509999990       58164172.0    
  0.519999981       82940736.0    
  0.529999971      -51789024.0    
  0.539999962      -59583452.0    
  0.550000012       51189740.0    
  0.560000002       13700957.0    
  0.569999993      -54506888.0    
  0.579999983       41741140.0    
  0.589999974       56745896.0    
  0.599999964      -93399712.0    
  0.610000014      -51596940.0    
  0.620000005       132568176.    
  0.629999995       34381528.0    
  0.639999986      -157289328.    
  0.649999976      -4661176.00    
  0.659999967       170811072.    
  0.669999957      -33154032.0    
  0.680000007      -177954256.    
  0.689999998       71761472.0    
  0.699999988       182137776.    
  0.709999979      -104324848.    
  0.719999969      -184785888.    
  0.729999959       127044416.    
  0.740000010       186531040.    
  0.750000000      -139344384.    
  0.759999990      -188264224.    
  0.769999981       141975856.    
  0.779999971       190895680.    
  0.789999962      -134979744.    
  0.799999952      -194466368.    
  0.810000002       117363872.    
  0.819999993       197824944.    
  0.829999983      -88637560.0    
  0.839999974      -199013888.    
  0.849999964       50701712.0    
  0.859999955       195501920.    
  0.870000005      -8463056.00    
  0.879999995      -183935248.    
  0.889999986      -31307200.0    
  0.899999976       160363552.    
  0.909999967       62177000.0    
  0.919999957      -121988024.    
  0.930000007      -80185256.0    
  0.939999998       69960280.0    
  0.949999988       84965040.0    
  0.959999979      -11282932.0    
  0.969999969      -79490776.0    
  0.979999959      -42002024.0    
  0.989999950       68771144.0    
   1.00000000       76565584.0    
