   9.99999978E-03  0.933923781    
   1.99999996E-02  0.933923781    
   2.99999993E-02  0.922162533    
   3.99999991E-02  0.922162533    
   4.99999970E-02  0.904502094    
   5.99999987E-02  0.904502094    
   7.00000003E-02  0.880857110    
   7.99999982E-02  0.880857110    
   8.99999961E-02  0.851180911    
   9.99999940E-02  0.851180911    
  0.109999999      0.815524399    
  0.119999997      0.815524399    
  0.129999995      0.774093032    
  0.140000001      0.774093032    
  0.149999991      0.727294266    
  0.159999996      0.727294266    
  0.170000002      0.675765812    
  0.179999992      0.675765812    
  0.189999998      0.620381415    
  0.199999988      0.620381415    
  0.209999993      0.562228858    
  0.219999999      0.562228858    
  0.229999989      0.502563298    
  0.239999995      0.502563298    
  0.250000000      0.442740321    
  0.259999990      0.442740321    
  0.269999981      0.384134859    
  0.280000001      0.384134859    
  0.289999992      0.328058332    
  0.299999982      0.328058332    
  0.310000002      0.275682479    
  0.319999993      0.275682479    
  0.329999983      0.227980211    
  0.340000004      0.227980211    
  0.349999994      0.185689539    
  0.359999985      0.185689539    
  0.370000005      0.149304852    
  0.379999995      0.149304852    
  0.389999986      0.119094416    
  0.399999976      0.119094416    
  0.409999996       9.51398909E-02
  0.419999987       9.51398909E-02
  0.429999977       7.73910433E-02
  0.439999998       7.73910433E-02
  0.449999988       6.57263994E-02
  0.459999979       6.57263994E-02
  0.469999999       6.00109063E-02
  0.479999989       6.00109063E-02
  0.489999980       6.01417571E-02
  0.500000000       6.01417571E-02
  0.509999990       6.60761595E-02
  0.519999981       6.60761595E-02
  0.529999971       7.78373331E-02
  0.539999962       7.78373331E-02
  0.550000012       9.54978168E-02
  0.560000002       9.54978168E-02
  0.569999993      0.119142875    
  0.579999983      0.119142875    
  0.589999974      0.148819089    
  0.599999964      0.148819089    
  0.610000014      0.184475660    
  0.620000005      0.184475660    
  0.629999995      0.225906998    
  0.639999986      0.225906998    
  0.649999976      0.272705853    
  0.659999967      0.272705853    
  0.669999957      0.324234337    
  0.680000007      0.324234337    
  0.689999998      0.379618764    
  0.699999988      0.379618764    
  0.709999979      0.437771410    
  0.719999969      0.437771410    
  0.729999959      0.497436881    
  0.740000010      0.497436881    
  0.750000000      0.557259858    
  0.759999990      0.557259858    
  0.769999981      0.615865409    
  0.779999971      0.615865409    
  0.789999962      0.671941876    
  0.799999952      0.671941876    
  0.810000002      0.724317729    
  0.819999993      0.724317729    
  0.829999983      0.772020042    
  0.839999974      0.772020042    
  0.849999964      0.814310730    
  0.859999955      0.814310730    
  0.870000005      0.850695372    
  0.879999995      0.850695372    
  0.889999986      0.880905807    
  0.899999976      0.880905807    
  0.909999967      0.904860258    
  0.919999957      0.904860258    
  0.930000007      0.922608972    
  0.939999998      0.922608972    
  0.949999988      0.934273601    
  0.959999979      0.934273601    
  0.969999969      0.939989090    
  0.979999959      0.939989090    
  0.989999950      0.939858258    
   1.00000000      0.939858258    
