   9.99999978E-03  0.105008394    
   1.99999996E-02  0.105008394    
   2.99999993E-02   6.34903684E-02
   3.99999991E-02   6.34903684E-02
   4.99999970E-02   3.58124860E-02
   5.99999987E-02   3.58124860E-02
   7.00000003E-02   1.87671706E-02
   7.99999982E-02   1.87671706E-02
   8.99999961E-02   9.10435710E-03
   9.99999940E-02   9.10435710E-03
  0.109999999       4.09575645E-03
  0.119999997       4.09575645E-03
  0.129999995       1.77632202E-03
  0.140000001       1.77632202E-03
  0.149999991       9.38419253E-04
  0.159999996       9.38419253E-04
  0.170000002       1.00909104E-03
  0.179999992       1.00909104E-03
  0.189999998       1.92836346E-03
  0.199999988       1.92836346E-03
  0.209999993       4.09776019E-03
  0.219999999       4.09776019E-03
  0.229999989       8.41257628E-03
  0.239999995       8.41257628E-03
  0.250000000       1.63430460E-02
  0.259999990       1.63430460E-02
  0.269999981       2.99914703E-02
  0.280000001       2.99914703E-02
  0.289999992       5.20289019E-02
  0.299999982       5.20289019E-02
  0.310000002       8.54191035E-02
  0.319999993       8.54191035E-02
  0.329999983      0.132885575    
  0.340000004      0.132885575    
  0.349999994      0.196174249    
  0.359999985      0.196174249    
  0.370000005      0.275285035    
  0.379999995      0.275285035    
  0.389999986      0.367937386    
  0.399999976      0.367937386    
  0.409999996      0.469529778    
  0.419999987      0.469529778    
  0.429999977      0.573727131    
  0.439999998      0.573727131    
  0.449999988      0.673582971    
  0.459999979      0.673582971    
  0.469999999      0.762884915    
  0.479999989      0.762884915    
  0.489999980      0.837303102    
  0.500000000      0.837303102    
  0.509999990      0.894991696    
  0.519999981      0.894991696    
  0.529999971      0.936509728    
  0.539999962      0.936509728    
  0.550000012      0.964187562    
  0.560000002      0.964187562    
  0.569999993      0.981232882    
  0.579999983      0.981232882    
  0.589999974      0.990895629    
  0.599999964      0.990895629    
  0.610000014      0.995904207    
  0.620000005      0.995904207    
  0.629999995      0.998223662    
  0.639999986      0.998223662    
  0.649999976      0.999061584    
  0.659999967      0.999061584    
  0.669999957      0.998990893    
  0.680000007      0.998990893    
  0.689999998      0.998071671    
  0.699999988      0.998071671    
  0.709999979      0.995902300    
  0.719999969      0.995902300    
  0.729999959      0.991587520    
  0.740000010      0.991587520    
  0.750000000      0.983657062    
  0.759999990      0.983657062    
  0.769999981      0.970008612    
  0.779999971      0.970008612    
  0.789999962      0.947971106    
  0.799999952      0.947971106    
  0.810000002      0.914580822    
  0.819999993      0.914580822    
  0.829999983      0.867114365    
  0.839999974      0.867114365    
  0.849999964      0.803825796    
  0.859999955      0.803825796    
  0.870000005      0.724714994    
  0.879999995      0.724714994    
  0.889999986      0.632062733    
  0.899999976      0.632062733    
  0.909999967      0.530470252    
  0.919999957      0.530470252    
  0.930000007      0.426272929    
  0.939999998      0.426272929    
  0.949999988      0.326417089    
  0.959999979      0.326417089    
  0.969999969      0.237115175    
  0.979999959      0.237115175    
  0.989999950      0.162696898    
   1.00000000      0.162696898    
