   9.99999978E-03   1116343.00    
   1.99999996E-02   951435.625    
   2.99999993E-02  -935545.188    
   3.99999991E-02  -484217.062    
   4.99999970E-02   738710.750    
   5.99999987E-02  -411841.188    
   7.00000003E-02  -507605.031    
   7.99999982E-02   1359467.38    
   8.99999961E-02   154093.000    
   9.99999940E-02  -2022784.88    
  0.109999999       415197.500    
  0.119999997       2255026.75    
  0.129999995      -1211961.75    
  0.140000001      -2107263.50    
  0.149999991       2128721.25    
  0.159999996       1723519.50    
  0.170000002      -2992508.00    
  0.179999992      -1230873.62    
  0.189999998       3669850.50    
  0.199999988       709346.000    
  0.209999993      -4131246.50    
  0.219999999      -226962.750    
  0.229999989       4425256.00    
  0.239999995      -133260.875    
  0.250000000      -4606027.00    
  0.259999990       291265.500    
  0.269999981       4692798.50    
  0.280000001      -204493.125    
  0.289999992      -4677260.00    
  0.299999982      -118743.375    
  0.310000002       4533476.50    
  0.319999993       629193.875    
  0.329999983      -4211398.00    
  0.340000004      -1250895.00    
  0.349999994       3649828.50    
  0.359999985       1888193.50    
  0.370000005      -2827833.75    
  0.379999995      -2422632.00    
  0.389999986       1813352.38    
  0.399999976       2708654.00    
  0.409999996      -758334.250    
  0.419999987      -2598163.25    
  0.429999977      -160180.812    
  0.439999998       2016697.12    
  0.449999988       811323.000    
  0.459999979      -1055749.12    
  0.469999999      -1151513.12    
  0.479999989      -960.937500    
  0.489999980       1221967.25    
  0.500000000       770638.812    
  0.509999990      -1116342.12    
  0.519999981      -951434.375    
  0.529999971       935546.250    
  0.539999962       484217.875    
  0.550000012      -738709.938    
  0.560000002       411842.438    
  0.569999993       507606.031    
  0.579999983      -1359466.62    
  0.589999974      -154092.062    
  0.599999964       2022786.25    
  0.610000014      -415197.062    
  0.620000005      -2255026.50    
  0.629999995       1211963.62    
  0.639999986       2107265.50    
  0.649999976      -2128720.75    
  0.659999967      -1723518.88    
  0.669999957       2992509.50    
  0.680000007       1230873.88    
  0.689999998      -3669850.00    
  0.699999988      -709344.125    
  0.709999979       4131248.25    
  0.719999969       226963.500    
  0.729999959      -4425256.00    
  0.740000010       133262.500    
  0.750000000       4606028.50    
  0.759999990      -291265.375    
  0.769999981      -4692798.50    
  0.779999971       204495.375    
  0.789999962       4677261.50    
  0.799999952       118743.500    
  0.810000002      -4533475.50    
  0.819999993      -629192.625    
  0.829999983       4211399.00    
  0.839999974       1250895.88    
  0.849999964      -3649826.50    
  0.859999955      -1888192.50    
  0.870000005       2827833.75    
  0.879999995       2422632.75    
  0.889999986      -1813351.38    
  0.899999976      -2708653.00    
  0.909999967       758335.125    
  0.919999957       2598164.25    
  0.930000007       160181.812    
  0.939999998      -2016696.12    
  0.949999988      -811322.000    
  0.959999979       1055750.50    
  0.969999969       1151514.25    
  0.979999959       961.812500    
  0.989999950      -1221966.50    
   1.00000000      -770637.938    
