   9.99999978E-03   724.744568    
   1.99999996E-02   114.972168    
   2.99999993E-02  -407.321808    
   3.99999991E-02   200.850479    
   4.99999970E-02  -229.227951    
   5.99999987E-02  -567.367065    
   7.00000003E-02   853.496765    
   7.99999982E-02   260.572205    
   8.99999961E-02  -1232.63770    
   9.99999940E-02   774.308044    
  0.109999999       1128.71838    
  0.119999997      -1953.63965    
  0.129999995      -303.948364    
  0.140000001       2741.15674    
  0.149999991      -1137.31445    
  0.159999996      -2906.80518    
  0.170000002       2770.71606    
  0.179999992       2454.28369    
  0.189999998      -4204.46436    
  0.199999988      -1571.93115    
  0.209999993       5288.95996    
  0.219999999       610.195312    
  0.229999989      -5994.33691    
  0.239999995       144.168945    
  0.250000000       6404.69873    
  0.259999990      -480.275879    
  0.269999981      -6592.14014    
  0.280000001       292.833984    
  0.289999992       6553.36230    
  0.299999982       414.856689    
  0.310000002      -6189.67383    
  0.319999993      -1510.90857    
  0.329999983       5349.98145    
  0.340000004       2717.44751    
  0.349999994      -3941.30029    
  0.359999985      -3624.86768    
  0.370000005       2052.65283    
  0.379999995       3822.14404    
  0.389999986      -56.3264160    
  0.399999976      -3101.43140    
  0.409999996      -1451.73999    
  0.419999987       1630.61792    
  0.429999977       1985.02856    
  0.439999998      -21.9168701    
  0.449999988      -1515.12720    
  0.459999979      -922.202820    
  0.469999999       498.661072    
  0.479999989       836.800415    
  0.489999980       406.721893    
  0.500000000      -201.450836    
  0.509999990      -723.744629    
  0.519999981      -113.972031    
  0.529999971       408.321716    
  0.539999962      -199.850189    
  0.550000012       230.228134    
  0.560000002       568.366455    
  0.569999993      -852.496765    
  0.579999983      -259.571533    
  0.589999974       1233.63757    
  0.599999964      -773.308716    
  0.610000014      -1127.71814    
  0.620000005       1954.64026    
  0.629999995       304.948120    
  0.639999986      -2740.15723    
  0.649999976       1138.31445    
  0.659999967       2907.80566    
  0.669999957      -2769.71680    
  0.680000007      -2453.28369    
  0.689999998       4205.46582    
  0.699999988       1572.93066    
  0.709999979      -5287.96045    
  0.719999969      -609.194580    
  0.729999959       5995.33691    
  0.740000010      -143.168945    
  0.750000000      -6403.69873    
  0.759999990       481.275879    
  0.769999981       6593.14014    
  0.779999971      -291.833984    
  0.789999962      -6552.36230    
  0.799999952      -413.856689    
  0.810000002       6190.67383    
  0.819999993       1511.90857    
  0.829999983      -5348.98096    
  0.839999974      -2716.44800    
  0.849999964       3942.30078    
  0.859999955       3625.86816    
  0.870000005      -2051.65356    
  0.879999995      -3821.14478    
  0.889999986       57.3269043    
  0.899999976       3102.43262    
  0.909999967       1452.74048    
  0.919999957      -1629.61841    
  0.930000007      -1984.02881    
  0.939999998       22.9169312    
  0.949999988       1516.12708    
  0.959999979       923.202759    
  0.969999969      -497.660980    
  0.979999959      -835.800232    
  0.989999950      -405.721832    
   1.00000000       202.450592    
