   9.99999978E-03   3.42816093E-05
   1.99999996E-02   3.42816093E-05
   2.99999993E-02   1.92722837E-06
   3.99999991E-02   1.92722837E-06
   4.99999970E-02   1.92358680E-08
   5.99999987E-02   1.92358680E-08
   7.00000003E-02   2.06086426E-07
   7.99999982E-02   2.06086426E-07
   8.99999961E-02   1.70089083E-06
   9.99999940E-02   1.70089083E-06
  0.109999999       1.12510315E-05
  0.119999997       1.12510315E-05
  0.129999995       6.12755757E-05
  0.140000001       6.12755757E-05
  0.149999991       2.80132954E-04
  0.159999996       2.80132954E-04
  0.170000002       1.09071587E-03
  0.179999992       1.09071587E-03
  0.189999998       3.65756149E-03
  0.199999988       3.65756149E-03
  0.209999993       1.06580500E-02
  0.219999999       1.06580500E-02
  0.229999989       2.71869786E-02
  0.239999995       2.71869786E-02
  0.250000000       6.10924736E-02
  0.259999990       6.10924736E-02
  0.269999981      0.121637993    
  0.280000001      0.121637993    
  0.289999992      0.215819940    
  0.299999982      0.215819940    
  0.310000002      0.343357980    
  0.319999993      0.343357980    
  0.329999983      0.493402779    
  0.340000004      0.493402779    
  0.349999994      0.646226168    
  0.359999985      0.646226168    
  0.370000005      0.780281723    
  0.379999995      0.780281723    
  0.389999986      0.880823493    
  0.399999976      0.880823493    
  0.409999996      0.944659472    
  0.419999987      0.944659472    
  0.429999977      0.978511870    
  0.439999998      0.978511870    
  0.449999988      0.993230343    
  0.459999979      0.993230343    
  0.469999999      0.998340786    
  0.479999989      0.998340786    
  0.489999980      0.999703646    
  0.500000000      0.999703646    
  0.509999990      0.999965727    
  0.519999981      0.999965727    
  0.529999971      0.999998093    
  0.539999962      0.999998093    
  0.550000012       1.00000000    
  0.560000002       1.00000000    
  0.569999993      0.999999821    
  0.579999983      0.999999821    
  0.589999974      0.999998271    
  0.599999964      0.999998271    
  0.610000014      0.999988735    
  0.620000005      0.999988735    
  0.629999995      0.999938726    
  0.639999986      0.999938726    
  0.649999976      0.999719858    
  0.659999967      0.999719858    
  0.669999957      0.998909354    
  0.680000007      0.998909354    
  0.689999998      0.996342540    
  0.699999988      0.996342540    
  0.709999979      0.989341915    
  0.719999969      0.989341915    
  0.729999959      0.972813010    
  0.740000010      0.972813010    
  0.750000000      0.938907444    
  0.759999990      0.938907444    
  0.769999981      0.878361881    
  0.779999971      0.878361881    
  0.789999962      0.784180045    
  0.799999952      0.784180045    
  0.810000002      0.656642020    
  0.819999993      0.656642020    
  0.829999983      0.506597281    
  0.839999974      0.506597281    
  0.849999964      0.353773892    
  0.859999955      0.353773892    
  0.870000005      0.219718292    
  0.879999995      0.219718292    
  0.889999986      0.119176604    
  0.899999976      0.119176604    
  0.909999967       5.53406142E-02
  0.919999957       5.53406142E-02
  0.930000007       2.14881953E-02
  0.939999998       2.14881953E-02
  0.949999988       6.76975120E-03
  0.959999979       6.76975120E-03
  0.969999969       1.65918109E-03
  0.979999959       1.65918109E-03
  0.989999950       2.96362094E-04
   1.00000000       2.96362094E-04
