   9.99999978E-03   25144684.0    
   1.99999996E-02   36944292.0    
   2.99999993E-02  -22190636.0    
   3.99999991E-02  -25831136.0    
   4.99999970E-02   22207108.0    
   5.99999987E-02   4284539.00    
   7.00000003E-02  -24032100.0    
   7.99999982E-02   21306436.0    
   8.99999961E-02   24903388.0    
   9.99999940E-02  -44574000.0    
  0.109999999      -21581392.0    
  0.119999997       61621524.0    
  0.129999995       11962618.0    
  0.140000001      -71868464.0    
  0.149999991       3692096.00    
  0.159999996       77059104.0    
  0.170000002      -22755544.0    
  0.179999992      -79407736.0    
  0.189999998       41525288.0    
  0.199999988       80313312.0    
  0.209999993      -56940320.0    
  0.219999999      -80365056.0    
  0.229999989       67578976.0    
  0.239999995       80089696.0    
  0.250000000      -73422752.0    
  0.259999990      -80318032.0    
  0.269999981       74844560.0    
  0.280000001       81739856.0    
  0.289999992      -71772592.0    
  0.299999982      -84283344.0    
  0.310000002       63660688.0    
  0.319999993       87085424.0    
  0.329999983      -50168208.0    
  0.340000004      -88956224.0    
  0.349999994       31976782.0    
  0.359999985       88628960.0    
  0.370000005      -11185660.0    
  0.379999995      -84552656.0    
  0.389999986      -8992108.00    
  0.399999976       74838952.0    
  0.409999996       25180062.0    
  0.419999987      -58022816.0    
  0.429999977      -35030216.0    
  0.439999998       34447156.0    
  0.449999988       38044112.0    
  0.459999979      -7294425.00    
  0.469999999      -35611068.0    
  0.479999989      -17688500.0    
  0.489999980       30349746.0    
  0.500000000       33990248.0    
  0.509999990      -25144688.0    
  0.519999981      -36944288.0    
  0.529999971       22190640.0    
  0.539999962       25831134.0    
  0.550000012      -22207118.0    
  0.560000002      -4284529.00    
  0.569999993       24032112.0    
  0.579999983      -21306454.0    
  0.589999974      -24903386.0    
  0.599999964       44574008.0    
  0.610000014       21581398.0    
  0.620000005      -61621520.0    
  0.629999995      -11962622.0    
  0.639999986       71868480.0    
  0.649999976      -3692108.00    
  0.659999967      -77059104.0    
  0.669999957       22755560.0    
  0.680000007       79407744.0    
  0.689999998      -41525312.0    
  0.699999988      -80313320.0    
  0.709999979       56940356.0    
  0.719999969       80365056.0    
  0.729999959      -67579008.0    
  0.740000010      -80089688.0    
  0.750000000       73422784.0    
  0.759999990       80318024.0    
  0.769999981      -74844592.0    
  0.779999971      -81739840.0    
  0.789999962       71772624.0    
  0.799999952       84283336.0    
  0.810000002      -63660704.0    
  0.819999993      -87085416.0    
  0.829999983       50168208.0    
  0.839999974       88956216.0    
  0.849999964      -31976770.0    
  0.859999955      -88628944.0    
  0.870000005       11185668.0    
  0.879999995       84552656.0    
  0.889999986       8992124.00    
  0.899999976      -74838936.0    
  0.909999967      -25180068.0    
  0.919999957       58022812.0    
  0.930000007       35030212.0    
  0.939999998      -34447152.0    
  0.949999988      -38044100.0    
  0.959999979       7294440.00    
  0.969999969       35611072.0    
  0.979999959       17688496.0    
  0.989999950      -30349752.0    
   1.00000000      -33990244.0    
