   9.99999978E-03  -3786578.50    
   1.99999996E-02   9842099.00    
   2.99999993E-02   3292277.25    
   3.99999991E-02  -7720996.00    
   4.99999970E-02   526479.500    
   5.99999987E-02   4538365.50    
   7.00000003E-02  -6097500.00    
   7.99999982E-02  -833045.500    
   8.99999961E-02   11282666.0    
   9.99999940E-02  -3158074.00    
  0.109999999      -14347485.0    
  0.119999997       7492777.00    
  0.129999995       14645769.0    
  0.140000001      -12228848.0    
  0.149999991      -12662243.0    
  0.159999996       17120234.0    
  0.170000002       9475642.00    
  0.179999992      -21610816.0    
  0.189999998      -6085780.50    
  0.199999988       25146402.0    
  0.209999993       3080087.50    
  0.219999999      -27511582.0    
  0.229999989      -749707.000    
  0.239999995       28885768.0    
  0.250000000      -652636.000    
  0.259999990      -29594968.0    
  0.269999981       858930.000    
  0.280000001       29801264.0    
  0.289999992       262863.000    
  0.299999982      -29372612.0    
  0.310000002      -2610741.00    
  0.319999993       27980932.0    
  0.329999983       5914622.00    
  0.340000004      -25317558.0    
  0.349999994      -9792524.00    
  0.359999985       21293928.0    
  0.370000005       13649342.0    
  0.379999995      -16133127.0    
  0.389999986      -16566524.0    
  0.399999976       10308090.0    
  0.409999996       17461076.0    
  0.419999987      -4379186.00    
  0.429999977      -15568596.0    
  0.439999998      -1127859.00    
  0.449999988       10987854.0    
  0.459999979       5723403.00    
  0.469999999      -4912464.00    
  0.479999989      -8924350.00    
  0.489999980      -676872.000    
  0.500000000       10336402.0    
  0.509999990       3786579.00    
  0.519999981      -9842099.00    
  0.529999971      -3292275.50    
  0.539999962       7720997.50    
  0.550000012      -526480.500    
  0.560000002      -4538365.00    
  0.569999993       6097503.00    
  0.579999983       833046.250    
  0.589999974      -11282671.0    
  0.599999964       3158078.00    
  0.610000014       14347490.0    
  0.620000005      -7492781.00    
  0.629999995      -14645769.0    
  0.639999986       12228852.0    
  0.649999976       12662246.0    
  0.659999967      -17120236.0    
  0.669999957      -9475642.00    
  0.680000007       21610822.0    
  0.689999998       6085775.00    
  0.699999988      -25146404.0    
  0.709999979      -3080078.50    
  0.719999969       27511592.0    
  0.729999959       749700.000    
  0.740000010      -28885772.0    
  0.750000000       652643.000    
  0.759999990       29594974.0    
  0.769999981      -858937.000    
  0.779999971      -29801264.0    
  0.789999962      -262856.000    
  0.799999952       29372616.0    
  0.810000002       2610736.00    
  0.819999993      -27980932.0    
  0.829999983      -5914619.50    
  0.839999974       25317558.0    
  0.849999964       9792525.00    
  0.859999955      -21293926.0    
  0.870000005      -13649338.0    
  0.879999995       16133125.0    
  0.889999986       16566524.0    
  0.899999976      -10308084.0    
  0.909999967      -17461072.0    
  0.919999957       4379188.00    
  0.930000007       15568598.0    
  0.939999998       1127858.00    
  0.949999988      -10987855.0    
  0.959999979      -5723401.00    
  0.969999969       4912465.50    
  0.979999959       8924351.00    
  0.989999950       676872.500    
   1.00000000      -10336401.0    
