   9.99999978E-03   0.00000000    
   1.99999996E-02   0.00000000    
   2.99999993E-02   0.00000000    
   3.99999991E-02   0.00000000    
   4.99999970E-02   0.00000000    
   5.99999987E-02   0.00000000    
   7.00000003E-02   0.00000000    
   7.99999982E-02   0.00000000    
   8.99999961E-02   0.00000000    
   9.99999940E-02  -5.82076609E-11
  0.109999999       3.89991328E-09
  0.119999997      -1.21770427E-07
  0.129999995       2.34809704E-06
  0.140000001      -3.12246848E-05
  0.149999991       3.02619068E-04
  0.159999996      -2.20026704E-03
  0.170000002       1.21490927E-02
  0.179999992      -5.08376062E-02
  0.189999998      0.158061117    
  0.199999988     -0.346649379    
  0.209999993      0.463298410    
  0.219999999     -0.147176147    
  0.229999989     -0.640969038    
  0.239999995      0.882682800    
  0.250000000      0.355071336    
  0.259999990      -1.28568780    
  0.269999981     -0.309943318    
  0.280000001       1.33081579    
  0.289999992      0.803204119    
  0.299999982     -0.720447600    
  0.310000002      -1.21424043    
  0.319999993     -0.603765905    
  0.329999983      0.206181765    
  0.340000004      0.710892379    
  0.349999994      0.919791043    
  0.359999985      0.982777655    
  0.370000005      0.997127056    
  0.379999995      0.999629915    
  0.389999986      0.999963880    
  0.399999976      0.999997377    
  0.409999996      0.999999881    
  0.419999987       1.00000000    
  0.429999977       1.00000000    
  0.439999998       1.00000000    
  0.449999988       1.00000000    
  0.459999979       1.00000000    
  0.469999999       1.00000000    
  0.479999989       1.00000000    
  0.489999980       1.00000000    
  0.500000000       1.00000000    
  0.509999990       1.00000000    
  0.519999981       1.00000000    
  0.529999971       1.00000000    
  0.539999962       1.00000000    
  0.550000012       1.00000000    
  0.560000002       1.00000000    
  0.569999993       1.00000000    
  0.579999983       1.00000000    
  0.589999974       1.00000000    
  0.599999964       1.00000000    
  0.610000014       1.00000000    
  0.620000005       1.00000012    
  0.629999995      0.999997616    
  0.639999986       1.00003123    
  0.649999976      0.999697447    
  0.659999967       1.00220025    
  0.669999957      0.987850904    
  0.680000007       1.05083752    
  0.689999998      0.841939092    
  0.699999988       1.34664929    
  0.709999979      0.536701500    
  0.719999969       1.14717615    
  0.729999959       1.64096904    
  0.740000010      0.117317170    
  0.750000000      0.644928694    
  0.759999990       2.28568769    
  0.769999981       1.30994320    
  0.779999971     -0.330815732    
  0.789999962      0.196795702    
  0.799999952       1.72044766    
  0.810000002       2.21424055    
  0.819999993       1.60376585    
  0.829999983      0.793818116    
  0.839999974      0.289107680    
  0.849999964       8.02089572E-02
  0.859999955       1.72222629E-02
  0.870000005       2.87290220E-03
  0.879999995       3.70016089E-04
  0.889999986       3.61723360E-05
  0.899999976       2.59955414E-06
  0.909999967       1.29686669E-07
  0.919999957       4.01632860E-09
  0.930000007       5.82076609E-11
  0.939999998       0.00000000    
  0.949999988       0.00000000    
  0.959999979       0.00000000    
  0.969999969       0.00000000    
  0.979999959       0.00000000    
  0.989999950       0.00000000    
   1.00000000       0.00000000    
