   9.99999978E-03  0.240254492    
   1.99999996E-02  0.240254492    
   2.99999993E-02  0.171895668    
   3.99999991E-02  0.171895668    
   4.99999970E-02  0.117121816    
   5.99999987E-02  0.117121816    
   7.00000003E-02   7.57855922E-02
   7.99999982E-02   7.57855922E-02
   8.99999961E-02   4.64490205E-02
   9.99999940E-02   4.64490205E-02
  0.109999999       2.69097108E-02
  0.119999997       2.69097108E-02
  0.129999995       1.47433244E-02
  0.140000001       1.47433244E-02
  0.149999991       7.73601187E-03
  0.159999996       7.73601187E-03
  0.170000002       4.15035477E-03
  0.179999992       4.15035477E-03
  0.189999998       2.83638434E-03
  0.199999988       2.83638434E-03
  0.209999993       3.24125821E-03
  0.219999999       3.24125821E-03
  0.229999989       5.37932338E-03
  0.239999995       5.37932338E-03
  0.250000000       9.80482996E-03
  0.259999990       9.80482996E-03
  0.269999981       1.75962243E-02
  0.280000001       1.75962243E-02
  0.289999992       3.03275809E-02
  0.299999982       3.03275809E-02
  0.310000002       4.99806628E-02
  0.319999993       4.99806628E-02
  0.329999983       7.87488222E-02
  0.340000004       7.87488222E-02
  0.349999994      0.118706621    
  0.359999985      0.118706621    
  0.370000005      0.171364680    
  0.379999995      0.171364680    
  0.389999986      0.237187356    
  0.399999976      0.237187356    
  0.409999996      0.315199435    
  0.419999987      0.315199435    
  0.429999977      0.402821690    
  0.439999998      0.402821690    
  0.449999988      0.496036828    
  0.459999979      0.496036828    
  0.469999999      0.589899302    
  0.479999989      0.589899302    
  0.489999980      0.679292142    
  0.500000000      0.679292142    
  0.509999990      0.759745598    
  0.519999981      0.759745598    
  0.529999971      0.828104317    
  0.539999962      0.828104317    
  0.550000012      0.882878184    
  0.560000002      0.882878184    
  0.569999993      0.924214423    
  0.579999983      0.924214423    
  0.589999974      0.953551054    
  0.599999964      0.953551054    
  0.610000014      0.973090410    
  0.620000005      0.973090410    
  0.629999995      0.985256791    
  0.639999986      0.985256791    
  0.649999976      0.992264032    
  0.659999967      0.992264032    
  0.669999957      0.995849669    
  0.680000007      0.995849669    
  0.689999998      0.997163594    
  0.699999988      0.997163594    
  0.709999979      0.996758699    
  0.719999969      0.996758699    
  0.729999959      0.994620740    
  0.740000010      0.994620740    
  0.750000000      0.990195215    
  0.759999990      0.990195215    
  0.769999981      0.982403815    
  0.779999971      0.982403815    
  0.789999962      0.969672501    
  0.799999952      0.969672501    
  0.810000002      0.950019300    
  0.819999993      0.950019300    
  0.829999983      0.921251178    
  0.839999974      0.921251178    
  0.849999964      0.881293297    
  0.859999955      0.881293297    
  0.870000005      0.828635275    
  0.879999995      0.828635275    
  0.889999986      0.762812674    
  0.899999976      0.762812674    
  0.909999967      0.684800684    
  0.919999957      0.684800684    
  0.930000007      0.597178519    
  0.939999998      0.597178519    
  0.949999988      0.503963292    
  0.959999979      0.503963292    
  0.969999969      0.410100788    
  0.979999959      0.410100788    
  0.989999950      0.320707947    
   1.00000000      0.320707947    
