   9.99999978E-03  0.712790370    
   1.99999996E-02  0.712790370    
   2.99999993E-02  0.647078991    
   3.99999991E-02  0.647078991    
   4.99999970E-02  0.576464355    
   5.99999987E-02  0.576464355    
   7.00000003E-02  0.503097713    
   7.99999982E-02  0.503097713    
   8.99999961E-02  0.429418951    
   9.99999940E-02  0.429418951    
  0.109999999      0.357920587    
  0.119999997      0.357920587    
  0.129999995      0.290900111    
  0.140000001      0.290900111    
  0.149999991      0.230242193    
  0.159999996      0.230242193    
  0.170000002      0.177266374    
  0.179999992      0.177266374    
  0.189999998      0.132661715    
  0.199999988      0.132661715    
  0.209999993       9.65140313E-02
  0.219999999       9.65140313E-02
  0.229999989       6.84127286E-02
  0.239999995       6.84127286E-02
  0.250000000       4.76118475E-02
  0.259999990       4.76118475E-02
  0.269999981       3.32151428E-02
  0.280000001       3.32151428E-02
  0.289999992       2.43552551E-02
  0.299999982       2.43552551E-02
  0.310000002       2.03438532E-02
  0.319999993       2.03438532E-02
  0.329999983       2.07778625E-02
  0.340000004       2.07778625E-02
  0.349999994       2.55945604E-02
  0.359999985       2.55945604E-02
  0.370000005       3.50742154E-02
  0.379999995       3.50742154E-02
  0.389999986       4.97921892E-02
  0.399999976       4.97921892E-02
  0.409999996       7.05249459E-02
  0.419999987       7.05249459E-02
  0.429999977       9.81169268E-02
  0.439999998       9.81169268E-02
  0.449999988      0.133319616    
  0.459999979      0.133319616    
  0.469999999      0.176619589    
  0.479999989      0.176619589    
  0.489999980      0.228078321    
  0.500000000      0.228078321    
  0.509999990      0.287209719    
  0.519999981      0.287209719    
  0.529999971      0.352921158    
  0.539999962      0.352921158    
  0.550000012      0.423535854    
  0.560000002      0.423535854    
  0.569999993      0.496902436    
  0.579999983      0.496902436    
  0.589999974      0.570581198    
  0.599999964      0.570581198    
  0.610000014      0.642079651    
  0.620000005      0.642079651    
  0.629999995      0.709100127    
  0.639999986      0.709100127    
  0.649999976      0.769758046    
  0.659999967      0.769758046    
  0.669999957      0.822733760    
  0.680000007      0.822733760    
  0.689999998      0.867338479    
  0.699999988      0.867338479    
  0.709999979      0.903486133    
  0.719999969      0.903486133    
  0.729999959      0.931587338    
  0.740000010      0.931587338    
  0.750000000      0.952388108    
  0.759999990      0.952388108    
  0.769999981      0.966784775    
  0.779999971      0.966784775    
  0.789999962      0.975644708    
  0.799999952      0.975644708    
  0.810000002      0.979656100    
  0.819999993      0.979656100    
  0.829999983      0.979222119    
  0.839999974      0.979222119    
  0.849999964      0.974405408    
  0.859999955      0.974405408    
  0.870000005      0.964925766    
  0.879999995      0.964925766    
  0.889999986      0.950207710    
  0.899999976      0.950207710    
  0.909999967      0.929474950    
  0.919999957      0.929474950    
  0.930000007      0.901883006    
  0.939999998      0.901883006    
  0.949999988      0.866680264    
  0.959999979      0.866680264    
  0.969999969      0.823380351    
  0.979999959      0.823380351    
  0.989999950      0.771921694    
   1.00000000      0.771921694    
