   9.99999978E-03   210.020370    
   1.99999996E-02  -354.727356    
   2.99999993E-02  -107.472260    
   3.99999991E-02   98.0085907    
   4.99999970E-02  -344.939331    
   5.99999987E-02   234.837143    
   7.00000003E-02   523.270142    
   7.99999982E-02  -649.422852    
   8.99999961E-02  -88.8927002    
   9.99999940E-02   990.736877    
  0.109999999      -744.258301    
  0.119999997      -891.106628    
  0.129999995       1602.12622    
  0.140000001       184.025696    
  0.149999991      -2190.37183    
  0.159999996       931.963135    
  0.170000002       2335.43213    
  0.179999992      -2124.34888    
  0.189999998      -2028.87048    
  0.199999988       3178.61621    
  0.209999993       1482.08508    
  0.219999999      -3960.35400    
  0.229999989      -925.759521    
  0.239999995       4463.73779    
  0.250000000       565.729126    
  0.259999990      -4724.55273    
  0.269999981      -531.071533    
  0.280000001       4759.20996    
  0.289999992       861.201172    
  0.299999982      -4528.29492    
  0.310000002      -1493.69971    
  0.319999993       3948.73853    
  0.329999983       2252.20703    
  0.340000004      -2955.27954    
  0.349999994      -2859.80078    
  0.359999985       1599.97974    
  0.370000005       3003.44873    
  0.379999995      -118.885620    
  0.389999986      -2493.28320    
  0.399999976      -1075.18286    
  0.409999996       1418.05029    
  0.419999987       1564.89868    
  0.429999977      -170.096375    
  0.439999998      -1249.72620    
  0.449999988      -689.196289    
  0.459999979       483.496887    
  0.469999999       771.929932    
  0.479999989       192.153427    
  0.489999980      -250.794815    
  0.500000000      -456.275665    
  0.509999990      -209.020279    
  0.519999981       355.727417    
  0.529999971       108.472260    
  0.539999962      -97.0084076    
  0.550000012       345.939056    
  0.560000002      -233.837357    
  0.569999993      -522.269653    
  0.579999983       650.422913    
  0.589999974       89.8922729    
  0.599999964      -989.736816    
  0.610000014       745.258789    
  0.620000005       892.106567    
  0.629999995      -1601.12671    
  0.639999986      -183.025635    
  0.649999976       2191.37207    
  0.659999967      -930.963379    
  0.669999957      -2334.43262    
  0.680000007       2125.34961    
  0.689999998       2029.87073    
  0.699999988      -3177.61694    
  0.709999979      -1481.08459    
  0.719999969       3961.35425    
  0.729999959       926.758911    
  0.740000010      -4462.73779    
  0.750000000      -564.729004    
  0.759999990       4725.55273    
  0.769999981       532.071533    
  0.779999971      -4758.20996    
  0.789999962      -860.201172    
  0.799999952       4529.29492    
  0.810000002       1494.69958    
  0.819999993      -3947.73853    
  0.829999983      -2251.20703    
  0.839999974       2956.27954    
  0.849999964       2860.80127    
  0.859999955      -1598.98035    
  0.870000005      -3002.44922    
  0.879999995       119.886230    
  0.889999986       2494.28394    
  0.899999976       1076.18286    
  0.909999967      -1417.05054    
  0.919999957      -1563.89893    
  0.930000007       171.096375    
  0.939999998       1250.72620    
  0.949999988       690.196228    
  0.959999979      -482.496704    
  0.969999969      -770.929810    
  0.979999959      -191.153351    
  0.989999950       251.794647    
   1.00000000       457.275513    
