   9.99999978E-03  0.180646539    
   1.99999996E-02  0.120643735    
   2.99999993E-02  0.120643735    
   3.99999991E-02   7.59612471E-02
   4.99999970E-02   7.59612471E-02
   5.99999987E-02   4.49332856E-02
   7.00000003E-02   4.49332856E-02
   7.99999982E-02   2.48858668E-02
   8.99999961E-02   2.48858668E-02
   9.99999940E-02   1.28708407E-02
  0.109999999       1.28708407E-02
  0.119999997       6.23210752E-03
  0.129999995       6.23210752E-03
  0.140000001       2.91988486E-03
  0.149999991       2.91988486E-03
  0.159999996       1.57841586E-03
  0.170000002       1.57841586E-03
  0.179999992       1.49718125E-03
  0.189999998       1.49718125E-03
  0.199999988       2.52543902E-03
  0.209999993       2.52543902E-03
  0.219999999       5.02011459E-03
  0.229999989       5.02011459E-03
  0.239999995       9.85032506E-03
  0.250000000       9.85032506E-03
  0.259999990       1.84353776E-02
  0.269999981       1.84353776E-02
  0.280000001       3.27566341E-02
  0.289999992       3.27566341E-02
  0.299999982       5.52645773E-02
  0.310000002       5.52645773E-02
  0.319999993       8.86103511E-02
  0.329999983       8.86103511E-02
  0.340000004      0.135174394    
  0.349999994      0.135174394    
  0.359999985      0.196442902    
  0.370000005      0.196442902    
  0.379999995      0.272373915    
  0.389999986      0.272373915    
  0.399999976      0.360960126    
  0.409999996      0.360960126    
  0.419999987      0.458188891    
  0.429999977      0.458188891    
  0.439999998      0.558504283    
  0.449999988      0.558504283    
  0.459999979      0.655709147    
  0.469999999      0.655709147    
  0.479999989      0.744077146    
  0.489999980      0.744077146    
  0.500000000      0.819353521    
  0.509999990      0.819353521    
  0.519999981      0.879356325    
  0.529999971      0.879356325    
  0.539999962      0.924038768    
  0.550000012      0.924038768    
  0.560000002      0.955066741    
  0.569999993      0.955066741    
  0.579999983      0.975114167    
  0.589999974      0.975114167    
  0.599999964      0.987129271    
  0.610000014      0.987129271    
  0.620000005      0.993767917    
  0.629999995      0.993767917    
  0.639999986      0.997080147    
  0.649999976      0.997080147    
  0.659999967      0.998421490    
  0.669999957      0.998421490    
  0.680000007      0.998502791    
  0.689999998      0.998502791    
  0.699999988      0.997474551    
  0.709999979      0.997474551    
  0.719999969      0.994979918    
  0.729999959      0.994979918    
  0.740000010      0.990149796    
  0.750000000      0.990149796    
  0.759999990      0.981564701    
  0.769999981      0.981564701    
  0.779999971      0.967243433    
  0.789999962      0.967243433    
  0.799999952      0.944735408    
  0.810000002      0.944735408    
  0.819999993      0.911389589    
  0.829999983      0.911389589    
  0.839999974      0.864825547    
  0.849999964      0.864825547    
  0.859999955      0.803557158    
  0.870000005      0.803557158    
  0.879999995      0.727626145    
  0.889999986      0.727626145    
  0.899999976      0.639039993    
  0.909999967      0.639039993    
  0.919999957      0.541811228    
  0.930000007      0.541811228    
  0.939999998      0.441495776    
  0.949999988      0.441495776    
  0.959999979      0.344290942    
  0.969999969      0.344290942    
  0.979999959      0.255922943    
  0.989999950      0.255922943    
   1.00000000      0.180646539    
