   9.99999978E-03  0.764986515    
   1.99999996E-02  0.764986515    
   2.99999993E-02  0.706914485    
   3.99999991E-02  0.706914485    
   4.99999970E-02  0.642777264    
   5.99999987E-02  0.642777264    
   7.00000003E-02  0.574146569    
   7.99999982E-02  0.574146569    
   8.99999961E-02  0.503003538    
   9.99999940E-02  0.503003538    
  0.109999999      0.431576967    
  0.119999997      0.431576967    
  0.129999995      0.362141013    
  0.140000001      0.362141013    
  0.149999991      0.296803594    
  0.159999996      0.296803594    
  0.170000002      0.237318844    
  0.179999992      0.237318844    
  0.189999998      0.184953019    
  0.199999988      0.184953019    
  0.209999993      0.140422791    
  0.219999999      0.140422791    
  0.229999989      0.103910945    
  0.239999995      0.103910945    
  0.250000000       7.51511827E-02
  0.259999990       7.51511827E-02
  0.269999981       5.35623692E-02
  0.280000001       5.35623692E-02
  0.289999992       3.84076685E-02
  0.299999982       3.84076685E-02
  0.310000002       2.89530568E-02
  0.319999993       2.89530568E-02
  0.329999983       2.46039070E-02
  0.340000004       2.46039070E-02
  0.349999994       2.50044018E-02
  0.359999985       2.50044018E-02
  0.370000005       3.00910044E-02
  0.379999995       3.00910044E-02
  0.389999986       4.00968939E-02
  0.399999976       4.00968939E-02
  0.409999996       5.55085428E-02
  0.419999987       5.55085428E-02
  0.429999977       7.69789964E-02
  0.439999998       7.69789964E-02
  0.449999988      0.105206124    
  0.459999979      0.105206124    
  0.469999999      0.140787780    
  0.479999989      0.140787780    
  0.489999980      0.184070736    
  0.500000000      0.184070736    
  0.509999990      0.235013500    
  0.519999981      0.235013500    
  0.529999971      0.293085575    
  0.539999962      0.293085575    
  0.550000012      0.357222855    
  0.560000002      0.357222855    
  0.569999993      0.425853580    
  0.579999983      0.425853580    
  0.589999974      0.496996582    
  0.599999964      0.496996582    
  0.610000014      0.568423212    
  0.620000005      0.568423212    
  0.629999995      0.637859225    
  0.639999986      0.637859225    
  0.649999976      0.703196704    
  0.659999967      0.703196704    
  0.669999957      0.762681484    
  0.680000007      0.762681484    
  0.689999998      0.815047204    
  0.699999988      0.815047204    
  0.709999979      0.859577417    
  0.719999969      0.859577417    
  0.729999959      0.896089315    
  0.740000010      0.896089315    
  0.750000000      0.924848914    
  0.759999990      0.924848914    
  0.769999981      0.946437657    
  0.779999971      0.946437657    
  0.789999962      0.961592317    
  0.799999952      0.961592317    
  0.810000002      0.971046865    
  0.819999993      0.971046865    
  0.829999983      0.975396037    
  0.839999974      0.975396037    
  0.849999964      0.974995553    
  0.859999955      0.974995553    
  0.870000005      0.969908953    
  0.879999995      0.969908953    
  0.889999986      0.959903121    
  0.899999976      0.959903121    
  0.909999967      0.944491446    
  0.919999957      0.944491446    
  0.930000007      0.923020959    
  0.939999998      0.923020959    
  0.949999988      0.894793808    
  0.959999979      0.894793808    
  0.969999969      0.859212160    
  0.979999959      0.859212160    
  0.989999950      0.815929234    
   1.00000000      0.815929234    
