   9.99999978E-03   0.00000000    
   1.99999996E-02   0.00000000    
   2.99999993E-02   0.00000000    
   3.99999991E-02   0.00000000    
   4.99999970E-02   0.00000000    
   5.99999987E-02   0.00000000    
   7.00000003E-02   0.00000000    
   7.99999982E-02   0.00000000    
   8.99999961E-02   0.00000000    
   9.99999940E-02   0.00000000    
  0.109999999       2.32830644E-10
  0.119999997      -1.46683306E-08
  0.129999995       4.28641215E-07
  0.140000001      -7.69249164E-06
  0.149999991       9.45574138E-05
  0.159999996      -8.39939108E-04
  0.170000002       5.53586893E-03
  0.179999992      -2.72928346E-02
  0.189999998       9.97149572E-02
  0.199999988     -0.260677457    
  0.209999993      0.443602622    
  0.219999999     -0.339460641    
  0.229999989     -0.325535357    
  0.239999995      0.922274113    
  0.250000000     -0.167170137    
  0.259999990      -1.16669190    
  0.269999981      0.308813453    
  0.280000001       1.30833507    
  0.289999992      0.218890727    
  0.299999982      -1.02891862    
  0.310000002      -1.01499331    
  0.319999993     -0.231930107    
  0.329999983      0.472349912    
  0.340000004      0.832742453    
  0.349999994      0.959750116    
  0.359999985      0.992578804    
  0.370000005      0.998954654    
  0.379999995      0.999889135    
  0.389999986      0.999991477    
  0.399999976      0.999999523    
  0.409999996       1.00000000    
  0.419999987       1.00000000    
  0.429999977       1.00000000    
  0.439999998       1.00000000    
  0.449999988       1.00000000    
  0.459999979       1.00000000    
  0.469999999       1.00000000    
  0.479999989       1.00000000    
  0.489999980       1.00000000    
  0.500000000       1.00000000    
  0.509999990       1.00000000    
  0.519999981       1.00000000    
  0.529999971       1.00000000    
  0.539999962       1.00000000    
  0.550000012       1.00000000    
  0.560000002       1.00000000    
  0.569999993       1.00000000    
  0.579999983       1.00000000    
  0.589999974       1.00000000    
  0.599999964       1.00000000    
  0.610000014       1.00000000    
  0.620000005       1.00000000    
  0.629999995      0.999999523    
  0.639999986       1.00000775    
  0.649999976      0.999905467    
  0.659999967       1.00083995    
  0.669999957      0.994464099    
  0.680000007       1.02729285    
  0.689999998      0.900285244    
  0.699999988       1.26067734    
  0.709999979      0.556397319    
  0.719999969       1.33946061    
  0.729999959       1.32553530    
  0.740000010       7.77258873E-02
  0.750000000       1.16717017    
  0.759999990       2.16669178    
  0.769999981      0.691186547    
  0.779999971     -0.308335096    
  0.789999962      0.781109154    
  0.799999952       2.02891874    
  0.810000002       2.01499343    
  0.819999993       1.23193002    
  0.829999983      0.527649999    
  0.839999974      0.167257622    
  0.849999964       4.02498394E-02
  0.859999955       7.42113404E-03
  0.870000005       1.04532600E-03
  0.879999995       1.10829482E-04
  0.889999986       8.57957639E-06
  0.899999976       4.58443537E-07
  0.909999967       1.51339918E-08
  0.919999957       2.32830644E-10
  0.930000007       0.00000000    
  0.939999998       0.00000000    
  0.949999988       0.00000000    
  0.959999979       0.00000000    
  0.969999969       0.00000000    
  0.979999959       0.00000000    
  0.989999950       0.00000000    
   1.00000000       0.00000000    
