   9.99999978E-03   3.35942779E-04
   1.99999996E-02  -1.42765028E-04
   2.99999993E-02   8.99416511E-04
   3.99999991E-02  -3.52298538E-03
   4.99999970E-02   1.23389959E-02
   5.99999987E-02  -3.78718190E-02
   7.00000003E-02  0.100675121    
   7.99999982E-02 -0.227253065    
   8.99999961E-02  0.420510292    
   9.99999940E-02 -0.591313303    
  0.109999999      0.493517756    
  0.119999997      0.182097316    
  0.129999995      -1.38065481    
  0.140000001       2.13856220    
  0.149999991     -0.891192913    
  0.159999996      -2.50518966    
  0.170000002       4.69639730    
  0.179999992      -1.21265137    
  0.189999998      -6.04003334    
  0.199999988       6.78626680    
  0.209999993       3.73383641    
  0.219999999      -11.2150230    
  0.229999989      0.286161423    
  0.239999995       13.6243181    
  0.250000000      -3.46381569    
  0.259999990      -14.8173895    
  0.269999981       4.12168980    
  0.280000001       15.4752617    
  0.289999992      -1.61287498    
  0.299999982      -14.9510288    
  0.310000002      -3.44984388    
  0.319999993       11.4990129    
  0.329999983       8.44658279    
  0.340000004      -4.37971401    
  0.349999994      -9.20709705    
  0.359999985      -3.29804826    
  0.370000005       3.90354013    
  0.379999995       5.51753712    
  0.389999986       2.48778152    
  0.399999976      -1.03143597    
  0.409999996      -2.59418750    
  0.419999987      -2.28276634    
  0.429999977      -1.19793487    
  0.439999998     -0.186111182    
  0.449999988      0.461651325    
  0.459999979      0.789579391    
  0.469999999      0.928126693    
  0.479999989      0.978337526    
  0.489999980      0.994199634    
  0.500000000      0.998621404    
  0.509999990      0.999664426    
  0.519999981       1.00014257    
  0.529999971      0.999100566    
  0.539999962       1.00352311    
  0.550000012      0.987660885    
  0.560000002       1.03787172    
  0.569999993      0.899325073    
  0.579999983       1.22725272    
  0.589999974      0.579489470    
  0.599999964       1.59131324    
  0.610000014      0.506482720    
  0.620000005      0.817902863    
  0.629999995       2.38065338    
  0.639999986      -1.13856161    
  0.649999976       1.89119470    
  0.659999967       3.50518703    
  0.669999957      -3.69639826    
  0.680000007       2.21265459    
  0.689999998       7.04003286    
  0.699999988      -5.78626680    
  0.709999979      -2.73383546    
  0.719999969       12.2150211    
  0.729999959      0.713838100    
  0.740000010      -12.6243172    
  0.750000000       4.46381664    
  0.759999990       15.8173904    
  0.769999981      -3.12168980    
  0.779999971      -14.4752617    
  0.789999962       2.61287498    
  0.799999952       15.9510298    
  0.810000002       4.44984293    
  0.819999993      -10.4990129    
  0.829999983      -7.44658279    
  0.839999974       5.37971401    
  0.849999964       10.2070951    
  0.859999955       4.29804802    
  0.870000005      -2.90353870    
  0.879999995      -4.51753616    
  0.889999986      -1.48778188    
  0.899999976       2.03143477    
  0.909999967       3.59418678    
  0.919999957       3.28276634    
  0.930000007       2.19793510    
  0.939999998       1.18611169    
  0.949999988      0.538348436    
  0.959999979      0.210420236    
  0.969999969       7.18733147E-02
  0.979999959       2.16625035E-02
  0.989999950       5.80052566E-03
   1.00000000       1.37812435E-03
