   9.99999978E-03   33385.3203    
   1.99999996E-02  -2433.70703    
   2.99999993E-02  -24930.2363    
   3.99999991E-02   8349.24023    
   4.99999970E-02   2497.52100    
   5.99999987E-02  -20921.9766    
   7.00000003E-02   23859.8867    
   7.99999982E-02   25476.6152    
   8.99999961E-02  -45913.2109    
   9.99999940E-02  -11904.6914    
  0.109999999       59889.8750    
  0.119999997      -18278.0156    
  0.129999995      -64147.8906    
  0.140000001       55075.1523    
  0.149999991       57096.1875    
  0.159999996      -88720.6406    
  0.170000002      -38826.9844    
  0.179999992       114911.797    
  0.189999998       13456.4453    
  0.199999988      -133442.688    
  0.209999993       12371.8711    
  0.219999999       145332.312    
  0.229999989      -33109.3125    
  0.239999995      -152195.281    
  0.250000000       45589.3633    
  0.259999990       156190.203    
  0.269999981      -47931.2656    
  0.280000001      -158532.078    
  0.289999992       39252.5508    
  0.299999982       158338.500    
  0.310000002      -20103.0625    
  0.319999993      -153063.453    
  0.329999983      -7248.93750    
  0.340000004       139650.125    
  0.349999994       38194.7852    
  0.359999985      -115543.945    
  0.370000005      -65650.2812    
  0.379999995       80166.5391    
  0.389999986       82187.5625    
  0.399999976      -37035.4805    
  0.409999996      -82905.3438    
  0.419999987      -4737.43555    
  0.429999977       67057.1406    
  0.439999998       33048.6172    
  0.449999988      -38341.2070    
  0.459999979      -39957.9453    
  0.469999999       4823.91406    
  0.479999989       28243.4277    
  0.489999980       22391.7090    
  0.500000000      -10887.7861    
  0.509999990      -33384.3164    
  0.519999981       2434.70801    
  0.529999971       24931.2344    
  0.539999962      -8348.24219    
  0.550000012      -2496.51514    
  0.560000002       20922.9727    
  0.569999993      -23858.8984    
  0.579999983      -25475.6133    
  0.589999974       45914.2305    
  0.599999964       11905.6846    
  0.610000014      -59888.9062    
  0.620000005       18279.0371    
  0.629999995       64148.9023    
  0.639999986      -55074.1562    
  0.649999976      -57095.2031    
  0.659999967       88721.6562    
  0.669999957       38827.9844    
  0.680000007      -114910.805    
  0.689999998      -13455.4141    
  0.699999988       133443.688    
  0.709999979      -12370.8984    
  0.719999969      -145331.328    
  0.729999959       33110.3398    
  0.740000010       152196.281    
  0.750000000      -45588.4062    
  0.759999990      -156189.188    
  0.769999981       47932.2578    
  0.779999971       158533.062    
  0.789999962      -39251.5469    
  0.799999952      -158337.500    
  0.810000002       20104.0781    
  0.819999993       153064.500    
  0.829999983       7249.94141    
  0.839999974      -139649.141    
  0.849999964      -38193.8125    
  0.859999955       115544.953    
  0.870000005       65651.3047    
  0.879999995      -80165.5312    
  0.889999986      -82186.5703    
  0.899999976       37036.4844    
  0.909999967       82906.3438    
  0.919999957       4738.42578    
  0.930000007      -67056.1406    
  0.939999998      -33047.6172    
  0.949999988       38342.2148    
  0.959999979       39958.9414    
  0.969999969      -4822.92188    
  0.979999959      -28242.4258    
  0.989999950      -22390.7109    
   1.00000000       10888.7822    
