   9.99999978E-03   3470.09033    
   1.99999996E-02   6342.66504    
   2.99999993E-02  -2434.44336    
   3.99999991E-02  -1660.84619    
   4.99999970E-02   3120.22900    
   5.99999987E-02  -5357.89941    
   7.00000003E-02  -2713.05811    
   7.99999982E-02   10612.8936    
   8.99999961E-02  -1578.98535    
   9.99999940E-02  -11884.0762    
  0.109999999       9563.40723    
  0.119999997       9000.39648    
  0.129999995      -18117.9336    
  0.140000001      -2504.69189    
  0.149999991       24065.8438    
  0.159999996      -6708.06152    
  0.170000002      -26337.9512    
  0.179999992       16994.9863    
  0.189999998       25641.2344    
  0.199999988      -26381.2109    
  0.209999993      -23183.7852    
  0.219999999       33680.4570    
  0.229999989       20345.1797    
  0.239999995      -38586.2969    
  0.250000000      -18521.0586    
  0.259999990       41046.2695    
  0.269999981       18633.8008    
  0.280000001      -40933.5195    
  0.289999992      -20868.2871    
  0.299999982       38063.1797    
  0.310000002       24727.8945    
  0.319999993      -32136.3320    
  0.329999983      -28938.8984    
  0.340000004       23083.5312    
  0.349999994       31729.7676    
  0.359999985      -11603.1641    
  0.370000005      -31233.0488    
  0.379999995      -459.141602    
  0.389999986       26111.3926    
  0.399999976       10498.1494    
  0.409999996      -16620.1816    
  0.419999987      -16057.1719    
  0.429999977       5390.31152    
  0.439999998       15695.4023    
  0.449999988       3503.52393    
  0.459999979      -9822.42871    
  0.469999999      -7177.59180    
  0.479999989       1300.53760    
  0.489999980       6081.61572    
  0.500000000       5308.01758    
  0.509999990      -3469.09131    
  0.519999981      -6341.66455    
  0.529999971       2435.44287    
  0.539999962       1661.84534    
  0.550000012      -3119.22656    
  0.560000002       5358.89990    
  0.569999993       2714.05493    
  0.579999983      -10611.8955    
  0.589999974       1579.98975    
  0.599999964       11885.0781    
  0.610000014      -9562.41309    
  0.620000005      -8999.39844    
  0.629999995       18118.9414    
  0.639999986       2505.69141    
  0.649999976      -24064.8477    
  0.659999967       6709.06348    
  0.669999957       26338.9531    
  0.680000007      -16993.9902    
  0.689999998      -25640.2305    
  0.699999988       26382.2207    
  0.709999979       23184.7773    
  0.719999969      -33679.4648    
  0.729999959      -20344.1738    
  0.740000010       38587.2969    
  0.750000000       18522.0605    
  0.759999990      -41045.2695    
  0.769999981      -18632.7969    
  0.779999971       40934.5195    
  0.789999962       20869.2891    
  0.799999952      -38062.1758    
  0.810000002      -24726.9023    
  0.819999993       32137.3320    
  0.829999983       28939.9043    
  0.839999974      -23082.5312    
  0.849999964      -31728.7734    
  0.859999955       11604.1621    
  0.870000005       31234.0469    
  0.879999995       460.143555    
  0.889999986      -26110.3945    
  0.899999976      -10497.1484    
  0.909999967       16621.1875    
  0.919999957       16058.1729    
  0.930000007      -5389.31445    
  0.939999998      -15694.4053    
  0.949999988      -3502.52441    
  0.959999979       9823.43066    
  0.969999969       7178.59180    
  0.979999959      -1299.53687    
  0.989999950      -6080.61475    
   1.00000000      -5307.01855    
