   9.99999978E-03   2.95475405E-02
   1.99999996E-02   1.34410821E-02
   2.99999993E-02   1.34410821E-02
   3.99999991E-02   5.46061154E-03
   4.99999970E-02   5.46061154E-03
   5.99999987E-02   1.96133158E-03
   7.00000003E-02   1.96133158E-03
   7.99999982E-02   6.19217812E-04
   8.99999961E-02   6.19217812E-04
   9.99999940E-02   1.85707948E-04
  0.109999999       1.85707948E-04
  0.119999997       1.08837601E-04
  0.129999995       1.08837601E-04
  0.140000001       2.32901570E-04
  0.149999991       2.32901570E-04
  0.159999996       6.56085904E-04
  0.170000002       6.56085904E-04
  0.179999992       1.74670364E-03
  0.189999998       1.74670364E-03
  0.199999988       4.29346180E-03
  0.209999993       4.29346180E-03
  0.219999999       9.75100789E-03
  0.229999989       9.75100789E-03
  0.239999995       2.05007326E-02
  0.250000000       2.05007326E-02
  0.259999990       3.99748683E-02
  0.269999981       3.99748683E-02
  0.280000001       7.24317655E-02
  0.289999992       7.24317655E-02
  0.299999982      0.122199014    
  0.310000002      0.122199014    
  0.319999993      0.192383572    
  0.329999983      0.192383572    
  0.340000004      0.283363611    
  0.349999994      0.283363611    
  0.359999985      0.391673177    
  0.370000005      0.391673177    
  0.379999995      0.509942234    
  0.389999986      0.509942234    
  0.399999976      0.628211319    
  0.409999996      0.628211319    
  0.419999987      0.736306667    
  0.429999977      0.736306667    
  0.439999998      0.826386094    
  0.449999988      0.826386094    
  0.459999979      0.894628108    
  0.469999999      0.894628108    
  0.479999989      0.941460848    
  0.489999980      0.941460848    
  0.500000000      0.970452547    
  0.509999990      0.970452547    
  0.519999981      0.986558974    
  0.529999971      0.986558974    
  0.539999962      0.994539440    
  0.550000012      0.994539440    
  0.560000002      0.998038709    
  0.569999993      0.998038709    
  0.579999983      0.999380767    
  0.589999974      0.999380767    
  0.599999964      0.999814212    
  0.610000014      0.999814212    
  0.620000005      0.999891102    
  0.629999995      0.999891102    
  0.639999986      0.999767065    
  0.649999976      0.999767065    
  0.659999967      0.999343991    
  0.669999957      0.999343991    
  0.680000007      0.998253345    
  0.689999998      0.998253345    
  0.699999988      0.995706677    
  0.709999979      0.995706677    
  0.719999969      0.990249038    
  0.729999959      0.990249038    
  0.740000010      0.979499280    
  0.750000000      0.979499280    
  0.759999990      0.960025132    
  0.769999981      0.960025132    
  0.779999971      0.927568197    
  0.789999962      0.927568197    
  0.799999952      0.877801001    
  0.810000002      0.877801001    
  0.819999993      0.807616472    
  0.829999983      0.807616472    
  0.839999974      0.716636419    
  0.849999964      0.716636419    
  0.859999955      0.608326852    
  0.870000005      0.608326852    
  0.879999995      0.490057826    
  0.889999986      0.490057826    
  0.899999976      0.371788859    
  0.909999967      0.371788859    
  0.919999957      0.263693482    
  0.930000007      0.263693482    
  0.939999998      0.173614010    
  0.949999988      0.173614010    
  0.959999979      0.105371997    
  0.969999969      0.105371997    
  0.979999959       5.85392416E-02
  0.989999950       5.85392416E-02
   1.00000000       2.95475405E-02
