   9.99999978E-03   4426152.00    
   1.99999996E-02   7363279.00    
   2.99999993E-02  -3823853.75    
   3.99999991E-02  -4851385.50    
   4.99999970E-02   4066922.00    
   5.99999987E-02   146390.250    
   7.00000003E-02  -4707177.00    
   7.99999982E-02   5222980.00    
   8.99999961E-02   4886277.00    
   9.99999940E-02  -9849205.00    
  0.109999999      -3755514.00    
  0.119999997       13002379.0    
  0.129999995       943830.000    
  0.140000001      -14704919.0    
  0.149999991       3215813.00    
  0.159999996       15380796.0    
  0.170000002      -7875381.00    
  0.179999992      -15432034.0    
  0.189999998       12147145.0    
  0.199999988       15074828.0    
  0.209999993      -15502235.0    
  0.219999999      -14468158.0    
  0.229999989       17821652.0    
  0.239999995       13885165.0    
  0.250000000      -19169626.0    
  0.259999990      -13682076.0    
  0.269999981       19573008.0    
  0.280000001       14085460.0    
  0.289999992      -18969328.0    
  0.299999982      -15032842.0    
  0.310000002       17256968.0    
  0.319999993       16222897.0    
  0.329999983      -14354164.0    
  0.340000004      -17281848.0    
  0.349999994       10297329.0    
  0.359999985       17853982.0    
  0.370000005      -5402187.00    
  0.379999995      -17567168.0    
  0.389999986       353560.000    
  0.399999976       16002306.0    
  0.409999996       3943754.00    
  0.419999987      -12814137.0    
  0.429999977      -6720447.00    
  0.439999998       8015033.00    
  0.449999988       7678333.00    
  0.459999979      -2251823.00    
  0.469999999      -7105392.00    
  0.479999989      -3184858.50    
  0.489999980       5733451.00    
  0.500000000       6760982.00    
  0.509999990      -4426152.00    
  0.519999981      -7363278.00    
  0.529999971       3823855.50    
  0.539999962       4851386.00    
  0.550000012      -4066922.50    
  0.560000002      -146388.125    
  0.569999993       4707179.00    
  0.579999983      -5222981.00    
  0.589999974      -4886277.50    
  0.599999964       9849211.00    
  0.610000014       3755515.00    
  0.620000005      -13002382.0    
  0.629999995      -943826.000    
  0.639999986       14704923.0    
  0.649999976      -3215812.50    
  0.659999967      -15380797.0    
  0.669999957       7875383.00    
  0.680000007       15432037.0    
  0.689999998      -12147150.0    
  0.699999988      -15074824.0    
  0.709999979       15502243.0    
  0.719999969       14468158.0    
  0.729999959      -17821660.0    
  0.740000010      -13885160.0    
  0.750000000       19169632.0    
  0.759999990       13682075.0    
  0.769999981      -19573014.0    
  0.779999971      -14085456.0    
  0.789999962       18969332.0    
  0.799999952       15032840.0    
  0.810000002      -17256972.0    
  0.819999993      -16222894.0    
  0.829999983       14354166.0    
  0.839999974       17281848.0    
  0.849999964      -10297326.0    
  0.859999955      -17853980.0    
  0.870000005       5402187.50    
  0.879999995       17567166.0    
  0.889999986      -353557.000    
  0.899999976      -16002301.0    
  0.909999967      -3943753.00    
  0.919999957       12814139.0    
  0.930000007       6720448.00    
  0.939999998      -8015034.00    
  0.949999988      -7678332.00    
  0.959999979       2251825.50    
  0.969999969       7105393.00    
  0.979999959       3184859.25    
  0.989999950      -5733450.50    
   1.00000000      -6760981.00    
