   9.99999978E-03  0.920447350    
   1.99999996E-02  0.897849798    
   2.99999993E-02  0.897849798    
   3.99999991E-02  0.869006872    
   4.99999970E-02  0.869006872    
   5.99999987E-02  0.833798468    
   7.00000003E-02  0.833798468    
   7.99999982E-02  0.792277098    
   8.99999961E-02  0.792277098    
   9.99999940E-02  0.744738519    
  0.109999999      0.744738519    
  0.119999997      0.691769242    
  0.129999995      0.691769242    
  0.140000001      0.634262383    
  0.149999991      0.634262383    
  0.159999996      0.573398113    
  0.170000002      0.573398113    
  0.179999992      0.510587692    
  0.189999998      0.510587692    
  0.199999988      0.447387695    
  0.209999993      0.447387695    
  0.219999999      0.385393918    
  0.229999989      0.385393918    
  0.239999995      0.326129913    
  0.250000000      0.326129913    
  0.259999990      0.270943642    
  0.269999981      0.270943642    
  0.280000001      0.220927298    
  0.289999992      0.220927298    
  0.299999982      0.176868916    
  0.310000002      0.176868916    
  0.319999993      0.139241904    
  0.329999983      0.139241904    
  0.340000004      0.108231269    
  0.349999994      0.108231269    
  0.359999985       8.37902576E-02
  0.370000005       8.37902576E-02
  0.379999995       6.57176897E-02
  0.389999986       6.57176897E-02
  0.399999976       5.37431091E-02
  0.409999996       5.37431091E-02
  0.419999987       4.76073623E-02
  0.429999977       4.76073623E-02
  0.439999998       4.71270680E-02
  0.449999988       4.71270680E-02
  0.459999979       5.22345454E-02
  0.469999999       5.22345454E-02
  0.479999989       6.29882365E-02
  0.489999980       6.29882365E-02
  0.500000000       7.95525759E-02
  0.509999990       7.95525759E-02
  0.519999981      0.102150224    
  0.529999971      0.102150224    
  0.539999962      0.130993113    
  0.550000012      0.130993113    
  0.560000002      0.166201591    
  0.569999993      0.166201591    
  0.579999983      0.207723036    
  0.589999974      0.207723036    
  0.599999964      0.255261600    
  0.610000014      0.255261600    
  0.620000005      0.308230937    
  0.629999995      0.308230937    
  0.639999986      0.365737736    
  0.649999976      0.365737736    
  0.659999967      0.426602036    
  0.669999957      0.426602036    
  0.680000007      0.489412427    
  0.689999998      0.489412427    
  0.699999988      0.552612543    
  0.709999979      0.552612543    
  0.719999969      0.614606321    
  0.729999959      0.614606321    
  0.740000010      0.673870325    
  0.750000000      0.673870325    
  0.759999990      0.729056537    
  0.769999981      0.729056537    
  0.779999971      0.779072821    
  0.789999962      0.779072821    
  0.799999952      0.823131204    
  0.810000002      0.823131204    
  0.819999993      0.860758185    
  0.829999983      0.860758185    
  0.839999974      0.891768813    
  0.849999964      0.891768813    
  0.859999955      0.916209817    
  0.870000005      0.916209817    
  0.879999995      0.934282303    
  0.889999986      0.934282303    
  0.899999976      0.946256816    
  0.909999967      0.946256816    
  0.919999957      0.952392459    
  0.930000007      0.952392459    
  0.939999998      0.952872753    
  0.949999988      0.952872753    
  0.959999979      0.947765350    
  0.969999969      0.947765350    
  0.979999959      0.937011719    
  0.989999950      0.937011719    
   1.00000000      0.920447350    
