   9.99999978E-03   0.00000000    
   1.99999996E-02   0.00000000    
   2.99999993E-02   0.00000000    
   3.99999991E-02   0.00000000    
   4.99999970E-02   0.00000000    
   5.99999987E-02  -2.27373675E-13
   7.00000003E-02   1.88720151E-11
   7.99999982E-02  -7.40328687E-10
   8.99999961E-02   1.82317308E-08
   9.99999940E-02  -3.15673333E-07
  0.109999999       4.07745347E-06
  0.119999997      -4.06678337E-05
  0.129999995       3.19642364E-04
  0.140000001      -2.00117542E-03
  0.149999991       1.00067873E-02
  0.159999996      -3.97406518E-02
  0.170000002      0.123225227    
  0.179999992     -0.287334532    
  0.189999998      0.460989237    
  0.199999988     -0.369694173    
  0.209999993     -0.265844464    
  0.219999999       1.03207695    
  0.229999989     -0.659827173    
  0.239999995      -1.03068769    
  0.250000000       1.42972946    
  0.259999990      0.890595257    
  0.269999981      -1.70145535    
  0.280000001      -1.16232097    
  0.289999992       1.29809630    
  0.299999982       1.66895676    
  0.310000002      -2.29471922E-02
  0.319999993      -1.32086849    
  0.329999983      -1.21701884    
  0.340000004     -0.386335492    
  0.349999994      0.361988515    
  0.359999985      0.772548199    
  0.370000005      0.935513914    
  0.379999995      0.985261202    
  0.389999986      0.997269332    
  0.399999976      0.999590218    
  0.409999996      0.999950469    
  0.419999987      0.999995351    
  0.429999977      0.999999642    
  0.439999998       1.00000000    
  0.449999988       1.00000000    
  0.459999979       1.00000000    
  0.469999999       1.00000000    
  0.479999989       1.00000000    
  0.489999980       1.00000000    
  0.500000000       1.00000000    
  0.509999990       1.00000000    
  0.519999981       1.00000000    
  0.529999971       1.00000000    
  0.539999962       1.00000000    
  0.550000012       1.00000000    
  0.560000002       1.00000000    
  0.569999993       1.00000000    
  0.579999983       1.00000000    
  0.589999974       1.00000000    
  0.599999964       1.00000024    
  0.610000014      0.999995947    
  0.620000005       1.00004065    
  0.629999995      0.999680400    
  0.639999986       1.00200117    
  0.649999976      0.989993274    
  0.659999967       1.03974068    
  0.669999957      0.876774907    
  0.680000007       1.28733420    
  0.689999998      0.539010763    
  0.699999988       1.36969447    
  0.709999979       1.26584435    
  0.719999969      -3.20770442E-02
  0.729999959       1.65982723    
  0.740000010       2.03068757    
  0.750000000     -0.429729581    
  0.759999990      0.109404981    
  0.769999981       2.70145512    
  0.779999971       2.16232085    
  0.789999962     -0.298096359    
  0.799999952     -0.668956935    
  0.810000002       1.02294719    
  0.819999993       2.32086849    
  0.829999983       2.21701884    
  0.839999974       1.38633537    
  0.849999964      0.638011634    
  0.859999955      0.227451906    
  0.870000005       6.44860268E-02
  0.879999995       1.47385830E-02
  0.889999986       2.73062009E-03
  0.899999976       4.09802276E-04
  0.909999967       4.94920678E-05
  0.919999957       4.74678245E-06
  0.930000007       3.53655651E-07
  0.939999998       1.97505869E-08
  0.949999988       7.78527465E-10
  0.959999979       1.93267624E-11
  0.969999969       2.27373675E-13
  0.979999959       0.00000000    
  0.989999950       0.00000000    
   1.00000000       0.00000000    
