   9.99999978E-03  0.922459006    
   1.99999996E-02  0.922459006    
   2.99999993E-02  0.901986539    
   3.99999991E-02  0.901986539    
   4.99999970E-02  0.875397921    
   5.99999987E-02  0.875397921    
   7.00000003E-02  0.842593789    
   7.99999982E-02  0.842593789    
   8.99999961E-02  0.803611159    
   9.99999940E-02  0.803611159    
  0.109999999      0.758690834    
  0.119999997      0.758690834    
  0.129999995      0.708326340    
  0.140000001      0.708326340    
  0.149999991      0.653288662    
  0.159999996      0.653288662    
  0.170000002      0.594618618    
  0.179999992      0.594618618    
  0.189999998      0.533587635    
  0.199999988      0.533587635    
  0.209999993      0.471629441    
  0.219999999      0.471629441    
  0.229999989      0.410250008    
  0.239999995      0.410250008    
  0.250000000      0.350928426    
  0.259999990      0.350928426    
  0.269999981      0.295019507    
  0.280000001      0.295019507    
  0.289999992      0.243672401    
  0.299999982      0.243672401    
  0.310000002      0.197774768    
  0.319999993      0.197774768    
  0.329999983      0.157928720    
  0.340000004      0.157928720    
  0.349999994      0.124459922    
  0.359999985      0.124459922    
  0.370000005       9.74569768E-02
  0.379999995       9.74569768E-02
  0.389999986       7.68328607E-02
  0.399999976       7.68328607E-02
  0.409999996       6.23986199E-02
  0.419999987       6.23986199E-02
  0.429999977       5.39376512E-02
  0.439999998       5.39376512E-02
  0.449999988       5.12698665E-02
  0.459999979       5.12698665E-02
  0.469999999       5.42967394E-02
  0.479999989       5.42967394E-02
  0.489999980       6.30213618E-02
  0.500000000       6.30213618E-02
  0.509999990       7.75410086E-02
  0.519999981       7.75410086E-02
  0.529999971       9.80135128E-02
  0.539999962       9.80135128E-02
  0.550000012      0.124602064    
  0.560000002      0.124602064    
  0.569999993      0.157406285    
  0.579999983      0.157406285    
  0.589999974      0.196388960    
  0.599999964      0.196388960    
  0.610000014      0.241309389    
  0.620000005      0.241309389    
  0.629999995      0.291673839    
  0.639999986      0.291673839    
  0.649999976      0.346711546    
  0.659999967      0.346711546    
  0.669999957      0.405381560    
  0.680000007      0.405381560    
  0.689999998      0.466412544    
  0.699999988      0.466412544    
  0.709999979      0.528370798    
  0.719999969      0.528370798    
  0.729999959      0.589750171    
  0.740000010      0.589750171    
  0.750000000      0.649071753    
  0.759999990      0.649071753    
  0.769999981      0.704980671    
  0.779999971      0.704980671    
  0.789999962      0.756327808    
  0.799999952      0.756327808    
  0.810000002      0.802225351    
  0.819999993      0.802225351    
  0.829999983      0.842071414    
  0.839999974      0.842071414    
  0.849999964      0.875540137    
  0.859999955      0.875540137    
  0.870000005      0.902543128    
  0.879999995      0.902543128    
  0.889999986      0.923167169    
  0.899999976      0.923167169    
  0.909999967      0.937601328    
  0.919999957      0.937601328    
  0.930000007      0.946062267    
  0.939999998      0.946062267    
  0.949999988      0.948730052    
  0.959999979      0.948730052    
  0.969999969      0.945703149    
  0.979999959      0.945703149    
  0.989999950      0.936978519    
   1.00000000      0.936978519    
