   9.99999978E-03  0.160422996    
   1.99999996E-02  0.104496367    
   2.99999993E-02  0.104496367    
   3.99999991E-02   6.39702752E-02
   4.99999970E-02   6.39702752E-02
   5.99999987E-02   3.66669744E-02
   7.00000003E-02   3.66669744E-02
   7.99999982E-02   1.96071249E-02
   8.99999961E-02   1.96071249E-02
   9.99999940E-02   9.75637510E-03
  0.109999999       9.75637510E-03
  0.119999997       4.54048952E-03
  0.129999995       4.54048952E-03
  0.140000001       2.08119932E-03
  0.149999991       2.08119932E-03
  0.159999996       1.21382368E-03
  0.170000002       1.21382368E-03
  0.179999992       1.39710249E-03
  0.189999998       1.39710249E-03
  0.199999988       2.61788140E-03
  0.209999993       2.61788140E-03
  0.219999999       5.35156578E-03
  0.229999989       5.35156578E-03
  0.239999995       1.05881467E-02
  0.250000000       1.05881467E-02
  0.259999990       1.98874734E-02
  0.269999981       1.98874734E-02
  0.280000001       3.53929289E-02
  0.289999992       3.53929289E-02
  0.299999982       5.97166494E-02
  0.310000002       5.97166494E-02
  0.319999993       9.56233740E-02
  0.329999983       9.56233740E-02
  0.340000004      0.145493880    
  0.349999994      0.145493880    
  0.359999985      0.210640028    
  0.370000005      0.210640028    
  0.379999995      0.290644079    
  0.389999986      0.290644079    
  0.399999976      0.382956445    
  0.409999996      0.382956445    
  0.419999987      0.482961476    
  0.429999977      0.482961476    
  0.439999998      0.584592640    
  0.449999988      0.584592640    
  0.459999979      0.681384206    
  0.469999999      0.681384206    
  0.479999989      0.767671227    
  0.489999980      0.767671227    
  0.500000000      0.839577019    
  0.509999990      0.839577019    
  0.519999981      0.895503700    
  0.529999971      0.895503700    
  0.539999962      0.936029732    
  0.550000012      0.936029732    
  0.560000002      0.963333011    
  0.569999993      0.963333011    
  0.579999983      0.980392933    
  0.589999974      0.980392933    
  0.599999964      0.990243614    
  0.610000014      0.990243614    
  0.620000005      0.995459557    
  0.629999995      0.995459557    
  0.639999986      0.997918785    
  0.649999976      0.997918785    
  0.659999967      0.998786092    
  0.669999957      0.998786092    
  0.680000007      0.998602927    
  0.689999998      0.998602927    
  0.699999988      0.997382164    
  0.709999979      0.997382164    
  0.719999969      0.994648516    
  0.729999959      0.994648516    
  0.740000010      0.989411950    
  0.750000000      0.989411950    
  0.759999990      0.980112612    
  0.769999981      0.980112612    
  0.779999971      0.964607120    
  0.789999962      0.964607120    
  0.799999952      0.940283298    
  0.810000002      0.940283298    
  0.819999993      0.904376507    
  0.829999983      0.904376507    
  0.839999974      0.854506016    
  0.849999964      0.854506016    
  0.859999955      0.789359987    
  0.870000005      0.789359987    
  0.879999995      0.709356010    
  0.889999986      0.709356010    
  0.899999976      0.617043674    
  0.909999967      0.617043674    
  0.919999957      0.517038584    
  0.930000007      0.517038584    
  0.939999998      0.415407449    
  0.949999988      0.415407449    
  0.959999979      0.318615854    
  0.969999969      0.318615854    
  0.979999959      0.232328817    
  0.989999950      0.232328817    
   1.00000000      0.160422996    
