   9.99999978E-03  -2057.03296    
   1.99999996E-02  -411.193237    
   2.99999993E-02   1296.57837    
   3.99999991E-02  -455.565308    
   4.99999970E-02   261.839294    
   5.99999987E-02   1696.88501    
   7.00000003E-02  -1953.67310    
   7.99999982E-02  -1525.26465    
   8.99999961E-02   3362.72314    
   9.99999940E-02  -587.668579    
  0.109999999      -3995.39062    
  0.119999997       3713.80273    
  0.129999995       3218.84033    
  0.140000001      -6602.20117    
  0.149999991      -802.213867    
  0.159999996       8566.05859    
  0.170000002      -2659.35059    
  0.179999992      -9375.12305    
  0.189999998       6269.84766    
  0.199999988       9141.57617    
  0.209999993      -9410.05957    
  0.219999999      -8336.08984    
  0.229999989       11772.9863    
  0.239999995       7578.82861    
  0.250000000      -13189.9688    
  0.259999990      -7303.37109    
  0.269999981       13629.6338    
  0.280000001       7743.03760    
  0.289999992      -13025.7549    
  0.299999982      -8831.59766    
  0.310000002       11277.4717    
  0.319999993       10203.4971    
  0.329999983      -8348.13672    
  0.340000004      -11219.8613    
  0.349999994       4425.10645    
  0.359999985       11140.8760    
  0.370000005      -84.5317383    
  0.379999995      -9452.80371    
  0.389999986      -3652.81860    
  0.399999976       6168.22168    
  0.409999996       5673.25977    
  0.419999987      -2035.93311    
  0.429999977      -5443.65527    
  0.439999998      -1493.26404    
  0.449999988       3394.72437    
  0.459999979       2966.31714    
  0.469999999      -684.240723    
  0.479999989      -2119.28735    
  0.489999980      -1401.88257    
  0.500000000       350.261902    
  0.509999990       2058.03296    
  0.519999981       412.192963    
  0.529999971      -1295.57788    
  0.539999962       456.564758    
  0.550000012      -260.839966    
  0.560000002      -1695.88379    
  0.569999993       1954.67383    
  0.579999983       1526.26343    
  0.589999974      -3361.72412    
  0.599999964       588.669922    
  0.610000014       3996.39136    
  0.620000005      -3712.80420    
  0.629999995      -3217.84058    
  0.639999986       6603.20312    
  0.649999976       803.213867    
  0.659999967      -8565.06055    
  0.669999957       2660.35205    
  0.680000007       9376.12207    
  0.689999998      -6268.84912    
  0.699999988      -9140.57520    
  0.709999979       9411.06445    
  0.719999969       8337.08887    
  0.729999959      -11771.9863    
  0.740000010      -7577.82764    
  0.750000000       13190.9688    
  0.759999990       7304.37109    
  0.769999981      -13628.6338    
  0.779999971      -7742.03760    
  0.789999962       13026.7549    
  0.799999952       8832.59766    
  0.810000002      -11276.4717    
  0.819999993      -10202.4990    
  0.829999983       8349.13672    
  0.839999974       11220.8633    
  0.849999964      -4424.10645    
  0.859999955      -11139.8779    
  0.870000005       85.5322266    
  0.879999995       9453.80664    
  0.889999986       3653.81836    
  0.899999976      -6167.22461    
  0.909999967      -5672.26123    
  0.919999957       2036.93457    
  0.930000007       5444.65674    
  0.939999998       1494.26416    
  0.949999988      -3393.72437    
  0.959999979      -2965.31738    
  0.969999969       685.240356    
  0.979999959       2120.28687    
  0.989999950       1402.88269    
   1.00000000      -349.261292    
