   9.99999978E-03   1253048.00    
   1.99999996E-02   376413.125    
   2.99999993E-02  -1047041.88    
   3.99999991E-02  -69573.5938    
   4.99999970E-02   611532.000    
   5.99999987E-02  -578288.688    
   7.00000003E-02  -54258.0312    
   7.99999982E-02   1235099.25    
   8.99999961E-02  -551730.375    
   9.99999940E-02  -1588194.12    
  0.109999999       1186632.75    
  0.119999997       1497546.75    
  0.129999995      -1843287.12    
  0.140000001      -1027754.62    
  0.149999991       2474748.75    
  0.159999996       356355.438    
  0.170000002      -2993907.00    
  0.179999992       350759.000    
  0.189999998       3332623.50    
  0.199999988      -998149.000    
  0.209999993      -3497356.75    
  0.219999999       1537410.38    
  0.229999989       3560135.75    
  0.239999995      -1923071.25    
  0.250000000      -3599105.75    
  0.259999990       2104613.75    
  0.269999981       3654287.00    
  0.280000001      -2049431.62    
  0.289999992      -3725467.00    
  0.299999982       1757740.00    
  0.310000002       3780466.50    
  0.319999993      -1254299.62    
  0.329999983      -3753507.25    
  0.340000004       577263.750    
  0.349999994       3559128.00    
  0.359999985       214461.250    
  0.370000005      -3135801.00    
  0.379999995      -1017407.88    
  0.389999986       2485095.00    
  0.399999976       1669562.50    
  0.409999996      -1671271.12    
  0.419999987      -1982185.00    
  0.429999977       792641.875    
  0.439999998       1829105.75    
  0.449999988       42276.3750    
  0.459999979      -1247080.75    
  0.469999999      -723050.250    
  0.479999989       466770.750    
  0.489999980       1147876.50    
  0.500000000       170407.938    
  0.509999990      -1253047.12    
  0.519999981      -376411.906    
  0.529999971       1047042.81    
  0.539999962       69574.4062    
  0.550000012      -611531.062    
  0.560000002       578289.938    
  0.569999993       54258.9062    
  0.579999983      -1235098.50    
  0.589999974       551731.375    
  0.599999964       1588195.25    
  0.610000014      -1186632.38    
  0.620000005      -1497546.00    
  0.629999995       1843289.12    
  0.639999986       1027756.00    
  0.649999976      -2474748.50    
  0.659999967      -356354.625    
  0.669999957       2993908.50    
  0.680000007      -350758.875    
  0.689999998      -3332622.50    
  0.699999988       998151.000    
  0.709999979       3497358.00    
  0.719999969      -1537409.75    
  0.729999959      -3560135.25    
  0.740000010       1923073.00    
  0.750000000       3599107.00    
  0.759999990      -2104613.75    
  0.769999981      -3654286.50    
  0.779999971       2049434.00    
  0.789999962       3725468.00    
  0.799999952      -1757739.75    
  0.810000002      -3780465.25    
  0.819999993       1254300.75    
  0.829999983       3753508.25    
  0.839999974      -577262.625    
  0.849999964      -3559126.00    
  0.859999955      -214460.750    
  0.870000005       3135801.25    
  0.879999995       1017409.00    
  0.889999986      -2485094.00    
  0.899999976      -1669561.50    
  0.909999967       1671272.00    
  0.919999957       1982186.00    
  0.930000007      -792640.875    
  0.939999998      -1829104.75    
  0.949999988      -42275.2500    
  0.959999979       1247082.12    
  0.969999969       723051.312    
  0.979999959      -466769.938    
  0.989999950      -1147875.75    
   1.00000000      -170407.000    
