   9.99999978E-03   685824.625    
   1.99999996E-02   1464407.75    
   2.99999993E-02  -576632.000    
   3.99999991E-02  -902781.062    
   4.99999970E-02   720616.750    
   5.99999987E-02  -100262.250    
   7.00000003E-02  -950432.125    
   7.99999982E-02   1194042.88    
   8.99999961E-02   999656.062    
   9.99999940E-02  -2088061.00    
  0.109999999      -654255.375    
  0.119999997       2661816.50    
  0.129999995      -121389.250    
  0.140000001      -2942434.25    
  0.149999991       1171025.50    
  0.159999996       3003826.75    
  0.170000002      -2253909.75    
  0.179999992      -2896463.25    
  0.189999998       3184795.50    
  0.199999988       2659620.25    
  0.209999993      -3897169.25    
  0.219999999      -2366088.25    
  0.229999989       4401830.50    
  0.239999995       2124560.00    
  0.250000000      -4712158.50    
  0.259999990      -2033441.00    
  0.269999981       4816738.00    
  0.280000001       2138021.50    
  0.289999992      -4698697.50    
  0.299999982      -2421427.50    
  0.310000002       4346492.00    
  0.319999993       2815412.50    
  0.329999983      -3741375.75    
  0.340000004      -3216201.50    
  0.349999994       2865056.50    
  0.359999985       3507609.00    
  0.370000005      -1750127.38    
  0.379999995      -3582928.50    
  0.389999986       530530.875    
  0.399999976       3351575.50    
  0.409999996       568370.000    
  0.419999987      -2747701.50    
  0.429999977      -1313896.00    
  0.439999998       1773821.12    
  0.449999988       1579434.50    
  0.459999979      -565040.125    
  0.469999999      -1415210.25    
  0.479999989      -594331.062    
  0.489999980       1029067.31    
  0.500000000       1355216.25    
  0.509999990      -685823.812    
  0.519999981      -1464406.50    
  0.529999971       576633.188    
  0.539999962       902781.938    
  0.550000012      -720616.062    
  0.560000002       100263.438    
  0.569999993       950433.250    
  0.579999983      -1194042.12    
  0.589999974      -999655.312    
  0.599999964       2088062.50    
  0.610000014       654256.188    
  0.620000005      -2661816.75    
  0.629999995       121390.625    
  0.639999986       2942436.50    
  0.649999976      -1171024.62    
  0.659999967      -3003826.50    
  0.669999957       2253911.25    
  0.680000007       2896463.75    
  0.689999998      -3184795.50    
  0.699999988      -2659618.50    
  0.709999979       3897171.25    
  0.719999969       2366089.50    
  0.729999959      -4401831.00    
  0.740000010      -2124558.50    
  0.750000000       4712160.50    
  0.759999990       2033441.38    
  0.769999981      -4816738.50    
  0.779999971      -2138019.50    
  0.789999962       4698699.50    
  0.799999952       2421427.75    
  0.810000002      -4346491.50    
  0.819999993      -2815411.00    
  0.829999983       3741377.00    
  0.839999974       3216202.25    
  0.849999964      -2865054.50    
  0.859999955      -3507607.50    
  0.870000005       1750127.50    
  0.879999995       3582929.00    
  0.889999986      -530529.875    
  0.899999976      -3351574.50    
  0.909999967      -568369.125    
  0.919999957       2747702.50    
  0.930000007       1313897.00    
  0.939999998      -1773820.12    
  0.949999988      -1579433.62    
  0.959999979       565041.438    
  0.969999969       1415211.50    
  0.979999959       594332.000    
  0.989999950      -1029066.56    
   1.00000000      -1355215.25    
