   9.99999978E-03   8.19441862E-03
   1.99999996E-02   8.19441862E-03
   2.99999993E-02   2.89584207E-03
   3.99999991E-02   2.89584207E-03
   4.99999970E-02   8.77628103E-04
   5.99999987E-02   8.77628103E-04
   7.00000003E-02   2.24993346E-04
   7.99999982E-02   2.24993346E-04
   8.99999961E-02   5.47294730E-05
   9.99999940E-02   5.47294730E-05
  0.109999999       4.10887915E-05
  0.119999997       4.10887915E-05
  0.129999995       1.21222241E-04
  0.140000001       1.21222241E-04
  0.149999991       3.90317087E-04
  0.159999996       3.90317087E-04
  0.170000002       1.14940887E-03
  0.179999992       1.14940887E-03
  0.189999998       3.08451755E-03
  0.199999988       3.08451755E-03
  0.209999993       7.56394118E-03
  0.219999999       7.56394118E-03
  0.229999989       1.69943087E-02
  0.239999995       1.69943087E-02
  0.250000000       3.50691825E-02
  0.259999990       3.50691825E-02
  0.269999981       6.66284785E-02
  0.280000001       6.66284785E-02
  0.289999992      0.116836451    
  0.299999982      0.116836451    
  0.310000002      0.189601660    
  0.319999993      0.189601660    
  0.329999983      0.285611331    
  0.340000004      0.285611331    
  0.349999994      0.400822878    
  0.359999985      0.400822878    
  0.370000005      0.526373923    
  0.379999995      0.526373923    
  0.389999986      0.650375009    
  0.399999976      0.650375009    
  0.409999996      0.761090159    
  0.419999987      0.761090159    
  0.429999977      0.850171328    
  0.439999998      0.850171328    
  0.449999988      0.914507806    
  0.459999979      0.914507806    
  0.469999999      0.956015170    
  0.479999989      0.956015170    
  0.489999980      0.979795456    
  0.500000000      0.979795456    
  0.509999990      0.991805673    
  0.519999981      0.991805673    
  0.529999971      0.997104228    
  0.539999962      0.997104228    
  0.550000012      0.999122381    
  0.560000002      0.999122381    
  0.569999993      0.999774992    
  0.579999983      0.999774992    
  0.589999974      0.999945164    
  0.599999964      0.999945164    
  0.610000014      0.999958873    
  0.620000005      0.999958873    
  0.629999995      0.999878764    
  0.639999986      0.999878764    
  0.649999976      0.999609709    
  0.659999967      0.999609709    
  0.669999957      0.998850644    
  0.680000007      0.998850644    
  0.689999998      0.996915579    
  0.699999988      0.996915579    
  0.709999979      0.992436111    
  0.719999969      0.992436111    
  0.729999959      0.983005702    
  0.740000010      0.983005702    
  0.750000000      0.964930773    
  0.759999990      0.964930773    
  0.769999981      0.933371425    
  0.779999971      0.933371425    
  0.789999962      0.883163512    
  0.799999952      0.883163512    
  0.810000002      0.810398340    
  0.819999993      0.810398340    
  0.829999983      0.714388728    
  0.839999974      0.714388728    
  0.849999964      0.599177241    
  0.859999955      0.599177241    
  0.870000005      0.473626167    
  0.879999995      0.473626167    
  0.889999986      0.349625111    
  0.899999976      0.349625111    
  0.909999967      0.238909945    
  0.919999957      0.238909945    
  0.930000007      0.149828702    
  0.939999998      0.149828702    
  0.949999988       8.54922831E-02
  0.959999979       8.54922831E-02
  0.969999969       4.39849123E-02
  0.979999959       4.39849123E-02
  0.989999950       2.02046428E-02
   1.00000000       2.02046428E-02
