   9.99999978E-03   5.24416566E-03
   1.99999996E-02   5.24416566E-03
   2.99999993E-02   1.67321973E-03
   3.99999991E-02   1.67321973E-03
   4.99999970E-02   4.48129023E-04
   5.99999987E-02   4.48129023E-04
   7.00000003E-02   9.93144495E-05
   7.99999982E-02   9.93144495E-05
   8.99999961E-02   2.41017660E-05
   9.99999940E-02   2.41017660E-05
  0.109999999       3.29746581E-05
  0.119999997       3.29746581E-05
  0.129999995       1.15322073E-04
  0.140000001       1.15322073E-04
  0.149999991       3.86021653E-04
  0.159999996       3.86021653E-04
  0.170000002       1.16851018E-03
  0.179999992       1.16851018E-03
  0.189999998       3.20625841E-03
  0.199999988       3.20625841E-03
  0.209999993       8.00095871E-03
  0.219999999       8.00095871E-03
  0.229999989       1.82118956E-02
  0.239999995       1.82118956E-02
  0.250000000       3.79172154E-02
  0.259999990       3.79172154E-02
  0.269999981       7.24015161E-02
  0.280000001       7.24015161E-02
  0.289999992      0.127138510    
  0.299999982      0.127138510    
  0.310000002      0.205926627    
  0.319999993      0.205926627    
  0.329999983      0.308693767    
  0.340000004      0.308693767    
  0.349999994      0.430016041    
  0.359999985      0.430016041    
  0.370000005      0.559426486    
  0.379999995      0.559426486    
  0.389999986      0.683859587    
  0.399999976      0.683859587    
  0.409999996      0.791394353    
  0.419999987      0.791394353    
  0.429999977      0.874605775    
  0.439999998      0.874605775    
  0.449999988      0.931992948    
  0.459999979      0.931992948    
  0.469999999      0.967062950    
  0.479999989      0.967062950    
  0.489999980      0.985917807    
  0.500000000      0.985917807    
  0.509999990      0.994755924    
  0.519999981      0.994755924    
  0.529999971      0.998326838    
  0.539999962      0.998326838    
  0.550000012      0.999551892    
  0.560000002      0.999551892    
  0.569999993      0.999900699    
  0.579999983      0.999900699    
  0.589999974      0.999975860    
  0.599999964      0.999975860    
  0.610000014      0.999966979    
  0.620000005      0.999966979    
  0.629999995      0.999884605    
  0.639999986      0.999884605    
  0.649999976      0.999614000    
  0.659999967      0.999614000    
  0.669999957      0.998831570    
  0.680000007      0.998831570    
  0.689999998      0.996793866    
  0.699999988      0.996793866    
  0.709999979      0.991999090    
  0.719999969      0.991999090    
  0.729999959      0.981788099    
  0.740000010      0.981788099    
  0.750000000      0.962082744    
  0.759999990      0.962082744    
  0.769999981      0.927598417    
  0.779999971      0.927598417    
  0.789999962      0.872861445    
  0.799999952      0.872861445    
  0.810000002      0.794073403    
  0.819999993      0.794073403    
  0.829999983      0.691306353    
  0.839999974      0.691306353    
  0.849999964      0.569984078    
  0.859999955      0.569984078    
  0.870000005      0.440573573    
  0.879999995      0.440573573    
  0.889999986      0.316140532    
  0.899999976      0.316140532    
  0.909999967      0.208605766    
  0.919999957      0.208605766    
  0.930000007      0.125394315    
  0.939999998      0.125394315    
  0.949999988       6.80071265E-02
  0.959999979       6.80071265E-02
  0.969999969       3.29371653E-02
  0.979999959       3.29371653E-02
  0.989999950       1.40823526E-02
   1.00000000       1.40823526E-02
