   9.99999978E-03  0.561780691    
   1.99999996E-02  -8.78669880E-03
   2.99999993E-02  0.449816763    
   3.99999991E-02 -0.583279490    
   4.99999970E-02  0.708101630    
   5.99999987E-02 -0.353444606    
   7.00000003E-02 -0.719959795    
   7.99999982E-02   2.26887989    
   8.99999961E-02  -2.97904587    
   9.99999940E-02  0.960896611    
  0.109999999       3.97149324    
  0.119999997      -7.74302769    
  0.129999995       3.83097386    
  0.140000001       8.10043526    
  0.149999991      -15.3584738    
  0.159999996       3.11785412    
  0.170000002       20.1232319    
  0.179999992      -20.6880264    
  0.189999998      -13.4619751    
  0.199999988       35.9563522    
  0.209999993     -0.967254639    
  0.219999999      -44.6376114    
  0.229999989       16.1829834    
  0.239999995       48.0841522    
  0.250000000      -26.5834236    
  0.259999990      -49.9439468    
  0.269999981       29.0589409    
  0.280000001       52.4194565    
  0.289999992      -22.2481270    
  0.299999982      -54.1492882    
  0.310000002       6.67130089    
  0.319999993       50.3416443    
  0.329999983       13.4180422    
  0.340000004      -36.0002785    
  0.349999994      -28.7742348    
  0.359999985       12.0370226    
  0.370000005       29.0423985    
  0.379999995       10.5660706    
  0.389999986      -12.8928423    
  0.399999976      -17.1623039    
  0.409999996      -5.58829880    
  0.419999987       6.12622070    
  0.429999977       9.13681793    
  0.439999998       5.19687176    
  0.449999988      -5.10556698E-02
  0.459999979      -3.03989506    
  0.469999999      -3.40640640    
  0.479999989      -2.34486008    
  0.489999980      -1.05348086    
  0.500000000      -2.03843713E-02
  0.509999990      0.438219517    
  0.519999981       1.00878620    
  0.529999971      0.550183952    
  0.539999962       1.58327925    
  0.550000012      0.291897804    
  0.560000002       1.35344470    
  0.569999993       1.71995997    
  0.579999983      -1.26887989    
  0.589999974       3.97904444    
  0.599999964       3.91032696E-02
  0.610000014      -2.97148824    
  0.620000005       8.74302387    
  0.629999995      -2.83097935    
  0.639999986      -7.10042667    
  0.649999976       16.3584747    
  0.659999967      -2.11786461    
  0.669999957      -19.1232262    
  0.680000007       21.6880283    
  0.689999998       14.4619713    
  0.699999988      -34.9563522    
  0.709999979       1.96725082    
  0.719999969       45.6376114    
  0.729999959      -15.1829824    
  0.740000010      -47.0841560    
  0.750000000       27.5834351    
  0.759999990       50.9439468    
  0.769999981      -28.0589523    
  0.779999971      -51.4194603    
  0.789999962       23.2481308    
  0.799999952       55.1492844    
  0.810000002      -5.67130470    
  0.819999993      -49.3416481    
  0.829999983      -12.4180393    
  0.839999974       37.0002785    
  0.849999964       29.7742271    
  0.859999955      -11.0370207    
  0.870000005      -28.0423965    
  0.879999995      -9.56607151    
  0.889999986       13.8928356    
  0.899999976       18.1623001    
  0.909999967       6.58830166    
  0.919999957      -5.12621880    
  0.930000007      -8.13681602    
  0.939999998      -4.19687271    
  0.949999988       1.05105233    
  0.959999979       4.03989267    
  0.969999969       4.40640783    
  0.979999959       3.34486175    
  0.989999950       2.05348063    
   1.00000000       1.02038419    
