   9.99999978E-03  0.513947189    
   1.99999996E-02  0.430596709    
   2.99999993E-02  0.430596709    
   3.99999991E-02  0.349935412    
   4.99999970E-02  0.349935412    
   5.99999987E-02  0.275250077    
   7.00000003E-02  0.275250077    
   7.99999982E-02  0.209125251    
   8.99999961E-02  0.209125251    
   9.99999940E-02  0.153180256    
  0.109999999      0.153180256    
  0.119999997      0.107987955    
  0.129999995      0.107987955    
  0.140000001       7.31732771E-02
  0.149999991       7.31732771E-02
  0.159999996       4.76493202E-02
  0.170000002       4.76493202E-02
  0.179999992       2.99243685E-02
  0.189999998       2.99243685E-02
  0.199999988       1.84116121E-02
  0.209999993       1.84116121E-02
  0.219999999       1.16901072E-02
  0.229999989       1.16901072E-02
  0.239999995       8.69089272E-03
  0.250000000       8.69089272E-03
  0.259999990       8.80616624E-03
  0.269999981       8.80616624E-03
  0.280000001       1.19338855E-02
  0.289999992       1.19338855E-02
  0.299999982       1.84725802E-02
  0.310000002       1.84725802E-02
  0.319999993       2.92743966E-02
  0.329999983       2.92743966E-02
  0.340000004       4.55545001E-02
  0.349999994       4.55545001E-02
  0.359999985       6.87483847E-02
  0.370000005       6.87483847E-02
  0.379999995      0.100310855    
  0.389999986      0.100310855    
  0.399999976      0.141462818    
  0.409999996      0.141462818    
  0.419999987      0.192911923    
  0.429999977      0.192911923    
  0.439999998      0.254593760    
  0.449999988      0.254593760    
  0.459999979      0.325493395    
  0.469999999      0.325493395    
  0.479999989      0.403603464    
  0.489999980      0.403603464    
  0.500000000      0.486052990    
  0.509999990      0.486052990    
  0.519999981      0.569403410    
  0.529999971      0.569403410    
  0.539999962      0.650064707    
  0.550000012      0.650064707    
  0.560000002      0.724750042    
  0.569999993      0.724750042    
  0.579999983      0.790874898    
  0.589999974      0.790874898    
  0.599999964      0.846819818    
  0.610000014      0.846819818    
  0.620000005      0.892012119    
  0.629999995      0.892012119    
  0.639999986      0.926826835    
  0.649999976      0.926826835    
  0.659999967      0.952350676    
  0.669999957      0.952350676    
  0.680000007      0.970075607    
  0.689999998      0.970075607    
  0.699999988      0.981588364    
  0.709999979      0.981588364    
  0.719999969      0.988309860    
  0.729999959      0.988309860    
  0.740000010      0.991309106    
  0.750000000      0.991309106    
  0.759999990      0.991193831    
  0.769999981      0.991193831    
  0.779999971      0.988066077    
  0.789999962      0.988066077    
  0.799999952      0.981527448    
  0.810000002      0.981527448    
  0.819999993      0.970725656    
  0.829999983      0.970725656    
  0.839999974      0.954445422    
  0.849999964      0.954445422    
  0.859999955      0.931251585    
  0.870000005      0.931251585    
  0.879999995      0.899689078    
  0.889999986      0.899689078    
  0.899999976      0.858537078    
  0.909999967      0.858537078    
  0.919999957      0.807088017    
  0.930000007      0.807088017    
  0.939999998      0.745406210    
  0.949999988      0.745406210    
  0.959999979      0.674506664    
  0.969999969      0.674506664    
  0.979999959      0.596396744    
  0.989999950      0.596396744    
   1.00000000      0.513947189    
