   9.99999978E-03  -59443.8047    
   1.99999996E-02   320633.094    
   2.99999993E-02   47510.9141    
   3.99999991E-02  -210657.297    
   4.99999970E-02   94729.1172    
   5.99999987E-02   41459.2109    
   7.00000003E-02  -275650.781    
   7.99999982E-02   148869.281    
   8.99999961E-02   383741.125    
   9.99999940E-02  -340226.250    
  0.109999999      -352478.219    
  0.119999997       524955.250    
  0.129999995       188659.031    
  0.140000001      -689221.500    
  0.149999991       50913.6875    
  0.159999996       807486.188    
  0.170000002      -306212.594    
  0.179999992      -859865.750    
  0.189999998       541875.750    
  0.199999988       852458.875    
  0.209999993      -742040.000    
  0.219999999      -815861.250    
  0.229999989       894565.500    
  0.239999995       784098.375    
  0.250000000      -987316.125    
  0.259999990      -777654.750    
  0.269999981       1012818.81    
  0.280000001       803157.500    
  0.289999992      -968256.750    
  0.299999982      -857790.062    
  0.310000002       852636.125    
  0.319999993       926457.375    
  0.329999983      -668041.250    
  0.340000004      -978624.125    
  0.349999994       423117.219    
  0.359999985       976770.188    
  0.370000005      -136928.344    
  0.379999995      -893500.625    
  0.389999986      -153365.453    
  0.399999976       724514.875    
  0.409999996       388218.656    
  0.419999987      -489214.938    
  0.429999977      -501466.812    
  0.439999998       222500.594    
  0.449999988       457372.438    
  0.459999979       32852.3906    
  0.469999999      -284257.656    
  0.479999989      -230987.797    
  0.489999980       74398.7578    
  0.500000000       332567.031    
  0.509999990       59444.7578    
  0.519999981      -320632.062    
  0.529999971      -47509.8750    
  0.539999962       210658.281    
  0.550000012      -94728.2031    
  0.560000002      -41458.1797    
  0.569999993       275651.844    
  0.579999983      -148868.344    
  0.589999974      -383740.188    
  0.599999964       340227.375    
  0.610000014       352479.281    
  0.620000005      -524954.562    
  0.629999995      -188658.031    
  0.639999986       689222.750    
  0.649999976      -50912.7188    
  0.659999967      -807485.250    
  0.669999957       306213.719    
  0.680000007       859866.750    
  0.689999998      -541875.000    
  0.699999988      -852457.875    
  0.709999979       742041.188    
  0.719999969       815862.125    
  0.729999959      -894564.500    
  0.740000010      -784097.375    
  0.750000000       987317.438    
  0.759999990       777655.750    
  0.769999981      -1012817.94    
  0.779999971      -803156.562    
  0.789999962       968258.125    
  0.799999952       857791.250    
  0.810000002      -852635.188    
  0.819999993      -926456.500    
  0.829999983       668042.000    
  0.839999974       978625.062    
  0.849999964      -423116.062    
  0.859999955      -976769.250    
  0.870000005       136929.344    
  0.879999995       893501.625    
  0.889999986       153366.516    
  0.899999976      -724513.938    
  0.909999967      -388217.625    
  0.919999957       489215.938    
  0.930000007       501467.844    
  0.939999998      -222499.688    
  0.949999988      -457371.500    
  0.959999979      -32851.3906    
  0.969999969       284258.719    
  0.979999959       230988.781    
  0.989999950      -74397.7656    
   1.00000000      -332566.000    
