   9.99999978E-03   1.98081907E-04
   1.99999996E-02   2.21487171E-05
   2.99999993E-02   2.21487171E-05
   3.99999991E-02   1.21173116E-06
   4.99999970E-02   1.21173116E-06
   5.99999987E-02   8.93048266E-08
   7.00000003E-02   8.93048266E-08
   7.99999982E-02   7.66638038E-07
   8.99999961E-02   7.66638038E-07
   9.99999940E-02   5.28219334E-06
  0.109999999       5.28219334E-06
  0.119999997       3.00102365E-05
  0.129999995       3.00102365E-05
  0.140000001       1.43347104E-04
  0.149999991       1.43347104E-04
  0.159999996       5.84101537E-04
  0.170000002       5.84101537E-04
  0.179999992       2.05328292E-03
  0.189999998       2.05328292E-03
  0.199999988       6.28274493E-03
  0.209999993       6.28274493E-03
  0.219999999       1.68563984E-02
  0.229999989       1.68563984E-02
  0.239999995       3.99015397E-02
  0.250000000       3.99015397E-02
  0.259999990       8.37970451E-02
  0.269999981       8.37970451E-02
  0.280000001      0.156956226    
  0.289999992      0.156956226    
  0.299999982      0.263646722    
  0.310000002      0.263646722    
  0.319999993      0.399624765    
  0.329999983      0.399624765    
  0.340000004      0.550711513    
  0.349999994      0.550711513    
  0.359999985      0.696497023    
  0.370000005      0.696497023    
  0.379999995      0.817984879    
  0.389999986      0.817984879    
  0.399999976      0.904761970    
  0.409999996      0.904761970    
  0.419999987      0.957354069    
  0.429999977      0.957354069    
  0.439999998      0.984031260    
  0.449999988      0.984031260    
  0.459999979      0.995146811    
  0.469999999      0.995146811    
  0.479999989      0.998851895    
  0.489999980      0.998851895    
  0.500000000      0.999801874    
  0.509999990      0.999801874    
  0.519999981      0.999977827    
  0.529999971      0.999977827    
  0.539999962      0.999998808    
  0.550000012      0.999998808    
  0.560000002      0.999999881    
  0.569999993      0.999999881    
  0.579999983      0.999999225    
  0.589999974      0.999999225    
  0.599999964      0.999994695    
  0.610000014      0.999994695    
  0.620000005      0.999970019    
  0.629999995      0.999970019    
  0.639999986      0.999856651    
  0.649999976      0.999856651    
  0.659999967      0.999415934    
  0.669999957      0.999415934    
  0.680000007      0.997946799    
  0.689999998      0.997946799    
  0.699999988      0.993717253    
  0.709999979      0.993717253    
  0.719999969      0.983143568    
  0.729999959      0.983143568    
  0.740000010      0.960098445    
  0.750000000      0.960098445    
  0.759999990      0.916202843    
  0.769999981      0.916202843    
  0.779999971      0.843043685    
  0.789999962      0.843043685    
  0.799999952      0.736353338    
  0.810000002      0.736353338    
  0.819999993      0.600375235    
  0.829999983      0.600375235    
  0.839999974      0.449288517    
  0.849999964      0.449288517    
  0.859999955      0.303503036    
  0.870000005      0.303503036    
  0.879999995      0.182015166    
  0.889999986      0.182015166    
  0.899999976       9.52381045E-02
  0.909999967       9.52381045E-02
  0.919999957       4.26459573E-02
  0.930000007       4.26459573E-02
  0.939999998       1.59687791E-02
  0.949999988       1.59687791E-02
  0.959999979       4.85328725E-03
  0.969999969       4.85328725E-03
  0.979999959       1.14812399E-03
  0.989999950       1.14812399E-03
   1.00000000       1.98081907E-04
