   9.99999978E-03  -1831583.12    
   1.99999996E-02   1352206.50    
   2.99999993E-02   1548133.75    
   3.99999991E-02  -1195022.50    
   4.99999970E-02  -395985.625    
   5.99999987E-02   1142274.50    
   7.00000003E-02  -1163007.25    
   7.99999982E-02  -1013707.19    
   8.99999961E-02   2588478.00    
   9.99999940E-02   567888.188    
  0.109999999      -3519359.75    
  0.119999997       343068.375    
  0.129999995       3881954.25    
  0.140000001      -1660447.88    
  0.149999991      -3807594.50    
  0.159999996       3139097.00    
  0.170000002       3469132.25    
  0.179999992      -4493292.50    
  0.189999998      -2985546.50    
  0.199999988       5551044.50    
  0.209999993       2442009.50    
  0.219999999      -6293615.50    
  0.229999989      -1947262.75    
  0.239999995       6775057.00    
  0.250000000       1636600.25    
  0.259999990      -7029476.50    
  0.269999981      -1616103.00    
  0.280000001       7049975.00    
  0.289999992       1911519.25    
  0.299999982      -6810801.50    
  0.310000002      -2464449.50    
  0.319999993       6271176.00    
  0.329999983       3162143.00    
  0.340000004      -5374447.50    
  0.349999994      -3866701.50    
  0.359999985       4095721.25    
  0.370000005       4425755.50    
  0.379999995      -2520935.25    
  0.389999986      -4668082.00    
  0.399999976       874319.625    
  0.409999996       4413205.00    
  0.419999987       550777.625    
  0.429999977      -3536470.00    
  0.439999998      -1515880.25    
  0.449999988       2086304.38    
  0.459999979       1937005.00    
  0.469999999      -368276.375    
  0.479999989      -1906537.00    
  0.489999980      -1107499.62    
  0.500000000       1635657.00    
  0.509999990       1831583.75    
  0.519999981      -1352205.62    
  0.529999971      -1548132.50    
  0.539999962       1195023.75    
  0.550000012       395986.281    
  0.560000002      -1142273.62    
  0.569999993       1163008.50    
  0.579999983       1013708.38    
  0.589999974      -2588477.50    
  0.599999964      -567887.250    
  0.610000014       3519362.00    
  0.620000005      -343068.125    
  0.629999995      -3881954.50    
  0.639999986       1660449.50    
  0.649999976       3807597.00    
  0.659999967      -3139096.75    
  0.669999957      -3469131.25    
  0.680000007       4493294.00    
  0.689999998       2985546.00    
  0.699999988      -5551045.00    
  0.709999979      -2442007.75    
  0.719999969       6293618.50    
  0.729999959       1947263.00    
  0.740000010      -6775058.00    
  0.750000000      -1636598.50    
  0.759999990       7029479.00    
  0.769999981       1616102.00    
  0.779999971      -7049975.50    
  0.789999962      -1911516.25    
  0.799999952       6810803.50    
  0.810000002       2464449.75    
  0.819999993      -6271175.00    
  0.829999983      -3162141.00    
  0.839999974       5374448.00    
  0.849999964       3866702.75    
  0.859999955      -4095719.00    
  0.870000005      -4425754.00    
  0.879999995       2520935.50    
  0.889999986       4668082.00    
  0.899999976      -874318.750    
  0.909999967      -4413204.00    
  0.919999957      -550776.625    
  0.930000007       3536471.00    
  0.939999998       1515881.50    
  0.949999988      -2086303.88    
  0.959999979      -1937004.12    
  0.969999969       368277.750    
  0.979999959       1906538.25    
  0.989999950       1107500.50    
   1.00000000      -1635656.00    
