   9.99999978E-03   4.91347723E-02
   1.99999996E-02   2.49417480E-02
   2.99999993E-02   2.49417480E-02
   3.99999991E-02   1.15014510E-02
   4.99999970E-02   1.15014510E-02
   5.99999987E-02   4.78242524E-03
   7.00000003E-02   4.78242524E-03
   7.99999982E-02   1.78220752E-03
   8.99999961E-02   1.78220752E-03
   9.99999940E-02   6.06201647E-04
  0.109999999       6.06201647E-04
  0.119999997       2.42044334E-04
  0.129999995       2.42044334E-04
  0.140000001       2.65993731E-04
  0.149999991       2.65993731E-04
  0.159999996       6.33320829E-04
  0.170000002       6.33320829E-04
  0.179999992       1.61036209E-03
  0.189999998       1.61036209E-03
  0.199999988       3.84579692E-03
  0.209999993       3.84579692E-03
  0.219999999       8.54592305E-03
  0.229999989       8.54592305E-03
  0.239999995       1.76853817E-02
  0.250000000       1.76853817E-02
  0.259999990       3.41364332E-02
  0.269999981       3.41364332E-02
  0.280000001       6.15548529E-02
  0.289999992       6.15548529E-02
  0.299999982      0.103867233    
  0.310000002      0.103867233    
  0.319999993      0.164313495    
  0.329999983      0.164313495    
  0.340000004      0.244213745    
  0.349999994      0.244213745    
  0.359999985      0.341869622    
  0.370000005      0.341869622    
  0.379999995      0.452126205    
  0.389999986      0.452126205    
  0.399999976      0.566976845    
  0.409999996      0.566976845    
  0.419999987      0.677187085    
  0.429999977      0.677187085    
  0.439999998      0.774431348    
  0.449999988      0.774431348    
  0.459999979      0.853152931    
  0.469999999      0.853152931    
  0.479999989      0.911465228    
  0.489999980      0.911465228    
  0.500000000      0.950865269    
  0.509999990      0.950865269    
  0.519999981      0.975058317    
  0.529999971      0.975058317    
  0.539999962      0.988498569    
  0.550000012      0.988498569    
  0.560000002      0.995217621    
  0.569999993      0.995217621    
  0.579999983      0.998217762    
  0.589999974      0.998217762    
  0.599999964      0.999393702    
  0.610000014      0.999393702    
  0.620000005      0.999757886    
  0.629999995      0.999757886    
  0.639999986      0.999734044    
  0.649999976      0.999734044    
  0.659999967      0.999366641    
  0.669999957      0.999366641    
  0.680000007      0.998389721    
  0.689999998      0.998389721    
  0.699999988      0.996154308    
  0.709999979      0.996154308    
  0.719999969      0.991454244    
  0.729999959      0.991454244    
  0.740000010      0.982314706    
  0.750000000      0.982314706    
  0.759999990      0.965863466    
  0.769999981      0.965863466    
  0.779999971      0.938445091    
  0.789999962      0.938445091    
  0.799999952      0.896132708    
  0.810000002      0.896132708    
  0.819999993      0.835686445    
  0.829999983      0.835686445    
  0.839999974      0.755786300    
  0.849999964      0.755786300    
  0.859999955      0.658130527    
  0.870000005      0.658130527    
  0.879999995      0.547873855    
  0.889999986      0.547873855    
  0.899999976      0.433023214    
  0.909999967      0.433023214    
  0.919999957      0.322813034    
  0.930000007      0.322813034    
  0.939999998      0.225568771    
  0.949999988      0.225568771    
  0.959999979      0.146847218    
  0.969999969      0.146847218    
  0.979999959       8.85349512E-02
  0.989999950       8.85349512E-02
   1.00000000       4.91347723E-02
