   9.99999978E-03   41204.3555    
   1.99999996E-02  -131745.781    
   2.99999993E-02  -32169.6680    
   3.99999991E-02   84954.7188    
   4.99999970E-02  -40777.0234    
   5.99999987E-02  -16107.5430    
   7.00000003E-02   128617.477    
   7.99999982E-02  -63296.1953    
   8.99999961E-02  -175585.703    
   9.99999940E-02   149209.391    
  0.109999999       152908.156    
  0.119999997      -237595.203    
  0.129999995      -68975.1250    
  0.140000001       316045.938    
  0.149999991      -47250.2422    
  0.159999996      -367015.031    
  0.170000002       169578.031    
  0.179999992       381353.625    
  0.189999998      -283587.438    
  0.199999988      -366557.000    
  0.209999993       381031.875    
  0.219999999       340583.938    
  0.229999989      -454283.781    
  0.239999995      -319817.719    
  0.250000000       498004.938    
  0.259999990       313784.781    
  0.269999981      -510669.500    
  0.280000001      -326449.406    
  0.289999992       491373.094    
  0.299999982       356907.062    
  0.310000002      -437960.375    
  0.319999993      -397512.438    
  0.329999983       350076.250    
  0.340000004       433045.812    
  0.349999994      -231895.094    
  0.359999985      -443670.531    
  0.370000005       92922.4375    
  0.379999995       412687.125    
  0.389999986       49390.8906    
  0.399999976      -335630.188    
  0.409999996      -167010.094    
  0.419999987       223493.281    
  0.429999977       227192.062    
  0.439999998      -97603.0625    
  0.449999988      -209892.578    
  0.459999979      -17978.9062    
  0.469999999       126746.156    
  0.479999989       102076.727    
  0.489999980      -23655.0781    
  0.500000000      -140779.484    
  0.509999990      -41203.3359    
  0.519999981       131746.766    
  0.529999971       32170.6562    
  0.539999962      -84953.7109    
  0.550000012       40778.0430    
  0.560000002       16108.5312    
  0.569999993      -128616.508    
  0.579999983       63297.2500    
  0.589999974       175586.734    
  0.599999964      -149208.453    
  0.610000014      -152907.188    
  0.620000005       237596.312    
  0.629999995       68976.1875    
  0.639999986      -316045.062    
  0.649999976       47251.2812    
  0.659999967       367016.062    
  0.669999957      -169577.125    
  0.680000007      -381352.625    
  0.689999998       283588.469    
  0.699999988       366558.000    
  0.709999979      -381031.000    
  0.719999969      -340582.844    
  0.729999959       454284.844    
  0.740000010       319818.688    
  0.750000000      -498003.969    
  0.759999990      -313783.688    
  0.769999981       510670.625    
  0.779999971       326450.438    
  0.789999962      -491372.188    
  0.799999952      -356906.188    
  0.810000002       437961.438    
  0.819999993       397513.438    
  0.829999983      -350075.219    
  0.839999974      -433044.781    
  0.849999964       231896.062    
  0.859999955       443671.625    
  0.870000005      -92921.3750    
  0.879999995      -412686.125    
  0.889999986      -49389.9219    
  0.899999976       335631.188    
  0.909999967       167011.062    
  0.919999957      -223492.312    
  0.930000007      -227191.062    
  0.939999998       97604.0938    
  0.949999988       209893.609    
  0.959999979       17979.8906    
  0.969999969      -126745.148    
  0.979999959      -102075.703    
  0.989999950       23656.0820    
   1.00000000       140780.469    
