   9.99999978E-03  -18287584.0    
   1.99999996E-02  -110429032.    
   2.99999993E-02   16157964.0    
   3.99999991E-02   85328144.0    
   4.99999970E-02  -32868608.0    
   5.99999987E-02  -40125128.0    
   7.00000003E-02   61516916.0    
   7.99999982E-02  -13927926.0    
   8.99999961E-02  -90531104.0    
   9.99999940E-02   66314008.0    
  0.109999999       108088880.    
  0.119999997      -111073536.    
  0.129999995      -106845904.    
  0.140000001       147528624.    
  0.149999991       86686288.0    
  0.159999996      -177934256.    
  0.170000002      -54037328.0    
  0.179999992       204183088.    
  0.189999998       18261592.0    
  0.199999988      -226159328.    
  0.209999993       12593856.0    
  0.219999999       242628128.    
  0.229999989      -34215104.0    
  0.239999995      -253128192.    
  0.250000000       45645504.0    
  0.259999990       258594240.    
  0.269999981      -47185792.0    
  0.280000001      -260134592.    
  0.289999992       38639136.0    
  0.299999982       257552272.    
  0.310000002      -19291000.0    
  0.319999993      -249325312.    
  0.329999983      -10572160.0    
  0.340000004       233848704.    
  0.349999994       47927240.0    
  0.359999985      -210293120.    
  0.370000005      -86396224.0    
  0.379999995       178224224.    
  0.389999986       117381928.    
  0.399999976      -136992528.    
  0.409999996      -132764888.    
  0.419999987       86397480.0    
  0.429999977       128172368.    
  0.439999998      -28672704.0    
  0.449999988      -105275856.    
  0.459999979      -29831032.0    
  0.469999999       71811000.0    
  0.479999989       79067536.0    
  0.489999980      -39129232.0    
  0.500000000      -108299408.    
  0.509999990       18287592.0    
  0.519999981       110429040.    
  0.529999971      -16157976.0    
  0.539999962      -85328144.0    
  0.550000012       32868638.0    
  0.560000002       40125112.0    
  0.569999993      -61516936.0    
  0.579999983       13927944.0    
  0.589999974       90531104.0    
  0.599999964      -66314004.0    
  0.610000014      -108088912.    
  0.620000005       111073560.    
  0.629999995       106845904.    
  0.639999986      -147528656.    
  0.649999976      -86686280.0    
  0.659999967       177934288.    
  0.669999957       54037296.0    
  0.680000007      -204183136.    
  0.689999998      -18261536.0    
  0.699999988       226159360.    
  0.709999979      -12593936.0    
  0.719999969      -242628208.    
  0.729999959       34215184.0    
  0.740000010       253128240.    
  0.750000000      -45645568.0    
  0.759999990      -258594288.    
  0.769999981       47185880.0    
  0.779999971       260134576.    
  0.789999962      -38639232.0    
  0.799999952      -257552272.    
  0.810000002       19291040.0    
  0.819999993       249325312.    
  0.829999983       10572152.0    
  0.839999974      -233848704.    
  0.849999964      -47927240.0    
  0.859999955       210293120.    
  0.870000005       86396240.0    
  0.879999995      -178224208.    
  0.889999986      -117381904.    
  0.899999976       136992496.    
  0.909999967       132764896.    
  0.919999957      -86397456.0    
  0.930000007      -128172336.    
  0.939999998       28672704.0    
  0.949999988       105275840.    
  0.959999979       29831020.0    
  0.969999969      -71811000.0    
  0.979999959      -79067504.0    
  0.989999950       39129240.0    
   1.00000000       108299408.    
