   9.99999978E-03  -910071.125    
   1.99999996E-02   1771460.25    
   2.99999993E-02   766943.938    
   3.99999991E-02  -1353298.75    
   4.99999970E-02   133838.750    
   5.99999987E-02   765998.875    
   7.00000003E-02  -1371263.62    
   7.99999982E-02  -67026.8125    
   8.99999961E-02   2415458.00    
   9.99999940E-02  -759106.438    
  0.109999999      -2892520.50    
  0.119999997       1748250.50    
  0.129999995       2728208.00    
  0.140000001      -2866734.75    
  0.149999991      -2096939.38    
  0.159999996       3975885.00    
  0.170000002       1250212.75    
  0.179999992      -4899792.50    
  0.189999998      -375788.125    
  0.199999988       5539240.50    
  0.209999993      -423004.500    
  0.219999999      -5920815.50    
  0.229999989       1068194.75    
  0.239999995       6141014.00    
  0.250000000      -1467977.75    
  0.259999990      -6277298.00    
  0.269999981       1540736.00    
  0.280000001       6350057.50    
  0.289999992      -1258933.75    
  0.299999982      -6331754.00    
  0.310000002       657256.000    
  0.319999993       6155068.00    
  0.329999983       192825.000    
  0.340000004      -5722203.50    
  0.349999994      -1198199.62    
  0.359999985       4951804.00    
  0.370000005       2226131.50    
  0.379999995      -3846692.50    
  0.389999986      -3076897.50    
  0.399999976       2518044.50    
  0.409999996       3498002.00    
  0.419999987      -1142768.50    
  0.429999977      -3276182.50    
  0.439999998      -101618.000    
  0.449999988       2380866.50    
  0.459999979       1076630.38    
  0.469999999      -1060632.12    
  0.479999989      -1692792.50    
  0.489999980      -205654.375    
  0.500000000       1914588.62    
  0.509999990       910071.812    
  0.519999981      -1771459.25    
  0.529999971      -766942.688    
  0.539999962       1353299.88    
  0.550000012      -133838.156    
  0.560000002      -765997.875    
  0.569999993       1371264.88    
  0.579999983       67027.7500    
  0.589999974      -2415457.50    
  0.599999964       759107.750    
  0.610000014       2892522.25    
  0.620000005      -1748250.62    
  0.629999995      -2728207.75    
  0.639999986       2866736.75    
  0.649999976       2096941.38    
  0.659999967      -3975885.00    
  0.669999957      -1250211.50    
  0.680000007       4899794.00    
  0.689999998       375787.500    
  0.699999988      -5539240.00    
  0.709999979       423006.750    
  0.719999969       5920818.00    
  0.729999959      -1068195.00    
  0.740000010      -6141014.00    
  0.750000000       1467980.00    
  0.759999990       6277299.50    
  0.769999981      -1540737.00    
  0.779999971      -6350057.00    
  0.789999962       1258936.75    
  0.799999952       6331755.50    
  0.810000002      -657255.750    
  0.819999993      -6155067.00    
  0.829999983      -192823.250    
  0.839999974       5722204.00    
  0.849999964       1198201.25    
  0.859999955      -4951802.00    
  0.870000005      -2226130.50    
  0.879999995       3846692.75    
  0.889999986       3076898.00    
  0.899999976      -2518043.50    
  0.909999967      -3498001.00    
  0.919999957       1142769.50    
  0.930000007       3276183.50    
  0.939999998       101619.125    
  0.949999988      -2380866.00    
  0.959999979      -1076629.25    
  0.969999969       1060633.50    
  0.979999959       1692793.62    
  0.989999950       205655.125    
   1.00000000      -1914587.62    
