   9.99999978E-03  0.592739522    
   1.99999996E-02  0.513405442    
   2.99999993E-02  0.513405442    
   3.99999991E-02  0.433270335    
   4.99999970E-02  0.433270335    
   5.99999987E-02  0.355528176    
   7.00000003E-02  0.355528176    
   7.99999982E-02  0.283123523    
   8.99999961E-02  0.283123523    
   9.99999940E-02  0.218419418    
  0.109999999      0.218419418    
  0.119999997      0.162970945    
  0.129999995      0.162970945    
  0.140000001      0.117441222    
  0.149999991      0.117441222    
  0.159999996       8.16632807E-02
  0.170000002       8.16632807E-02
  0.179999992       5.48197292E-02
  0.189999998       5.48197292E-02
  0.199999988       3.56918089E-02
  0.209999993       3.56918089E-02
  0.219999999       2.29249522E-02
  0.229999989       2.29249522E-02
  0.239999995       1.52664334E-02
  0.250000000       1.52664334E-02
  0.259999990       1.17479553E-02
  0.269999981       1.17479553E-02
  0.280000001       1.18033867E-02
  0.289999992       1.18033867E-02
  0.299999982       1.53243793E-02
  0.310000002       1.53243793E-02
  0.319999993       2.26613320E-02
  0.329999983       2.26613320E-02
  0.340000004       3.45753133E-02
  0.349999994       3.45753133E-02
  0.359999985       5.21422252E-02
  0.370000005       5.21422252E-02
  0.379999995       7.66079128E-02
  0.389999986       7.66079128E-02
  0.399999976      0.109196246    
  0.409999996      0.109196246    
  0.419999987      0.150881693    
  0.429999977      0.150881693    
  0.439999998      0.202152237    
  0.449999988      0.202152237    
  0.459999979      0.262801558    
  0.469999999      0.262801558    
  0.479999989      0.331796616    
  0.489999980      0.331796616    
  0.500000000      0.407260656    
  0.509999990      0.407260656    
  0.519999981      0.486594707    
  0.529999971      0.486594707    
  0.539999962      0.566729903    
  0.550000012      0.566729903    
  0.560000002      0.644472003    
  0.569999993      0.644472003    
  0.579999983      0.716876626    
  0.589999974      0.716876626    
  0.599999964      0.781580687    
  0.610000014      0.781580687    
  0.620000005      0.837029159    
  0.629999995      0.837029159    
  0.639999986      0.882558823    
  0.649999976      0.882558823    
  0.659999967      0.918336809    
  0.669999957      0.918336809    
  0.680000007      0.945180297    
  0.689999998      0.945180297    
  0.699999988      0.964308262    
  0.709999979      0.964308262    
  0.719999969      0.977075040    
  0.729999959      0.977075040    
  0.740000010      0.984733582    
  0.750000000      0.984733582    
  0.759999990      0.988251984    
  0.769999981      0.988251984    
  0.779999971      0.988196611    
  0.789999962      0.988196611    
  0.799999952      0.984675646    
  0.810000002      0.984675646    
  0.819999993      0.977338731    
  0.829999983      0.977338731    
  0.839999974      0.965424657    
  0.849999964      0.965424657    
  0.859999955      0.947857738    
  0.870000005      0.947857738    
  0.879999995      0.923392057    
  0.889999986      0.923392057    
  0.899999976      0.890803695    
  0.909999967      0.890803695    
  0.919999957      0.849118292    
  0.930000007      0.849118292    
  0.939999998      0.797847748    
  0.949999988      0.797847748    
  0.959999979      0.737198353    
  0.969999969      0.737198353    
  0.979999959      0.668203473    
  0.989999950      0.668203473    
   1.00000000      0.592739522    
