   9.99999978E-03  0.929283500    
   1.99999996E-02  0.911084771    
   2.99999993E-02  0.911084771    
   3.99999991E-02  0.886822760    
   4.99999970E-02  0.886822760    
   5.99999987E-02  0.856356621    
   7.00000003E-02  0.856356621    
   7.99999982E-02  0.819655657    
   8.99999961E-02  0.819655657    
   9.99999940E-02  0.776870370    
  0.109999999      0.776870370    
  0.119999997      0.728391469    
  0.129999995      0.728391469    
  0.140000001      0.674884498    
  0.149999991      0.674884498    
  0.159999996      0.617295623    
  0.170000002      0.617295623    
  0.179999992      0.556823611    
  0.189999998      0.556823611    
  0.199999988      0.494861066    
  0.209999993      0.494861066    
  0.219999999      0.432910025    
  0.229999989      0.432910025    
  0.239999995      0.372483343    
  0.250000000      0.372483343    
  0.259999990      0.315003544    
  0.269999981      0.315003544    
  0.280000001      0.261712730    
  0.289999992      0.261712730    
  0.299999982      0.213605165    
  0.310000002      0.213605165    
  0.319999993      0.171390772    
  0.329999983      0.171390772    
  0.340000004      0.135491952    
  0.349999994      0.135491952    
  0.359999985      0.106073216    
  0.370000005      0.106073216    
  0.379999995       8.30965787E-02
  0.389999986       8.30965787E-02
  0.399999976       6.63933307E-02
  0.409999996       6.63933307E-02
  0.419999987       5.57407662E-02
  0.429999977       5.57407662E-02
  0.439999998       5.09324633E-02
  0.449999988       5.09324633E-02
  0.459999979       5.18322065E-02
  0.469999999       5.18322065E-02
  0.479999989       5.84042966E-02
  0.489999980       5.84042966E-02
  0.500000000       7.07164705E-02
  0.509999990       7.07164705E-02
  0.519999981       8.89152437E-02
  0.529999971       8.89152437E-02
  0.539999962      0.113177277    
  0.550000012      0.113177277    
  0.560000002      0.143643379    
  0.569999993      0.143643379    
  0.579999983      0.180344462    
  0.589999974      0.180344462    
  0.599999964      0.223129779    
  0.610000014      0.223129779    
  0.620000005      0.271608740    
  0.629999995      0.271608740    
  0.639999986      0.325115710    
  0.649999976      0.325115710    
  0.659999967      0.382704556    
  0.669999957      0.382704556    
  0.680000007      0.443176568    
  0.689999998      0.443176568    
  0.699999988      0.505139172    
  0.709999979      0.505139172    
  0.719999969      0.567090154    
  0.729999959      0.567090154    
  0.740000010      0.627516866    
  0.750000000      0.627516866    
  0.759999990      0.684996605    
  0.769999981      0.684996605    
  0.779999971      0.738287508    
  0.789999962      0.738287508    
  0.799999952      0.786395013    
  0.810000002      0.786395013    
  0.819999993      0.828609347    
  0.829999983      0.828609347    
  0.839999974      0.864508152    
  0.849999964      0.864508152    
  0.859999955      0.893926859    
  0.870000005      0.893926859    
  0.879999995      0.916903436    
  0.889999986      0.916903436    
  0.899999976      0.933606625    
  0.909999967      0.933606625    
  0.919999957      0.944259167    
  0.930000007      0.944259167    
  0.939999998      0.949067473    
  0.949999988      0.949067473    
  0.959999979      0.948167682    
  0.969999969      0.948167682    
  0.979999959      0.941595554    
  0.989999950      0.941595554    
   1.00000000      0.929283500    
