   9.99999978E-03  -695.702942    
   1.99999996E-02  -2748.07983    
   2.99999993E-02   472.990723    
   3.99999991E-02   682.274780    
   4.99999970E-02  -1455.58997    
   5.99999987E-02   2214.64624    
   7.00000003E-02   1726.19788    
   7.99999982E-02  -4416.88428    
   8.99999961E-02   295.490967    
   9.99999940E-02   5135.91113    
  0.109999999      -4208.22070    
  0.119999997      -4034.40283    
  0.129999995       8222.63770    
  0.140000001       982.526367    
  0.149999991      -10857.1475    
  0.159999996       3616.16602    
  0.170000002       11731.9844    
  0.179999992      -8683.11523    
  0.189999998      -11099.8184    
  0.199999988       13192.0625    
  0.209999993       9525.82227    
  0.219999999      -16665.2500    
  0.229999989      -7812.61328    
  0.239999995       18996.4512    
  0.250000000       6732.07031    
  0.259999990      -20161.8086    
  0.269999981      -6720.01953    
  0.280000001       20173.8574    
  0.289999992       7909.48145    
  0.299999982      -18899.5781    
  0.310000002      -10046.9404    
  0.319999993       16144.1240    
  0.329999983       12477.8770    
  0.340000004      -11813.9980    
  0.349999994      -14230.6973    
  0.359999985       6184.39746    
  0.370000005       14300.2139    
  0.379999995      -173.097656    
  0.389999986      -12012.7715    
  0.399999976      -4772.66211    
  0.409999996       7484.37744    
  0.419999987       7310.55957    
  0.429999977      -2033.57227    
  0.439999998      -6873.99316    
  0.449999988      -2161.61841    
  0.459999979       3981.46436    
  0.469999999       3493.01807    
  0.479999989      -177.218384    
  0.489999980      -2315.08423    
  0.500000000      -2524.36743    
  0.509999990       696.703735    
  0.519999981       2749.07935    
  0.529999971      -471.990356    
  0.539999962      -681.274170    
  0.550000012       1456.58862    
  0.560000002      -2213.64673    
  0.569999993      -1725.19604    
  0.579999983       4417.88477    
  0.589999974      -294.493042    
  0.599999964      -5134.91211    
  0.610000014       4209.22266    
  0.620000005       4035.40332    
  0.629999995      -8221.64062    
  0.639999986      -981.526367    
  0.649999976       10858.1504    
  0.659999967      -3615.16748    
  0.669999957      -11730.9844    
  0.680000007       8684.11523    
  0.689999998       11100.8164    
  0.699999988      -13191.0664    
  0.709999979      -9524.81836    
  0.719999969       16666.2539    
  0.729999959       7813.61279    
  0.740000010      -18995.4492    
  0.750000000      -6731.06982    
  0.759999990       20162.8086    
  0.769999981       6721.01953    
  0.779999971      -20172.8574    
  0.789999962      -7908.48047    
  0.799999952       18900.5742    
  0.810000002       10047.9414    
  0.819999993      -16143.1250    
  0.829999983      -12476.8799    
  0.839999974       11814.9990    
  0.849999964       14231.7002    
  0.859999955      -6183.39746    
  0.870000005      -14299.2168    
  0.879999995       174.099121    
  0.889999986       12013.7744    
  0.899999976       4773.66211    
  0.909999967      -7483.38086    
  0.919999957      -7309.56104    
  0.930000007       2034.57349    
  0.939999998       6874.99365    
  0.949999988       2162.61865    
  0.959999979      -3980.46436    
  0.969999969      -3492.01807    
  0.979999959       178.217529    
  0.989999950       2316.08350    
   1.00000000       2525.36792    
