   9.99999978E-03   835766.500    
   1.99999996E-02  -525765.125    
   2.99999993E-02  -694053.062    
   3.99999991E-02   477286.688    
   4.99999970E-02   152721.078    
   5.99999987E-02  -495233.312    
   7.00000003E-02   560310.750    
   7.99999982E-02   464078.156    
   8.99999961E-02  -1190708.25    
   9.99999940E-02  -248425.000    
  0.109999999       1581894.75    
  0.119999997      -216409.812    
  0.129999995      -1713572.25    
  0.140000001       875174.250    
  0.149999991       1648195.38    
  0.159999996      -1585963.25    
  0.170000002      -1454282.38    
  0.179999992       2210176.00    
  0.189999998       1178358.62    
  0.199999988      -2683228.75    
  0.209999993      -868002.500    
  0.219999999       3013752.50    
  0.229999989       591817.250    
  0.239999995      -3232181.50    
  0.250000000      -422739.688    
  0.259999990       3351192.00    
  0.269999981       407833.875    
  0.280000001      -3366097.25    
  0.289999992      -556656.250    
  0.299999982       3267343.25    
  0.310000002       845409.125    
  0.319999993      -3036345.50    
  0.329999983      -1221120.00    
  0.340000004       2640466.25    
  0.349999994       1608648.88    
  0.359999985      -2055809.75    
  0.370000005      -1924128.62    
  0.379999995       1310029.38    
  0.389999986       2083050.25    
  0.399999976      -505696.000    
  0.409999996      -2002858.25    
  0.419999987      -204553.688    
  0.429999977       1625766.00    
  0.439999998       683482.875    
  0.449999988      -971303.312    
  0.459999979      -875070.750    
  0.469999999       180473.312    
  0.479999989       828428.000    
  0.489999980       503862.188    
  0.500000000      -667477.750    
  0.509999990      -835765.438    
  0.519999981       525766.250    
  0.529999971       694053.875    
  0.539999962      -477285.781    
  0.550000012      -152719.938    
  0.560000002       495234.406    
  0.569999993      -560310.000    
  0.579999983      -464077.219    
  0.589999974       1190709.38    
  0.599999964       248425.938    
  0.610000014      -1581894.12    
  0.620000005       216411.188    
  0.629999995       1713574.00    
  0.639999986      -875173.750    
  0.649999976      -1648194.88    
  0.659999967       1585964.50    
  0.669999957       1454283.50    
  0.680000007      -2210175.75    
  0.689999998      -1178357.12    
  0.699999988       2683230.25    
  0.709999979       868003.250    
  0.719999969      -3013752.00    
  0.729999959      -591816.375    
  0.740000010       3232183.00    
  0.750000000       422740.125    
  0.759999990      -3351191.50    
  0.769999981      -407832.250    
  0.779999971       3366099.25    
  0.789999962       556656.750    
  0.799999952      -3267342.50    
  0.810000002      -845407.688    
  0.819999993       3036346.50    
  0.829999983       1221121.12    
  0.839999974      -2640465.00    
  0.849999964      -1608647.88    
  0.859999955       2055810.00    
  0.870000005       1924129.50    
  0.879999995      -1310028.25    
  0.889999986      -2083049.38    
  0.899999976       505697.000    
  0.909999967       2002859.25    
  0.919999957       204554.812    
  0.930000007      -1625765.00    
  0.939999998      -683481.875    
  0.949999988       971304.562    
  0.959999979       875071.875    
  0.969999969      -180472.438    
  0.979999959      -828427.125    
  0.989999950      -503861.250    
   1.00000000       667478.750    
