   9.99999978E-03  0.245296270    
   1.99999996E-02  0.174765572    
   2.99999993E-02  0.174765572    
   3.99999991E-02  0.118341506    
   4.99999970E-02  0.118341506    
   5.99999987E-02   7.59327784E-02
   7.00000003E-02   7.59327784E-02
   7.99999982E-02   4.60336022E-02
   8.99999961E-02   4.60336022E-02
   9.99999940E-02   2.63010208E-02
  0.109999999       2.63010208E-02
  0.119999997       1.41519411E-02
  0.129999995       1.41519411E-02
  0.140000001       7.23439176E-03
  0.149999991       7.23439176E-03
  0.159999996       3.70833720E-03
  0.170000002       3.70833720E-03
  0.179999992       2.35117553E-03
  0.189999998       2.35117553E-03
  0.199999988       2.55178497E-03
  0.209999993       2.55178497E-03
  0.219999999       4.26596776E-03
  0.229999989       4.26596776E-03
  0.239999995       7.98407197E-03
  0.250000000       7.98407197E-03
  0.259999990       1.47240041E-02
  0.269999981       1.47240041E-02
  0.280000001       2.60248221E-02
  0.289999992       2.60248221E-02
  0.299999982       4.38891165E-02
  0.310000002       4.38891165E-02
  0.319999993       7.06150606E-02
  0.329999983       7.06150606E-02
  0.340000004      0.108478248    
  0.349999994      0.108478248    
  0.359999985      0.159270674    
  0.370000005      0.159270674    
  0.379999995      0.223769054    
  0.389999986      0.223769054    
  0.399999976      0.301267087    
  0.409999996      0.301267087    
  0.419999987      0.389333069    
  0.429999977      0.389333069    
  0.439999998      0.483922482    
  0.449999988      0.483922482    
  0.459999979      0.579882741    
  0.469999999      0.579882741    
  0.479999989      0.671759486    
  0.489999980      0.671759486    
  0.500000000      0.754703820    
  0.509999990      0.754703820    
  0.519999981      0.825234473    
  0.529999971      0.825234473    
  0.539999962      0.881658554    
  0.550000012      0.881658554    
  0.560000002      0.924067259    
  0.569999993      0.924067259    
  0.579999983      0.953966498    
  0.589999974      0.953966498    
  0.599999964      0.973699033    
  0.610000014      0.973699033    
  0.620000005      0.985848188    
  0.629999995      0.985848188    
  0.639999986      0.992765665    
  0.649999976      0.992765665    
  0.659999967      0.996291637    
  0.669999957      0.996291637    
  0.680000007      0.997648776    
  0.689999998      0.997648776    
  0.699999988      0.997448206    
  0.709999979      0.997448206    
  0.719999969      0.995734036    
  0.729999959      0.995734036    
  0.740000010      0.992015958    
  0.750000000      0.992015958    
  0.759999990      0.985276043    
  0.769999981      0.985276043    
  0.779999971      0.973975301    
  0.789999962      0.973975301    
  0.799999952      0.956110895    
  0.810000002      0.956110895    
  0.819999993      0.929384887    
  0.829999983      0.929384887    
  0.839999974      0.891521692    
  0.849999964      0.891521692    
  0.859999955      0.840729296    
  0.870000005      0.840729296    
  0.879999995      0.776230931    
  0.889999986      0.776230931    
  0.899999976      0.698732972    
  0.909999967      0.698732972    
  0.919999957      0.610667050    
  0.930000007      0.610667050    
  0.939999998      0.516077697    
  0.949999988      0.516077697    
  0.959999979      0.420117408    
  0.969999969      0.420117408    
  0.979999959      0.328240544    
  0.989999950      0.328240544    
   1.00000000      0.245296270    
