   9.99999978E-03  0.534432888    
   1.99999996E-02  0.451812506    
   2.99999993E-02  0.451812506    
   3.99999991E-02  0.370941132    
   4.99999970E-02  0.370941132    
   5.99999987E-02  0.295125246    
   7.00000003E-02  0.295125246    
   7.99999982E-02  0.227088004    
   8.99999961E-02  0.227088004    
   9.99999940E-02  0.168678612    
  0.109999999      0.168678612    
  0.119999997      0.120745383    
  0.129999995      0.120745383    
  0.140000001       8.31834450E-02
  0.149999991       8.31834450E-02
  0.159999996       5.51270470E-02
  0.170000002       5.51270470E-02
  0.179999992       3.52291949E-02
  0.189999998       3.52291949E-02
  0.199999988       2.19635703E-02
  0.209999993       2.19635703E-02
  0.219999999       1.38939312E-02
  0.229999989       1.38939312E-02
  0.239999995       9.87867080E-03
  0.250000000       9.87867080E-03
  0.259999990       9.20097250E-03
  0.269999981       9.20097250E-03
  0.280000001       1.16316238E-02
  0.289999992       1.16316238E-02
  0.299999982       1.74374077E-02
  0.310000002       1.74374077E-02
  0.319999993       2.73443256E-02
  0.329999983       2.73443256E-02
  0.340000004       4.24567237E-02
  0.349999994       4.24567237E-02
  0.359999985       6.41267449E-02
  0.370000005       6.41267449E-02
  0.379999995       9.37687606E-02
  0.389999986       9.37687606E-02
  0.399999976      0.132622853    
  0.409999996      0.132622853    
  0.419999987      0.181488618    
  0.429999977      0.181488618    
  0.439999998      0.240469545    
  0.449999988      0.240469545    
  0.459999979      0.308782458    
  0.469999999      0.308782458    
  0.479999989      0.384686202    
  0.489999980      0.384686202    
  0.500000000      0.465567291    
  0.509999990      0.465567291    
  0.519999981      0.548187613    
  0.529999971      0.548187613    
  0.539999962      0.629059017    
  0.550000012      0.629059017    
  0.560000002      0.704874933    
  0.569999993      0.704874933    
  0.579999983      0.772912145    
  0.589999974      0.772912145    
  0.599999964      0.831321537    
  0.610000014      0.831321537    
  0.620000005      0.879254699    
  0.629999995      0.879254699    
  0.639999986      0.916816652    
  0.649999976      0.916816652    
  0.659999967      0.944872975    
  0.669999957      0.944872975    
  0.680000007      0.964770794    
  0.689999998      0.964770794    
  0.699999988      0.978036404    
  0.709999979      0.978036404    
  0.719999969      0.986106038    
  0.729999959      0.986106038    
  0.740000010      0.990121365    
  0.750000000      0.990121365    
  0.759999990      0.990799010    
  0.769999981      0.990799010    
  0.779999971      0.988368392    
  0.789999962      0.988368392    
  0.799999952      0.982562602    
  0.810000002      0.982562602    
  0.819999993      0.972655714    
  0.829999983      0.972655714    
  0.839999974      0.957543254    
  0.849999964      0.957543254    
  0.859999955      0.935873151    
  0.870000005      0.935873151    
  0.879999995      0.906231225    
  0.889999986      0.906231225    
  0.899999976      0.867377043    
  0.909999967      0.867377043    
  0.919999957      0.818511307    
  0.930000007      0.818511307    
  0.939999998      0.759530365    
  0.949999988      0.759530365    
  0.959999979      0.691217542    
  0.969999969      0.691217542    
  0.979999959      0.615313947    
  0.989999950      0.615313947    
   1.00000000      0.534432888    
