   9.99999978E-03   1.07680326E-02
   1.99999996E-02   3.90506093E-03
   2.99999993E-02   3.90506093E-03
   3.99999991E-02   1.21381076E-03
   4.99999970E-02   1.21381076E-03
   5.99999987E-02   3.17323545E-04
   7.00000003E-02   3.17323545E-04
   7.99999982E-02   7.11096945E-05
   8.99999961E-02   7.11096945E-05
   9.99999940E-02   2.74291015E-05
  0.109999999       2.74291015E-05
  0.119999997       6.38549391E-05
  0.129999995       6.38549391E-05
  0.140000001       2.16834422E-04
  0.149999991       2.16834422E-04
  0.159999996       6.79454883E-04
  0.170000002       6.79454883E-04
  0.179999992       1.93266571E-03
  0.189999998       1.93266571E-03
  0.199999988       5.00427093E-03
  0.209999993       5.00427093E-03
  0.219999999       1.18300598E-02
  0.229999989       1.18300598E-02
  0.239999995       2.56013907E-02
  0.250000000       2.56013907E-02
  0.259999990       5.08488305E-02
  0.269999981       5.08488305E-02
  0.280000001       9.29278880E-02
  0.289999992       9.29278880E-02
  0.299999982      0.156684056    
  0.310000002      0.156684056    
  0.319999993      0.244464323    
  0.329999983      0.244464323    
  0.340000004      0.354189634    
  0.349999994      0.354189634    
  0.359999985      0.478544950    
  0.370000005      0.478544950    
  0.379999995      0.606088936    
  0.389999986      0.606088936    
  0.399999976      0.724185109    
  0.409999996      0.724185109    
  0.419999987      0.822598636    
  0.429999977      0.822598636    
  0.439999998      0.896125913    
  0.449999988      0.896125913    
  0.459999979      0.945144236    
  0.469999999      0.945144236    
  0.479999989      0.974133492    
  0.489999980      0.974133492    
  0.500000000      0.989232123    
  0.509999990      0.989232123    
  0.519999981      0.996095002    
  0.529999971      0.996095002    
  0.539999962      0.998786271    
  0.550000012      0.998786271    
  0.560000002      0.999682665    
  0.569999993      0.999682665    
  0.579999983      0.999928832    
  0.589999974      0.999928832    
  0.599999964      0.999972522    
  0.610000014      0.999972522    
  0.620000005      0.999936104    
  0.629999995      0.999936104    
  0.639999986      0.999783158    
  0.649999976      0.999783158    
  0.659999967      0.999320567    
  0.669999957      0.999320567    
  0.680000007      0.998067439    
  0.689999998      0.998067439    
  0.699999988      0.994995773    
  0.709999979      0.994995773    
  0.719999969      0.988169968    
  0.729999959      0.988169968    
  0.740000010      0.974398553    
  0.750000000      0.974398553    
  0.759999990      0.949151099    
  0.769999981      0.949151099    
  0.779999971      0.907072067    
  0.789999962      0.907072067    
  0.799999952      0.843315959    
  0.810000002      0.843315959    
  0.819999993      0.755535722    
  0.829999983      0.755535722    
  0.839999974      0.645810485    
  0.849999964      0.645810485    
  0.859999955      0.521455169    
  0.870000005      0.521455169    
  0.879999995      0.393911183    
  0.889999986      0.393911183    
  0.899999976      0.275815010    
  0.909999967      0.275815010    
  0.919999957      0.177401468    
  0.930000007      0.177401468    
  0.939999998      0.103874117    
  0.949999988      0.103874117    
  0.959999979       5.48558943E-02
  0.969999969       5.48558943E-02
  0.979999959       2.58666109E-02
  0.989999950       2.58666109E-02
   1.00000000       1.07680326E-02
