   9.99999978E-03  0.934458256    
   1.99999996E-02  0.932164967    
   2.99999993E-02  0.932164967    
   3.99999991E-02  0.924011290    
   4.99999970E-02  0.924011290    
   5.99999987E-02  0.909978509    
   7.00000003E-02  0.909978509    
   7.99999982E-02  0.890028000    
   8.99999961E-02  0.890028000    
   9.99999940E-02  0.864137590    
  0.109999999      0.864137590    
  0.119999997      0.832348943    
  0.129999995      0.832348943    
  0.140000001      0.794817567    
  0.149999991      0.794817567    
  0.159999996      0.751859128    
  0.170000002      0.751859128    
  0.179999992      0.703982711    
  0.189999998      0.703982711    
  0.199999988      0.651907921    
  0.209999993      0.651907921    
  0.219999999      0.596558809    
  0.229999989      0.596558809    
  0.239999995      0.539035201    
  0.250000000      0.539035201    
  0.259999990      0.480564088    
  0.269999981      0.480564088    
  0.280000001      0.422434539    
  0.289999992      0.422434539    
  0.299999982      0.365925968    
  0.310000002      0.365925968    
  0.319999993      0.312235832    
  0.329999983      0.312235832    
  0.340000004      0.262417257    
  0.349999994      0.262417257    
  0.359999985      0.217333436    
  0.370000005      0.217333436    
  0.379999995      0.177633211    
  0.389999986      0.177633211    
  0.399999976      0.143750221    
  0.409999996      0.143750221    
  0.419999987      0.115923777    
  0.429999977      0.115923777    
  0.439999998       9.42370966E-02
  0.449999988       9.42370966E-02
  0.459999979       7.86660388E-02
  0.469999999       7.86660388E-02
  0.479999989       6.91306815E-02
  0.489999980       6.91306815E-02
  0.500000000       6.55417517E-02
  0.509999990       6.55417517E-02
  0.519999981       6.78349882E-02
  0.529999971       6.78349882E-02
  0.539999962       7.59886056E-02
  0.550000012       7.59886056E-02
  0.560000002       9.00213793E-02
  0.569999993       9.00213793E-02
  0.579999983      0.109972008    
  0.589999974      0.109972008    
  0.599999964      0.135862485    
  0.610000014      0.135862485    
  0.620000005      0.167651176    
  0.629999995      0.167651176    
  0.639999986      0.205182493    
  0.649999976      0.205182493    
  0.659999967      0.248141080    
  0.669999957      0.248141080    
  0.680000007      0.296017468    
  0.689999998      0.296017468    
  0.699999988      0.348092258    
  0.709999979      0.348092258    
  0.719999969      0.403441399    
  0.729999959      0.403441399    
  0.740000010      0.460965037    
  0.750000000      0.460965037    
  0.759999990      0.519436240    
  0.769999981      0.519436240    
  0.779999971      0.577565730    
  0.789999962      0.577565730    
  0.799999952      0.634074271    
  0.810000002      0.634074271    
  0.819999993      0.687764406    
  0.829999983      0.687764406    
  0.839999974      0.737582922    
  0.849999964      0.737582922    
  0.859999955      0.782666743    
  0.870000005      0.782666743    
  0.879999995      0.822367072    
  0.889999986      0.822367072    
  0.899999976      0.856250048    
  0.909999967      0.856250048    
  0.919999957      0.884076357    
  0.930000007      0.884076357    
  0.939999998      0.905763030    
  0.949999988      0.905763030    
  0.959999979      0.921333969    
  0.969999969      0.921333969    
  0.979999959      0.930869341    
  0.989999950      0.930869341    
   1.00000000      0.934458256    
