   9.99999978E-03  0.736636519    
   1.99999996E-02  0.673046708    
   2.99999993E-02  0.673046708    
   3.99999991E-02  0.603799403    
   4.99999970E-02  0.603799403    
   5.99999987E-02  0.530905902    
   7.00000003E-02  0.530905902    
   7.99999982E-02  0.456750721    
   8.99999961E-02  0.456750721    
   9.99999940E-02  0.383865982    
  0.109999999      0.383865982    
  0.119999997      0.314678222    
  0.129999995      0.314678222    
  0.140000001      0.251269877    
  0.149999991      0.251269877    
  0.159999996      0.195196062    
  0.170000002      0.195196062    
  0.179999992      0.147383571    
  0.189999998      0.147383571    
  0.199999988      0.108125255    
  0.209999993      0.108125255    
  0.219999999       7.71619976E-02
  0.229999989       7.71619976E-02
  0.239999995       5.38306087E-02
  0.250000000       5.38306087E-02
  0.259999990       3.72472480E-02
  0.269999981       3.72472480E-02
  0.280000001       2.64949761E-02
  0.289999992       2.64949761E-02
  0.299999982       2.07890533E-02
  0.310000002       2.07890533E-02
  0.319999993       1.96018573E-02
  0.329999983       1.96018573E-02
  0.340000004       2.27378700E-02
  0.349999994       2.27378700E-02
  0.359999985       3.03557143E-02
  0.370000005       3.03557143E-02
  0.379999995       4.29383814E-02
  0.389999986       4.29383814E-02
  0.399999976       6.12151995E-02
  0.409999996       6.12151995E-02
  0.419999987       8.60411897E-02
  0.429999977       8.60411897E-02
  0.439999998      0.118243158    
  0.449999988      0.118243158    
  0.459999979      0.158447027    
  0.469999999      0.158447027    
  0.479999989      0.206907183    
  0.489999980      0.206907183    
  0.500000000      0.263363540    
  0.509999990      0.263363540    
  0.519999981      0.326953381    
  0.529999971      0.326953381    
  0.539999962      0.396200806    
  0.550000012      0.396200806    
  0.560000002      0.469094276    
  0.569999993      0.469094276    
  0.579999983      0.543249428    
  0.589999974      0.543249428    
  0.599999964      0.616134167    
  0.610000014      0.616134167    
  0.620000005      0.685321987    
  0.629999995      0.685321987    
  0.639999986      0.748730361    
  0.649999976      0.748730361    
  0.659999967      0.804804087    
  0.669999957      0.804804087    
  0.680000007      0.852616608    
  0.689999998      0.852616608    
  0.699999988      0.891874909    
  0.709999979      0.891874909    
  0.719999969      0.922838092    
  0.729999959      0.922838092    
  0.740000010      0.946169376    
  0.750000000      0.946169376    
  0.759999990      0.962752700    
  0.769999981      0.962752700    
  0.779999971      0.973504961    
  0.789999962      0.973504961    
  0.799999952      0.979210854    
  0.810000002      0.979210854    
  0.819999993      0.980398118    
  0.829999983      0.980398118    
  0.839999974      0.977262139    
  0.849999964      0.977262139    
  0.859999955      0.969644248    
  0.870000005      0.969644248    
  0.879999995      0.957061529    
  0.889999986      0.957061529    
  0.899999976      0.938784719    
  0.909999967      0.938784719    
  0.919999957      0.913958728    
  0.930000007      0.913958728    
  0.939999998      0.881756723    
  0.949999988      0.881756723    
  0.959999979      0.841552854    
  0.969999969      0.841552854    
  0.979999959      0.793092787    
  0.989999950      0.793092787    
   1.00000000      0.736636519    
