   9.99999978E-03  -1743.88135    
   1.99999996E-02   295.191711    
   2.99999993E-02   1081.65845    
   3.99999991E-02  -564.488037    
   4.99999970E-02   645.967468    
   5.99999987E-02   972.024658    
   7.00000003E-02  -2253.47388    
   7.99999982E-02  -227.178467    
   8.99999961E-02   2938.87109    
   9.99999940E-02  -1922.58667    
  0.109999999      -2400.80127    
  0.119999997       4455.77100    
  0.129999995       567.071777    
  0.140000001      -6151.30273    
  0.149999991       2370.66626    
  0.159999996       6540.21777    
  0.170000002      -5732.69922    
  0.179999992      -5753.17676    
  0.189999998       8755.08398    
  0.199999988       4187.76953    
  0.209999993      -11060.1406    
  0.219999999      -2412.55322    
  0.229999989       12634.0068    
  0.239999995       1031.52686    
  0.250000000      -13555.1992    
  0.259999990      -429.394043    
  0.269999981       13940.7090    
  0.280000001       814.906250    
  0.289999992      -13771.8164    
  0.299999982      -2169.34033    
  0.310000002       12877.2129    
  0.319999993       4229.62305    
  0.329999983      -11018.2842    
  0.340000004      -6450.96777    
  0.349999994       8057.29004    
  0.359999985       8077.76660    
  0.370000005      -4195.14844    
  0.379999995      -8364.70020    
  0.389999986       157.266602    
  0.399999976       6875.64062    
  0.409999996       2986.94238    
  0.419999987      -3869.62988    
  0.429999977      -4347.84473    
  0.439999998       513.612915    
  0.449999988       3679.66333    
  0.459999979       1653.36890    
  0.469999999      -1572.12988    
  0.479999989      -1898.18774    
  0.489999980      -687.731873    
  0.500000000       958.415161    
  0.509999990       1744.88123    
  0.519999981      -294.191864    
  0.529999971      -1080.65808    
  0.539999962       565.487366    
  0.550000012      -644.967651    
  0.560000002      -971.023438    
  0.569999993       2254.47388    
  0.579999983       228.177063    
  0.589999974      -2937.87134    
  0.599999964       1923.58813    
  0.610000014       2401.80127    
  0.620000005      -4454.77246    
  0.629999995      -566.071533    
  0.639999986       6152.30420    
  0.649999976      -2369.66699    
  0.659999967      -6539.21875    
  0.669999957       5733.70068    
  0.680000007       5754.17578    
  0.689999998      -8754.08496    
  0.699999988      -4186.76758    
  0.709999979       11061.1445    
  0.719999969       2413.55127    
  0.729999959      -12633.0059    
  0.740000010      -1030.52637    
  0.750000000       13556.1992    
  0.759999990       430.394043    
  0.769999981      -13939.7090    
  0.779999971      -813.906250    
  0.789999962       13772.8164    
  0.799999952       2170.34033    
  0.810000002      -12876.2129    
  0.819999993      -4228.62451    
  0.829999983       11019.2852    
  0.839999974       6451.96973    
  0.849999964      -8056.29102    
  0.859999955      -8076.76758    
  0.870000005       4196.14941    
  0.879999995       8365.70215    
  0.889999986      -156.268066    
  0.899999976      -6874.64307    
  0.909999967      -2985.94263    
  0.919999957       3870.63159    
  0.930000007       4348.84570    
  0.939999998      -512.613037    
  0.949999988      -3678.66333    
  0.959999979      -1652.36902    
  0.969999969       1573.12952    
  0.979999959       1899.18762    
  0.989999950       688.732117    
   1.00000000      -957.414673    
