   9.99999978E-03   0.00000000    
   1.99999996E-02   0.00000000    
   2.99999993E-02   5.98067845E-11
   3.99999991E-02   5.98067845E-11
   4.99999970E-02   2.45207787E-09
   5.99999987E-02   2.45207787E-09
   7.00000003E-02   4.83039386E-08
   7.99999982E-02   4.83039386E-08
   8.99999961E-02   6.08715595E-07
   9.99999940E-02   6.08715595E-07
  0.109999999       5.51231733E-06
  0.119999997       5.51231733E-06
  0.129999995       3.82029975E-05
  0.140000001       3.82029975E-05
  0.149999991       2.10737169E-04
  0.159999996       2.10737169E-04
  0.170000002       9.50169226E-04
  0.179999992       9.50169226E-04
  0.189999998       3.56899132E-03
  0.199999988       3.56899132E-03
  0.209999993       1.13284644E-02
  0.219999999       1.13284644E-02
  0.229999989       3.07271443E-02
  0.239999995       3.07271443E-02
  0.250000000       7.18758553E-02
  0.259999990       7.18758553E-02
  0.269999981      0.146172136    
  0.280000001      0.146172136    
  0.289999992      0.260474145    
  0.299999982      0.260474145    
  0.310000002      0.410155326    
  0.319999993      0.410155326    
  0.329999983      0.576467812    
  0.340000004      0.576467812    
  0.349999994      0.732385755    
  0.359999985      0.732385755    
  0.370000005      0.854674280    
  0.379999995      0.854674280    
  0.389999986      0.933935344    
  0.399999976      0.933935344    
  0.409999996      0.975651681    
  0.419999987      0.975651681    
  0.429999977      0.993033528    
  0.439999998      0.993033528    
  0.449999988      0.998551548    
  0.459999979      0.998551548    
  0.469999999      0.999805689    
  0.479999989      0.999805689    
  0.489999980      0.999987364    
  0.500000000      0.999987364    
  0.509999990       1.00000000    
  0.519999981       1.00000000    
  0.529999971       1.00000000    
  0.539999962       1.00000000    
  0.550000012       1.00000000    
  0.560000002       1.00000000    
  0.569999993      0.999999940    
  0.579999983      0.999999940    
  0.589999974      0.999999404    
  0.599999964      0.999999404    
  0.610000014      0.999994516    
  0.620000005      0.999994516    
  0.629999995      0.999961853    
  0.639999986      0.999961853    
  0.649999976      0.999789357    
  0.659999967      0.999789357    
  0.669999957      0.999049902    
  0.680000007      0.999049902    
  0.689999998      0.996431112    
  0.699999988      0.996431112    
  0.709999979      0.988671482    
  0.719999969      0.988671482    
  0.729999959      0.969272792    
  0.740000010      0.969272792    
  0.750000000      0.928124070    
  0.759999990      0.928124070    
  0.769999981      0.853827834    
  0.779999971      0.853827834    
  0.789999962      0.739525855    
  0.799999952      0.739525855    
  0.810000002      0.589844644    
  0.819999993      0.589844644    
  0.829999983      0.423532277    
  0.839999974      0.423532277    
  0.849999964      0.267614365    
  0.859999955      0.267614365    
  0.870000005      0.145325795    
  0.879999995      0.145325795    
  0.889999986       6.60647005E-02
  0.899999976       6.60647005E-02
  0.909999967       2.43483316E-02
  0.919999957       2.43483316E-02
  0.930000007       6.96651265E-03
  0.939999998       6.96651265E-03
  0.949999988       1.44847482E-03
  0.959999979       1.44847482E-03
  0.969999969       1.94375316E-04
  0.979999959       1.94375316E-04
  0.989999950       1.26217747E-05
   1.00000000       1.26217747E-05
