   9.99999978E-03  0.934587955    
   1.99999996E-02  0.934587955    
   2.99999993E-02  0.924273252    
   3.99999991E-02  0.924273252    
   4.99999970E-02  0.908075631    
   5.99999987E-02  0.908075631    
   7.00000003E-02  0.885920167    
   7.99999982E-02  0.885920167    
   8.99999961E-02  0.857759058    
   9.99999940E-02  0.857759058    
  0.109999999      0.823626459    
  0.119999997      0.823626459    
  0.129999995      0.783696115    
  0.140000001      0.783696115    
  0.149999991      0.738328874    
  0.159999996      0.738328874    
  0.170000002      0.688105702    
  0.179999992      0.688105702    
  0.189999998      0.633838177    
  0.199999988      0.633838177    
  0.209999993      0.576554239    
  0.219999999      0.576554239    
  0.229999989      0.517457604    
  0.239999995      0.517457604    
  0.250000000      0.457867295    
  0.259999990      0.457867295    
  0.269999981      0.399141848    
  0.280000001      0.399141848    
  0.289999992      0.342597872    
  0.299999982      0.342597872    
  0.310000002      0.289433658    
  0.319999993      0.289433658    
  0.329999983      0.240666792    
  0.340000004      0.240666792    
  0.349999994      0.197092727    
  0.359999985      0.197092727    
  0.370000005      0.159269273    
  0.379999995      0.159269273    
  0.389999986      0.127526760    
  0.399999976      0.127526760    
  0.409999996      0.102001190    
  0.419999987      0.102001190    
  0.429999977       8.26838464E-02
  0.439999998       8.26838464E-02
  0.449999988       6.94791600E-02
  0.459999979       6.94791600E-02
  0.469999999       6.22619241E-02
  0.479999989       6.22619241E-02
  0.489999980       6.09251708E-02
  0.500000000       6.09251708E-02
  0.509999990       6.54119402E-02
  0.519999981       6.54119402E-02
  0.529999971       7.57266283E-02
  0.539999962       7.57266283E-02
  0.550000012       9.19242799E-02
  0.560000002       9.19242799E-02
  0.569999993      0.114079751    
  0.579999983      0.114079751    
  0.589999974      0.142241016    
  0.599999964      0.142241016    
  0.610000014      0.176373586    
  0.620000005      0.176373586    
  0.629999995      0.216303974    
  0.639999986      0.216303974    
  0.649999976      0.261671245    
  0.659999967      0.261671245    
  0.669999957      0.311894447    
  0.680000007      0.311894447    
  0.689999998      0.366161972    
  0.699999988      0.366161972    
  0.709999979      0.423446029    
  0.719999969      0.423446029    
  0.729999959      0.482542664    
  0.740000010      0.482542664    
  0.750000000      0.542132974    
  0.759999990      0.542132974    
  0.769999981      0.600858331    
  0.779999971      0.600858331    
  0.789999962      0.657402337    
  0.799999952      0.657402337    
  0.810000002      0.710566521    
  0.819999993      0.710566521    
  0.829999983      0.759333432    
  0.839999974      0.759333432    
  0.849999964      0.802907526    
  0.859999955      0.802907526    
  0.870000005      0.840731025    
  0.879999995      0.840731025    
  0.889999986      0.872473478    
  0.899999976      0.872473478    
  0.909999967      0.897998929    
  0.919999957      0.897998929    
  0.930000007      0.917316258    
  0.939999998      0.917316258    
  0.949999988      0.930520892    
  0.959999979      0.930520892    
  0.969999969      0.937738061    
  0.979999959      0.937738061    
  0.989999950      0.939074755    
   1.00000000      0.939074755    
