   9.99999978E-03  0.726647854    
   1.99999996E-02  0.726647854    
   2.99999993E-02  0.662817359    
   3.99999991E-02  0.662817359    
   4.99999970E-02  0.593731046    
   5.99999987E-02  0.593731046    
   7.00000003E-02  0.521395445    
   7.99999982E-02  0.521395445    
   8.99999961E-02  0.448145270    
   9.99999940E-02  0.448145270    
  0.109999999      0.376424879    
  0.119999997      0.376424879    
  0.129999995      0.308549970    
  0.140000001      0.308549970    
  0.149999991      0.246486962    
  0.159999996      0.246486962    
  0.170000002      0.191687524    
  0.179999992      0.191687524    
  0.189999998      0.145002156    
  0.199999988      0.145002156    
  0.209999993      0.106682479    
  0.219999999      0.106682479    
  0.229999989       7.64646754E-02
  0.239999995       7.64646754E-02
  0.250000000       5.37126549E-02
  0.259999990       5.37126549E-02
  0.269999981       3.75929326E-02
  0.280000001       3.75929326E-02
  0.289999992       2.72520464E-02
  0.299999982       2.72520464E-02
  0.310000002       2.19718404E-02
  0.319999993       2.19718404E-02
  0.329999983       2.12856755E-02
  0.340000004       2.12856755E-02
  0.349999994       2.50461139E-02
  0.359999985       2.50461139E-02
  0.370000005       3.34409401E-02
  0.379999995       3.34409401E-02
  0.389999986       4.69585247E-02
  0.399999976       4.69585247E-02
  0.409999996       6.63063377E-02
  0.419999987       6.63063377E-02
  0.429999977       9.22891870E-02
  0.439999998       9.22891870E-02
  0.449999988      0.125657633    
  0.459999979      0.125657633    
  0.469999999      0.166941911    
  0.479999989      0.166941911    
  0.489999980      0.216292605    
  0.500000000      0.216292605    
  0.509999990      0.273352206    
  0.519999981      0.273352206    
  0.529999971      0.337182820    
  0.539999962      0.337182820    
  0.550000012      0.406269163    
  0.560000002      0.406269163    
  0.569999993      0.478604674    
  0.579999983      0.478604674    
  0.589999974      0.551854908    
  0.599999964      0.551854908    
  0.610000014      0.623575330    
  0.620000005      0.623575330    
  0.629999995      0.691450357    
  0.639999986      0.691450357    
  0.649999976      0.753513277    
  0.659999967      0.753513277    
  0.669999957      0.808312714    
  0.680000007      0.808312714    
  0.689999998      0.854998052    
  0.699999988      0.854998052    
  0.709999979      0.893317759    
  0.719999969      0.893317759    
  0.729999959      0.923535466    
  0.740000010      0.923535466    
  0.750000000      0.946287394    
  0.759999990      0.946287394    
  0.769999981      0.962406993    
  0.779999971      0.962406993    
  0.789999962      0.972747922    
  0.799999952      0.972747922    
  0.810000002      0.978028178    
  0.819999993      0.978028178    
  0.829999983      0.978714287    
  0.839999974      0.978714287    
  0.849999964      0.974953890    
  0.859999955      0.974953890    
  0.870000005      0.966559052    
  0.879999995      0.966559052    
  0.889999986      0.953041434    
  0.899999976      0.953041434    
  0.909999967      0.933693528    
  0.919999957      0.933693528    
  0.930000007      0.907710731    
  0.939999998      0.907710731    
  0.949999988      0.874342322    
  0.959999979      0.874342322    
  0.969999969      0.833058059    
  0.979999959      0.833058059    
  0.989999950      0.783707440    
   1.00000000      0.783707440    
