   9.99999978E-03  0.600150287    
   1.99999996E-02  0.600150287    
   2.99999993E-02  0.522894263    
   3.99999991E-02  0.522894263    
   4.99999970E-02  0.444518924    
   5.99999987E-02  0.444518924    
   7.00000003E-02  0.368010819    
   7.99999982E-02  0.368010819    
   8.99999961E-02  0.296175301    
   9.99999940E-02  0.296175301    
  0.109999999      0.231330678    
  0.119999997      0.231330678    
  0.129999995      0.175088018    
  0.140000001      0.175088018    
  0.149999991      0.128251269    
  0.159999996      0.128251269    
  0.170000002       9.08474028E-02
  0.179999992       9.08474028E-02
  0.189999998       6.22671992E-02
  0.199999988       6.22671992E-02
  0.209999993       4.14788313E-02
  0.219999999       4.14788313E-02
  0.229999989       2.72685029E-02
  0.239999995       2.72685029E-02
  0.250000000       1.84671022E-02
  0.259999990       1.84671022E-02
  0.269999981       1.41338874E-02
  0.280000001       1.41338874E-02
  0.289999992       1.36829633E-02
  0.299999982       1.36829633E-02
  0.310000002       1.69500094E-02
  0.319999993       1.69500094E-02
  0.329999983       2.42028441E-02
  0.340000004       2.42028441E-02
  0.349999994       3.61003615E-02
  0.359999985       3.61003615E-02
  0.370000005       5.36026098E-02
  0.379999995       5.36026098E-02
  0.389999986       7.78336450E-02
  0.399999976       7.78336450E-02
  0.409999996      0.109902076    
  0.419999987      0.109902076    
  0.429999977      0.150691539    
  0.439999998      0.150691539    
  0.449999988      0.200644821    
  0.459999979      0.200644821    
  0.469999999      0.259575576    
  0.479999989      0.259575576    
  0.489999980      0.326546669    
  0.500000000      0.326546669    
  0.509999990      0.399849832    
  0.519999981      0.399849832    
  0.529999971      0.477105945    
  0.539999962      0.477105945    
  0.550000012      0.555481315    
  0.560000002      0.555481315    
  0.569999993      0.631989360    
  0.579999983      0.631989360    
  0.589999974      0.703824878    
  0.599999964      0.703824878    
  0.610000014      0.768669486    
  0.620000005      0.768669486    
  0.629999995      0.824912131    
  0.639999986      0.824912131    
  0.649999976      0.871748865    
  0.659999967      0.871748865    
  0.669999957      0.909152687    
  0.680000007      0.909152687    
  0.689999998      0.937732875    
  0.699999988      0.937732875    
  0.709999979      0.958521187    
  0.719999969      0.958521187    
  0.729999959      0.972731471    
  0.740000010      0.972731471    
  0.750000000      0.981532872    
  0.759999990      0.981532872    
  0.769999981      0.985866070    
  0.779999971      0.985866070    
  0.789999962      0.986316979    
  0.799999952      0.986316979    
  0.810000002      0.983049989    
  0.819999993      0.983049989    
  0.829999983      0.975797176    
  0.839999974      0.975797176    
  0.849999964      0.963899612    
  0.859999955      0.963899612    
  0.870000005      0.946397245    
  0.879999995      0.946397245    
  0.889999986      0.922166228    
  0.899999976      0.922166228    
  0.909999967      0.890097797    
  0.919999957      0.890097797    
  0.930000007      0.849308431    
  0.939999998      0.849308431    
  0.949999988      0.799355090    
  0.959999979      0.799355090    
  0.969999969      0.740424335    
  0.979999959      0.740424335    
  0.989999950      0.673453331    
   1.00000000      0.673453331    
