   9.99999978E-03   3.86074521E-02
   1.99999996E-02   1.86104141E-02
   2.99999993E-02   1.86104141E-02
   3.99999991E-02   8.08589719E-03
   4.99999970E-02   8.08589719E-03
   5.99999987E-02   3.13950330E-03
   7.00000003E-02   3.13950330E-03
   7.99999982E-02   1.08251860E-03
   8.99999961E-02   1.08251860E-03
   9.99999940E-02   3.44237837E-04
  0.109999999       3.44237837E-04
  0.119999997       1.56311580E-04
  0.129999995       1.56311580E-04
  0.140000001       2.43949369E-04
  0.149999991       2.43949369E-04
  0.159999996       6.44147571E-04
  0.170000002       6.44147571E-04
  0.179999992       1.67881884E-03
  0.189999998       1.67881884E-03
  0.199999988       4.06610128E-03
  0.209999993       4.06610128E-03
  0.219999999       9.13083367E-03
  0.229999989       9.13083367E-03
  0.239999995       1.90401729E-02
  0.250000000       1.90401729E-02
  0.259999990       3.69320363E-02
  0.269999981       3.69320363E-02
  0.280000001       6.67518079E-02
  0.289999992       6.67518079E-02
  0.299999982      0.112628385    
  0.310000002      0.112628385    
  0.319999993      0.177761793    
  0.329999983      0.177761793    
  0.340000004      0.263055563    
  0.349999994      0.263055563    
  0.359999985      0.365996361    
  0.370000005      0.365996361    
  0.379999995      0.480374992    
  0.389999986      0.480374992    
  0.399999976      0.597213387    
  0.409999996      0.597213387    
  0.419999987      0.706749320    
  0.429999977      0.706749320    
  0.439999998      0.800795376    
  0.449999988      0.800795376    
  0.459999979      0.874556959    
  0.469999999      0.874556959    
  0.479999989      0.927243769    
  0.489999980      0.927243769    
  0.500000000      0.961392641    
  0.509999990      0.961392641    
  0.519999981      0.981389642    
  0.529999971      0.981389642    
  0.539999962      0.991914153    
  0.550000012      0.991914153    
  0.560000002      0.996860504    
  0.569999993      0.996860504    
  0.579999983      0.998917460    
  0.589999974      0.998917460    
  0.599999964      0.999655664    
  0.610000014      0.999655664    
  0.620000005      0.999843657    
  0.629999995      0.999843657    
  0.639999986      0.999755979    
  0.649999976      0.999755979    
  0.659999967      0.999355853    
  0.669999957      0.999355853    
  0.680000007      0.998321235    
  0.689999998      0.998321235    
  0.699999988      0.995934010    
  0.709999979      0.995934010    
  0.719999969      0.990869284    
  0.729999959      0.990869284    
  0.740000010      0.980959833    
  0.750000000      0.980959833    
  0.759999990      0.963067889    
  0.769999981      0.963067889    
  0.779999971      0.933248162    
  0.789999962      0.933248162    
  0.799999952      0.887371540    
  0.810000002      0.887371540    
  0.819999993      0.822238207    
  0.829999983      0.822238207    
  0.839999974      0.736944497    
  0.849999964      0.736944497    
  0.859999955      0.634003699    
  0.870000005      0.634003699    
  0.879999995      0.519625068    
  0.889999986      0.519625068    
  0.899999976      0.402786732    
  0.909999967      0.402786732    
  0.919999957      0.293250799    
  0.930000007      0.293250799    
  0.939999998      0.199204758    
  0.949999988      0.199204758    
  0.959999979      0.125443175    
  0.969999969      0.125443175    
  0.979999959       7.27563277E-02
  0.989999950       7.27563277E-02
   1.00000000       3.86074521E-02
