   9.99999978E-03   29626266.0    
   1.99999996E-02  -9898393.00    
   2.99999993E-02  -26100890.0    
   3.99999991E-02   10758728.0    
   4.99999970E-02   14105818.0    
   5.99999987E-02  -15196539.0    
   7.00000003E-02   2727038.00    
   7.99999982E-02   20580336.0    
   8.99999961E-02  -20059024.0    
   9.99999940E-02  -23503306.0    
  0.109999999       34682156.0    
  0.119999997       21299836.0    
  0.129999995      -45460264.0    
  0.140000001      -13297090.0    
  0.149999991       52960984.0    
  0.159999996       1057864.00    
  0.170000002      -58283352.0    
  0.179999992       12548674.0    
  0.189999998       62086176.0    
  0.199999988      -24797016.0    
  0.209999993      -64495712.0    
  0.219999999       34093880.0    
  0.229999989       65679544.0    
  0.239999995      -40000592.0    
  0.250000000      -66253088.0    
  0.259999990       42595596.0    
  0.269999981       66981716.0    
  0.280000001      -41866960.0    
  0.289999992      -68119472.0    
  0.299999982       37560656.0    
  0.310000002       69146336.0    
  0.319999993      -29443252.0    
  0.329999983      -69141944.0    
  0.340000004       17741244.0    
  0.349999994       67278736.0    
  0.359999985      -3553284.00    
  0.370000005      -62894496.0    
  0.379999995      -10991392.0    
  0.389999986       55266676.0    
  0.399999976       23103514.0    
  0.409999996      -43656560.0    
  0.419999987      -30274238.0    
  0.429999977       27911202.0    
  0.439999998       31355484.0    
  0.449999988      -9283876.00    
  0.459999979      -27137180.0    
  0.469999999      -9213604.00    
  0.479999989       20088758.0    
  0.489999980       23435848.0    
  0.500000000      -13423772.0    
  0.509999990      -29626268.0    
  0.519999981       9898398.00    
  0.529999971       26100888.0    
  0.539999962      -10758732.0    
  0.550000012      -14105817.0    
  0.560000002       15196550.0    
  0.569999993      -2727045.50    
  0.579999983      -20580344.0    
  0.589999974       20059040.0    
  0.599999964       23503306.0    
  0.610000014      -34682156.0    
  0.620000005      -21299836.0    
  0.629999995       45460264.0    
  0.639999986       13297093.0    
  0.649999976      -52960996.0    
  0.659999967      -1057854.00    
  0.669999957       58283360.0    
  0.680000007      -12548686.0    
  0.689999998      -62086184.0    
  0.699999988       24797036.0    
  0.709999979       64495720.0    
  0.719999969      -34093896.0    
  0.729999959      -65679540.0    
  0.740000010       40000620.0    
  0.750000000       66253088.0    
  0.759999990      -42595616.0    
  0.769999981      -66981708.0    
  0.779999971       41866988.0    
  0.789999962       68119472.0    
  0.799999952      -37560668.0    
  0.810000002      -69146328.0    
  0.819999993       29443258.0    
  0.829999983       69141944.0    
  0.839999974      -17741238.0    
  0.849999964      -67278720.0    
  0.859999955       3553290.00    
  0.870000005       62894492.0    
  0.879999995       10991392.0    
  0.889999986      -55266664.0    
  0.899999976      -23103516.0    
  0.909999967       43656552.0    
  0.919999957       30274240.0    
  0.930000007      -27911200.0    
  0.939999998      -31355474.0    
  0.949999988       9283884.00    
  0.959999979       27137184.0    
  0.969999969       9213599.00    
  0.979999959      -20088762.0    
  0.989999950      -23435848.0    
   1.00000000       13423775.0    
