   9.99999978E-03  -14.9061432    
   1.99999996E-02   1.86067915    
   2.99999993E-02   3.39196944    
   3.99999991E-02  -2.06963181    
   4.99999970E-02   19.5914345    
   5.99999987E-02  -4.78487825    
   7.00000003E-02  -10.3056335    
   7.99999982E-02   33.7933350    
   8.99999961E-02  -21.4357967    
   9.99999940E-02  -26.4657059    
  0.109999999       65.5540848    
  0.119999997      -27.1873188    
  0.129999995      -72.7568665    
  0.140000001       104.283173    
  0.149999991       20.4410629    
  0.159999996      -160.174606    
  0.170000002       76.6581497    
  0.179999992       167.103714    
  0.189999998      -183.653931    
  0.199999988      -128.172470    
  0.209999993       271.954651    
  0.219999999       67.6495743    
  0.229999989      -331.265656    
  0.239999995      -14.0439301    
  0.250000000       365.243958    
  0.259999990      -10.9255981    
  0.269999981      -380.131073    
  0.280000001      -3.96139526    
  0.289999992       375.326477    
  0.299999982       58.1046219    
  0.310000002      -340.810577    
  0.319999993      -136.505447    
  0.329999983       263.621643    
  0.340000004       208.140137    
  0.349999994      -142.617493    
  0.359999985      -233.063049    
  0.370000005       3.76966095    
  0.379999995       184.385330    
  0.389999986       100.543228    
  0.399999976      -76.4968338    
  0.409999996      -122.066391    
  0.419999987      -29.3249760    
  0.429999977       62.6948318    
  0.439999998       67.7247467    
  0.449999988       12.4955978    
  0.459999979      -31.6033916    
  0.469999999      -37.1241379    
  0.479999989      -12.7478046    
  0.489999980       8.91326141    
  0.500000000       14.3748512    
  0.509999990       15.9061356    
  0.519999981     -0.860684872    
  0.529999971      -2.39196992    
  0.539999962       3.06963181    
  0.550000012      -18.5914288    
  0.560000002       5.78487635    
  0.569999993       11.3056173    
  0.579999983      -32.7933159    
  0.589999974       22.4358101    
  0.599999964       27.4656639    
  0.610000014      -64.5540695    
  0.620000005       28.1873608    
  0.629999995       73.7568207    
  0.639999986      -103.283173    
  0.649999976      -19.4410400    
  0.659999967       161.174622    
  0.669999957      -75.6581726    
  0.680000007      -166.103729    
  0.689999998       184.653976    
  0.699999988       129.172485    
  0.709999979      -270.954712    
  0.719999969      -66.6495819    
  0.729999959       332.265747    
  0.740000010       15.0438843    
  0.750000000      -364.244019    
  0.759999990       11.9256439    
  0.769999981       381.131073    
  0.779999971       4.96134949    
  0.789999962      -374.326447    
  0.799999952      -57.1046295    
  0.810000002       341.810577    
  0.819999993       137.505463    
  0.829999983      -262.621704    
  0.839999974      -207.140137    
  0.849999964       143.617523    
  0.859999955       234.063049    
  0.870000005      -2.76965332    
  0.879999995      -183.385330    
  0.889999986      -99.5432281    
  0.899999976       77.4968109    
  0.909999967       123.066376    
  0.919999957       30.3249798    
  0.930000007      -61.6948090    
  0.939999998      -66.7247314    
  0.949999988      -11.4956036    
  0.959999979       32.6033669    
  0.969999969       38.1241226    
  0.979999959       13.7478142    
  0.989999950      -7.91324902    
   1.00000000      -13.3748522    
