   9.99999978E-03  0.122687109    
   1.99999996E-02   7.55438805E-02
   2.99999993E-02   7.55438805E-02
   3.99999991E-02   4.34011891E-02
   4.99999970E-02   4.34011891E-02
   5.99999987E-02   2.31646448E-02
   7.00000003E-02   2.31646448E-02
   7.99999982E-02   1.14380457E-02
   8.99999961E-02   1.14380457E-02
   9.99999940E-02   5.21487836E-03
  0.109999999       5.21487836E-03
  0.119999997       2.23055342E-03
  0.129999995       2.23055342E-03
  0.140000001       1.01926981E-03
  0.149999991       1.01926981E-03
  0.159999996       8.03668285E-04
  0.170000002       8.03668285E-04
  0.179999992       1.35146221E-03
  0.189999998       1.35146221E-03
  0.199999988       2.88986554E-03
  0.209999993       2.88986554E-03
  0.219999999       6.11091824E-03
  0.229999989       6.11091824E-03
  0.239999995       1.22486735E-02
  0.250000000       1.22486735E-02
  0.259999990       2.31670029E-02
  0.269999981       2.31670029E-02
  0.280000001       4.13655825E-02
  0.289999992       4.13655825E-02
  0.299999982       6.98010996E-02
  0.310000002       6.98010996E-02
  0.319999993      0.111449100    
  0.329999983      0.111449100    
  0.340000004      0.168613046    
  0.349999994      0.168613046    
  0.359999985      0.242109552    
  0.370000005      0.242109552    
  0.379999995      0.330577552    
  0.389999986      0.330577552    
  0.399999976      0.430203706    
  0.409999996      0.430203706    
  0.419999987      0.535073280    
  0.429999977      0.535073280    
  0.439999998      0.638150215    
  0.449999988      0.638150215    
  0.459999979      0.732637525    
  0.469999999      0.732637525    
  0.479999989      0.813297272    
  0.489999980      0.813297272    
  0.500000000      0.877312958    
  0.509999990      0.877312958    
  0.519999981      0.924456239    
  0.529999971      0.924456239    
  0.539999962      0.956598878    
  0.550000012      0.956598878    
  0.560000002      0.976835370    
  0.569999993      0.976835370    
  0.579999983      0.988561928    
  0.589999974      0.988561928    
  0.599999964      0.994785130    
  0.610000014      0.994785130    
  0.620000005      0.997769415    
  0.629999995      0.997769415    
  0.639999986      0.998980761    
  0.649999976      0.998980761    
  0.659999967      0.999196291    
  0.669999957      0.999196291    
  0.680000007      0.998648643    
  0.689999998      0.998648643    
  0.699999988      0.997110188    
  0.709999979      0.997110188    
  0.719999969      0.993889153    
  0.729999959      0.993889153    
  0.740000010      0.987751484    
  0.750000000      0.987751484    
  0.759999990      0.976833165    
  0.769999981      0.976833165    
  0.779999971      0.958634436    
  0.789999962      0.958634436    
  0.799999952      0.930198848    
  0.810000002      0.930198848    
  0.819999993      0.888550878    
  0.829999983      0.888550878    
  0.839999974      0.831386983    
  0.849999964      0.831386983    
  0.859999955      0.757890463    
  0.870000005      0.757890463    
  0.879999995      0.669422507    
  0.889999986      0.669422507    
  0.899999976      0.569796383    
  0.909999967      0.569796383    
  0.919999957      0.464926809    
  0.930000007      0.464926809    
  0.939999998      0.361849815    
  0.949999988      0.361849815    
  0.959999979      0.267362595    
  0.969999969      0.267362595    
  0.979999959      0.186702788    
  0.989999950      0.186702788    
   1.00000000      0.122687109    
