   9.99999978E-03  -222743.594    
   1.99999996E-02   293894.406    
   2.99999993E-02   180333.500    
   3.99999991E-02  -222461.844    
   4.99999970E-02   31699.9922    
   5.99999987E-02   134054.188    
   7.00000003E-02  -302503.312    
   7.99999982E-02  -15978.6875    
   8.99999961E-02   506015.000    
   9.99999940E-02  -156171.406    
  0.109999999      -568773.625    
  0.119999997       389670.938    
  0.129999995       492203.219    
  0.140000001      -654785.188    
  0.149999991      -323263.250    
  0.159999996       896767.750    
  0.170000002       110625.406    
  0.179999992      -1071887.88    
  0.189999998       113794.594    
  0.199999988       1173437.75    
  0.209999993      -324959.969    
  0.219999999      -1225012.62    
  0.229999989       494575.594    
  0.239999995       1254568.75    
  0.250000000      -596877.875    
  0.259999990      -1277688.50    
  0.269999981       617615.750    
  0.280000001       1298426.38    
  0.289999992      -553019.875    
  0.299999982      -1313013.25    
  0.310000002       406574.250    
  0.319999993       1306626.75    
  0.329999983      -191770.875    
  0.340000004      -1251413.75    
  0.349999994      -65731.3438    
  0.359999985       1116781.62    
  0.370000005       330639.344    
  0.379999995      -889391.375    
  0.389999986      -557869.312    
  0.399999976       589118.875    
  0.409999996       691651.125    
  0.419999987      -266793.562    
  0.429999977      -679395.688    
  0.439999998      -17209.2188    
  0.449999988       504784.500    
  0.459999979       218259.922    
  0.469999999      -218297.609    
  0.479999989      -320651.906    
  0.489999980      -66489.9453    
  0.500000000       336305.531    
  0.509999990       222744.531    
  0.519999981      -293893.406    
  0.529999971      -180332.469    
  0.539999962       222462.859    
  0.550000012      -31699.0859    
  0.560000002      -134053.188    
  0.569999993       302504.375    
  0.579999983       15979.6562    
  0.589999974      -506014.125    
  0.599999964       156172.500    
  0.610000014       568774.750    
  0.620000005      -389670.250    
  0.629999995      -492202.344    
  0.639999986       654786.438    
  0.649999976       323264.281    
  0.659999967      -896766.875    
  0.669999957      -110624.281    
  0.680000007       1071889.00    
  0.689999998      -113793.844    
  0.699999988      -1173437.00    
  0.709999979       324961.188    
  0.719999969       1225013.50    
  0.729999959      -494574.625    
  0.740000010      -1254567.88    
  0.750000000       596879.125    
  0.759999990       1277689.62    
  0.769999981      -617614.875    
  0.779999971      -1298425.50    
  0.789999962       553021.188    
  0.799999952       1313014.50    
  0.810000002      -406573.250    
  0.819999993      -1306625.75    
  0.829999983       191771.625    
  0.839999974       1251414.50    
  0.849999964       65732.5000    
  0.859999955      -1116780.62    
  0.870000005      -330638.375    
  0.879999995       889392.312    
  0.889999986       557870.375    
  0.899999976      -589117.875    
  0.909999967      -691650.125    
  0.919999957       266794.562    
  0.930000007       679396.750    
  0.939999998       17210.1562    
  0.949999988      -504783.562    
  0.959999979      -218258.953    
  0.969999969       218298.672    
  0.979999959       320652.906    
  0.989999950       66490.9219    
   1.00000000      -336304.500    
