   9.99999978E-03  0.698380768    
   1.99999996E-02  0.698380768    
   2.99999993E-02  0.630823255    
   3.99999991E-02  0.630823255    
   4.99999970E-02  0.558759511    
   5.99999987E-02  0.558759511    
   7.00000003E-02  0.484483123    
   7.99999982E-02  0.484483123    
   8.99999961E-02  0.410530031    
   9.99999940E-02  0.410530031    
  0.109999999      0.339425921    
  0.119999997      0.339425921    
  0.129999995      0.273431987    
  0.140000001      0.273431987    
  0.149999991      0.214333028    
  0.159999996      0.214333028    
  0.170000002      0.163301110    
  0.179999992      0.163301110    
  0.189999998      0.120854340    
  0.199999988      0.120854340    
  0.209999993       8.69101211E-02
  0.219999999       8.69101211E-02
  0.229999989       6.09151348E-02
  0.239999995       6.09151348E-02
  0.250000000       4.20230739E-02
  0.259999990       4.20230739E-02
  0.269999981       2.92875376E-02
  0.280000001       2.92875376E-02
  0.289999992       2.18407046E-02
  0.299999982       2.18407046E-02
  0.310000002       1.90362986E-02
  0.319999993       1.90362986E-02
  0.329999983       2.05444545E-02
  0.340000004       2.05444545E-02
  0.349999994       2.63935644E-02
  0.359999985       2.63935644E-02
  0.370000005       3.69592942E-02
  0.379999995       3.69592942E-02
  0.389999986       5.29035330E-02
  0.399999976       5.29035330E-02
  0.409999996       7.50679821E-02
  0.419999987       7.50679821E-02
  0.429999977      0.104329862    
  0.439999998      0.104329862    
  0.449999988      0.141431972    
  0.459999979      0.141431972    
  0.469999999      0.186805457    
  0.479999989      0.186805457    
  0.489999980      0.240410060    
  0.500000000      0.240410060    
  0.509999990      0.301619291    
  0.519999981      0.301619291    
  0.529999971      0.369176894    
  0.539999962      0.369176894    
  0.550000012      0.441240638    
  0.560000002      0.441240638    
  0.569999993      0.515516996    
  0.579999983      0.515516996    
  0.589999974      0.589470148    
  0.599999964      0.589470148    
  0.610000014      0.660574257    
  0.620000005      0.660574257    
  0.629999995      0.726568222    
  0.639999986      0.726568222    
  0.649999976      0.785667121    
  0.659999967      0.785667121    
  0.669999957      0.836699069    
  0.680000007      0.836699069    
  0.689999998      0.879145801    
  0.699999988      0.879145801    
  0.709999979      0.913089991    
  0.719999969      0.913089991    
  0.729999959      0.939084888    
  0.740000010      0.939084888    
  0.750000000      0.957976937    
  0.759999990      0.957976937    
  0.769999981      0.970712364    
  0.779999971      0.970712364    
  0.789999962      0.978159189    
  0.799999952      0.978159189    
  0.810000002      0.980963588    
  0.819999993      0.980963588    
  0.829999983      0.979455531    
  0.839999974      0.979455531    
  0.849999964      0.973606408    
  0.859999955      0.973606408    
  0.870000005      0.963040650    
  0.879999995      0.963040650    
  0.889999986      0.947096407    
  0.899999976      0.947096407    
  0.909999967      0.924931884    
  0.919999957      0.924931884    
  0.930000007      0.895669997    
  0.939999998      0.895669997    
  0.949999988      0.858567894    
  0.959999979      0.858567894    
  0.969999969      0.813194454    
  0.979999959      0.813194454    
  0.989999950      0.759589970    
   1.00000000      0.759589970    
