   9.99999978E-03  0.898297787    
   1.99999996E-02  0.898297787    
   2.99999993E-02  0.868736625    
   3.99999991E-02  0.868736625    
   4.99999970E-02  0.832690954    
   5.99999987E-02  0.832690954    
   7.00000003E-02  0.790198863    
   7.99999982E-02  0.790198863    
   8.99999961E-02  0.741564155    
   9.99999940E-02  0.741564155    
  0.109999999      0.687404990    
  0.119999997      0.687404990    
  0.129999995      0.628669024    
  0.140000001      0.628669024    
  0.149999991      0.566607535    
  0.159999996      0.566607535    
  0.170000002      0.502711535    
  0.179999992      0.502711535    
  0.189999998      0.438615561    
  0.199999988      0.438615561    
  0.209999993      0.375981569    
  0.219999999      0.375981569    
  0.229999989      0.316377878    
  0.239999995      0.316377878    
  0.250000000      0.261170208    
  0.259999990      0.261170208    
  0.269999981      0.211439177    
  0.280000001      0.211439177    
  0.289999992      0.167934179    
  0.299999982      0.167934179    
  0.310000002      0.131069094    
  0.319999993      0.131069094    
  0.329999983      0.100957140    
  0.340000004      0.100957140    
  0.349999994       7.74776712E-02
  0.359999985       7.74776712E-02
  0.370000005       6.03630096E-02
  0.379999995       6.03630096E-02
  0.389999986       4.92915474E-02
  0.399999976       4.92915474E-02
  0.409999996       4.39734459E-02
  0.419999987       4.39734459E-02
  0.429999977       4.42172885E-02
  0.439999998       4.42172885E-02
  0.449999988       4.99689057E-02
  0.459999979       4.99689057E-02
  0.469999999       6.13180771E-02
  0.479999989       6.13180771E-02
  0.489999980       7.84724057E-02
  0.500000000       7.84724057E-02
  0.509999990      0.101702198    
  0.519999981      0.101702198    
  0.529999971      0.131263435    
  0.539999962      0.131263435    
  0.550000012      0.167309135    
  0.560000002      0.167309135    
  0.569999993      0.209801257    
  0.579999983      0.209801257    
  0.589999974      0.258436084    
  0.599999964      0.258436084    
  0.610000014      0.312595218    
  0.620000005      0.312595218    
  0.629999995      0.371331125    
  0.639999986      0.371331125    
  0.649999976      0.433392584    
  0.659999967      0.433392584    
  0.669999957      0.497288585    
  0.680000007      0.497288585    
  0.689999998      0.561384559    
  0.699999988      0.561384559    
  0.709999979      0.624018610    
  0.719999969      0.624018610    
  0.729999959      0.683622360    
  0.740000010      0.683622360    
  0.750000000      0.738830030    
  0.759999990      0.738830030    
  0.769999981      0.788560987    
  0.779999971      0.788560987    
  0.789999962      0.832066000    
  0.799999952      0.832066000    
  0.810000002      0.868931055    
  0.819999993      0.868931055    
  0.829999983      0.899042964    
  0.839999974      0.899042964    
  0.849999964      0.922522366    
  0.859999955      0.922522366    
  0.870000005      0.939636946    
  0.879999995      0.939636946    
  0.889999986      0.950708330    
  0.899999976      0.950708330    
  0.909999967      0.956026435    
  0.919999957      0.956026435    
  0.930000007      0.955782592    
  0.939999998      0.955782592    
  0.949999988      0.950031042    
  0.959999979      0.950031042    
  0.969999969      0.938681901    
  0.979999959      0.938681901    
  0.989999950      0.921527624    
   1.00000000      0.921527624    
