   9.99999978E-03   6.58439094E-05
   1.99999996E-02  -3.17925369E-05
   2.99999993E-02   2.14167216E-04
   3.99999991E-02  -9.64362291E-04
   4.99999970E-02   3.86592164E-03
   5.99999987E-02  -1.36208646E-02
   7.00000003E-02   4.18348312E-02
   7.99999982E-02 -0.110541359    
   8.99999961E-02  0.245884418    
   9.99999940E-02 -0.442452431    
  0.109999999      0.588658988    
  0.119999997     -0.413940758    
  0.129999995     -0.362732202    
  0.140000001       1.54005039    
  0.149999991      -1.96895528    
  0.159999996      0.220445156    
  0.170000002       3.11217642    
  0.179999992      -4.06026316    
  0.189999998     -0.704823017    
  0.199999988       6.68482208    
  0.209999993      -3.92451096    
  0.219999999      -6.70448208    
  0.229999989       8.27492332    
  0.239999995       5.33303452    
  0.250000000      -11.0456972    
  0.259999990      -4.53387260    
  0.269999981       12.0085220    
  0.280000001       5.49669552    
  0.289999992      -10.8820362    
  0.299999982      -7.94014454    
  0.310000002       7.03925848    
  0.319999993       9.81922913    
  0.329999983     -0.790101051    
  0.340000004      -8.17974472    
  0.349999994      -4.82430553    
  0.359999985       2.34813476    
  0.370000005       5.23986721    
  0.379999995       3.05046654    
  0.389999986     -0.458540082    
  0.399999976      -2.36132240    
  0.409999996      -2.31011319    
  0.419999987      -1.30751300    
  0.429999977     -0.276401430    
  0.439999998      0.411935061    
  0.449999988      0.768360257    
  0.459999979      0.920736790    
  0.469999999      0.976192713    
  0.479999989      0.993679404    
  0.489999980      0.998509645    
  0.500000000      0.999687970    
  0.509999990      0.999934554    
  0.519999981       1.00003147    
  0.529999971      0.999786019    
  0.539999962       1.00096440    
  0.550000012      0.996133924    
  0.560000002       1.01362085    
  0.569999993      0.958165169    
  0.579999983       1.11054099    
  0.589999974      0.754115582    
  0.599999964       1.44245255    
  0.610000014      0.411341280    
  0.620000005       1.41394031    
  0.629999995       1.36273146    
  0.639999986     -0.540049136    
  0.649999976       2.96895528    
  0.659999967      0.779552579    
  0.669999957      -2.11217499    
  0.680000007       5.06026506    
  0.689999998       1.70482111    
  0.699999988      -5.68482113    
  0.709999979       4.92451096    
  0.719999969       7.70448112    
  0.729999959      -7.27492285    
  0.740000010      -4.33303356    
  0.750000000       12.0456972    
  0.759999990       5.53387260    
  0.769999981      -11.0085220    
  0.779999971      -4.49669552    
  0.789999962       11.8820362    
  0.799999952       8.94014549    
  0.810000002      -6.03926039    
  0.819999993      -8.81922913    
  0.829999983       1.79010081    
  0.839999974       9.17974377    
  0.849999964       5.82430458    
  0.859999955      -1.34813392    
  0.870000005      -4.23986578    
  0.879999995      -2.05046630    
  0.889999986       1.45853901    
  0.899999976       3.36132145    
  0.909999967       3.31011295    
  0.919999957       2.30751324    
  0.930000007       1.27640176    
  0.939999998      0.588065028    
  0.949999988      0.231639281    
  0.959999979       7.92630911E-02
  0.969999969       2.38074008E-02
  0.979999959       6.32061623E-03
  0.989999950       1.49033312E-03
   1.00000000       3.11803655E-04
