   9.99999978E-03  0.937509477    
   1.99999996E-02  0.927947640    
   2.99999993E-02  0.927947640    
   3.99999991E-02  0.912520826    
   4.99999970E-02  0.912520826    
   5.99999987E-02  0.891137540    
   7.00000003E-02  0.891137540    
   7.99999982E-02  0.863723040    
   8.99999961E-02  0.863723040    
   9.99999940E-02  0.830277503    
  0.109999999      0.830277503    
  0.119999997      0.790935993    
  0.129999995      0.790935993    
  0.140000001      0.746021509    
  0.149999991      0.746021509    
  0.159999996      0.696082056    
  0.170000002      0.696082056    
  0.179999992      0.641905427    
  0.189999998      0.641905427    
  0.199999988      0.584508061    
  0.209999993      0.584508061    
  0.219999999      0.525096714    
  0.229999989      0.525096714    
  0.239999995      0.465007633    
  0.250000000      0.465007633    
  0.259999990      0.405628175    
  0.269999981      0.405628175    
  0.280000001      0.348312676    
  0.289999992      0.348312676    
  0.299999982      0.294301063    
  0.310000002      0.294301063    
  0.319999993      0.244651526    
  0.329999983      0.244651526    
  0.340000004      0.200194672    
  0.349999994      0.200194672    
  0.359999985      0.161514297    
  0.370000005      0.161514297    
  0.379999995      0.128955781    
  0.389999986      0.128955781    
  0.399999976      0.102658808    
  0.409999996      0.102658808    
  0.419999987       8.26083794E-02
  0.429999977       8.26083794E-02
  0.439999998       6.86954707E-02
  0.449999988       6.86954707E-02
  0.459999979       6.07779436E-02
  0.469999999       6.07779436E-02
  0.479999989       5.87325171E-02
  0.489999980       5.87325171E-02
  0.500000000       6.24904856E-02
  0.509999990       6.24904856E-02
  0.519999981       7.20522925E-02
  0.529999971       7.20522925E-02
  0.539999962       8.74790624E-02
  0.550000012       8.74790624E-02
  0.560000002      0.108862408    
  0.569999993      0.108862408    
  0.579999983      0.136276990    
  0.589999974      0.136276990    
  0.599999964      0.169722587    
  0.610000014      0.169722587    
  0.620000005      0.209064081    
  0.629999995      0.209064081    
  0.639999986      0.253978550    
  0.649999976      0.253978550    
  0.659999967      0.303918064    
  0.669999957      0.303918064    
  0.680000007      0.358094722    
  0.689999998      0.358094722    
  0.699999988      0.415492177    
  0.709999979      0.415492177    
  0.719999969      0.474903494    
  0.729999959      0.474903494    
  0.740000010      0.534992576    
  0.750000000      0.534992576    
  0.759999990      0.594372034    
  0.769999981      0.594372034    
  0.779999971      0.651687562    
  0.789999962      0.651687562    
  0.799999952      0.705699146    
  0.810000002      0.705699146    
  0.819999993      0.755348682    
  0.829999983      0.755348682    
  0.839999974      0.799805582    
  0.849999964      0.799805582    
  0.859999955      0.838485956    
  0.870000005      0.838485956    
  0.879999995      0.871044457    
  0.889999986      0.871044457    
  0.899999976      0.897341371    
  0.909999967      0.897341371    
  0.919999957      0.917391658    
  0.930000007      0.917391658    
  0.939999998      0.931304574    
  0.949999988      0.931304574    
  0.959999979      0.939222038    
  0.969999969      0.939222038    
  0.979999959      0.941267490    
  0.989999950      0.941267490    
   1.00000000      0.937509477    
