   9.99999978E-03   0.00000000    
   1.99999996E-02   0.00000000    
   2.99999993E-02   0.00000000    
   3.99999991E-02   1.59484759E-10
   4.99999970E-02   1.59484759E-10
   5.99999987E-02   6.27306607E-09
   7.00000003E-02   6.27306607E-09
   7.99999982E-02   1.18355388E-07
   8.99999961E-02   1.18355388E-07
   9.99999940E-02   1.42598265E-06
  0.109999999       1.42598265E-06
  0.119999997       1.23228738E-05
  0.129999995       1.23228738E-05
  0.140000001       8.13365332E-05
  0.149999991       8.13365332E-05
  0.159999996       4.26404877E-04
  0.170000002       4.26404877E-04
  0.179999992       1.82310981E-03
  0.189999998       1.82310981E-03
  0.199999988       6.47879345E-03
  0.209999993       6.47879345E-03
  0.219999999       1.94112472E-02
  0.229999989       1.94112472E-02
  0.239999995       4.95869704E-02
  0.250000000       4.95869704E-02
  0.259999990      0.109023996    
  0.269999981      0.109023996    
  0.280000001      0.208085716    
  0.289999992      0.208085716    
  0.299999982      0.347788155    
  0.310000002      0.347788155    
  0.319999993      0.514100611    
  0.329999983      0.514100611    
  0.340000004      0.680413127    
  0.349999994      0.680413127    
  0.359999985      0.819006801    
  0.370000005      0.819006801    
  0.379999995      0.914120078    
  0.389999986      0.914120078    
  0.399999976      0.966960728    
  0.409999996      0.966960728    
  0.419999987      0.990136564    
  0.429999977      0.990136564    
  0.439999998      0.997861803    
  0.449999988      0.997861803    
  0.459999979      0.999701142    
  0.469999999      0.999701142    
  0.479999989      0.999979794    
  0.489999980      0.999979794    
  0.500000000       1.00000000    
  0.509999990       1.00000000    
  0.519999981       1.00000000    
  0.529999971       1.00000000    
  0.539999962       1.00000000    
  0.550000012       1.00000000    
  0.560000002       1.00000000    
  0.569999993       1.00000000    
  0.579999983      0.999999881    
  0.589999974      0.999999881    
  0.599999964      0.999998569    
  0.610000014      0.999998569    
  0.620000005      0.999987721    
  0.629999995      0.999987721    
  0.639999986      0.999918699    
  0.649999976      0.999918699    
  0.659999967      0.999573648    
  0.669999957      0.999573648    
  0.680000007      0.998176992    
  0.689999998      0.998176992    
  0.699999988      0.993521214    
  0.709999979      0.993521214    
  0.719999969      0.980588734    
  0.729999959      0.980588734    
  0.740000010      0.950412989    
  0.750000000      0.950412989    
  0.759999990      0.890975952    
  0.769999981      0.890975952    
  0.779999971      0.791914225    
  0.789999962      0.791914225    
  0.799999952      0.652211845    
  0.810000002      0.652211845    
  0.819999993      0.485899419    
  0.829999983      0.485899419    
  0.839999974      0.319586992    
  0.849999964      0.319586992    
  0.859999955      0.180993289    
  0.870000005      0.180993289    
  0.879999995       8.58799741E-02
  0.889999986       8.58799741E-02
  0.899999976       3.30392420E-02
  0.909999967       3.30392420E-02
  0.919999957       9.86348186E-03
  0.930000007       9.86348186E-03
  0.939999998       2.13822955E-03
  0.949999988       2.13822955E-03
  0.959999979       2.98883620E-04
  0.969999969       2.98883620E-04
  0.979999959       2.01948387E-05
  0.989999950       2.01948387E-05
   1.00000000       0.00000000    
