   9.99999978E-03  -1600.22144    
   1.99999996E-02  -2086.90137    
   2.99999993E-02   1044.49243    
   3.99999991E-02   199.105591    
   4.99999970E-02  -888.184204    
   5.99999987E-02   2468.72876    
   7.00000003E-02   128.145996    
   7.99999982E-02  -3923.47876    
   8.99999961E-02   2101.76831    
   9.99999940E-02   3301.63037    
  0.109999999      -5235.35449    
  0.119999997      -806.904907    
  0.129999995       7674.63672    
  0.140000001      -2998.90747    
  0.149999991      -8251.09863    
  0.159999996       7425.28711    
  0.170000002       6985.38623    
  0.179999992      -11561.1045    
  0.189999998      -4526.57129    
  0.199999988       14731.8818    
  0.209999993       1632.70801    
  0.219999999      -16840.5762    
  0.229999989       931.402344    
  0.239999995       18135.4863    
  0.250000000      -2512.45898    
  0.259999990      -18842.6328    
  0.269999981       2764.24219    
  0.280000001       19094.4160    
  0.289999992      -1553.52344    
  0.299999982      -18757.6035    
  0.310000002      -985.627930    
  0.319999993       17487.6484    
  0.329999983       4388.47070    
  0.340000004      -14869.9766    
  0.349999994      -7835.44238    
  0.359999985       10711.0439    
  0.370000005       10271.1426    
  0.379999995      -5405.24170    
  0.389999986      -10657.4336    
  0.399999976       16.1088867    
  0.409999996       8497.65039    
  0.419999987       4069.20093    
  0.429999977      -4467.78418    
  0.439999998      -5667.64697    
  0.449999988       357.599854    
  0.459999979       4409.22559    
  0.469999999       2068.64429    
  0.479999989      -1288.26941    
  0.489999980      -2375.55981    
  0.500000000      -1530.17200    
  0.509999990       1601.22192    
  0.519999981       2087.90088    
  0.529999971      -1043.49194    
  0.539999962      -198.105438    
  0.550000012       889.182800    
  0.560000002      -2467.72852    
  0.569999993      -127.144287    
  0.579999983       3924.47852    
  0.589999974      -2100.77026    
  0.599999964      -3300.63037    
  0.610000014       5236.35645    
  0.620000005       807.904419    
  0.629999995      -7673.63916    
  0.639999986       2999.90869    
  0.649999976       8252.10059    
  0.659999967      -7424.28906    
  0.669999957      -6984.38525    
  0.680000007       11562.1045    
  0.689999998       4527.56934    
  0.699999988      -14730.8848    
  0.709999979      -1631.70312    
  0.719999969       16841.5781    
  0.729999959      -930.402832    
  0.740000010      -18134.4844    
  0.750000000       2513.45947    
  0.759999990       18843.6328    
  0.769999981      -2763.24219    
  0.779999971      -19093.4160    
  0.789999962       1554.52344    
  0.799999952       18758.6016    
  0.810000002       986.628906    
  0.819999993      -17486.6504    
  0.829999983      -4387.47266    
  0.839999974       14870.9785    
  0.849999964       7836.44434    
  0.859999955      -10710.0449    
  0.870000005      -10270.1445    
  0.879999995       5406.24414    
  0.889999986       10658.4355    
  0.899999976      -15.1103516    
  0.909999967      -8496.65332    
  0.919999957      -4068.20117    
  0.930000007       4468.78564    
  0.939999998       5668.64746    
  0.949999988      -356.599609    
  0.959999979      -4408.22559    
  0.969999969      -2067.64453    
  0.979999959       1289.26855    
  0.989999950       2376.55957    
   1.00000000       1531.17261    
