   9.99999978E-03  -146.209869    
   1.99999996E-02   78.8916779    
   2.99999993E-02   67.2068329    
   3.99999991E-02  -40.7365417    
   4.99999970E-02   157.769669    
   5.99999987E-02  -23.5202637    
   7.00000003E-02  -241.429230    
   7.99999982E-02   228.347153    
   8.99999961E-02   76.3229141    
   9.99999940E-02  -441.997009    
  0.109999999       278.585602    
  0.119999997       424.166534    
  0.129999995      -687.311218    
  0.140000001      -90.6024475    
  0.149999991       988.705078    
  0.159999996      -439.007416    
  0.170000002      -1038.83228    
  0.179999992       1028.05090    
  0.189999998       860.653809    
  0.199999988      -1536.52393    
  0.209999993      -552.051331    
  0.219999999       1904.82068    
  0.229999989       242.371399    
  0.239999995      -2135.59619    
  0.250000000      -40.4485474    
  0.259999990       2256.97021    
  0.269999981       14.7896729    
  0.280000001      -2282.62891    
  0.289999992      -187.481079    
  0.299999982       2190.48608    
  0.310000002       528.036133    
  0.319999993      -1928.83557    
  0.329999983      -944.362671    
  0.340000004       1452.81470    
  0.349999994       1285.41748    
  0.359999985      -781.465332    
  0.370000005      -1381.29016    
  0.379999995       46.4220886    
  0.389999986       1125.72974    
  0.399999976       529.021118    
  0.409999996      -582.456665    
  0.419999987      -728.037720    
  0.429999977      -7.45510864    
  0.439999998       510.864868    
  0.449999988       358.840698    
  0.459999979      -110.935837    
  0.469999999      -328.844940    
  0.479999989      -147.554932    
  0.489999980       50.9513931    
  0.500000000       158.894821    
  0.509999990       147.209839    
  0.519999981      -77.8917313    
  0.529999971      -66.2068405    
  0.539999962       41.7364769    
  0.550000012      -156.769608    
  0.560000002       24.5204010    
  0.569999993       242.429031    
  0.579999983      -227.347168    
  0.589999974      -75.3227005    
  0.599999964       442.996948    
  0.610000014      -277.585815    
  0.620000005      -423.166443    
  0.629999995       688.311401    
  0.639999986       91.6024475    
  0.649999976      -987.705261    
  0.659999967       440.007507    
  0.669999957       1039.83252    
  0.680000007      -1027.05127    
  0.689999998      -859.653870    
  0.699999988       1537.52417    
  0.709999979       553.051147    
  0.719999969      -1903.82104    
  0.729999959      -241.371094    
  0.740000010       2136.59619    
  0.750000000       41.4484253    
  0.759999990      -2255.97021    
  0.769999981      -13.7897339    
  0.779999971       2283.62866    
  0.789999962       188.481079    
  0.799999952      -2189.48584    
  0.810000002      -527.036133    
  0.819999993       1929.83557    
  0.829999983       945.362671    
  0.839999974      -1451.81470    
  0.849999964      -1284.41748    
  0.859999955       782.465698    
  0.870000005       1382.29041    
  0.879999995      -45.4222717    
  0.889999986      -1124.72998    
  0.899999976      -528.021179    
  0.909999967       583.456787    
  0.919999957       729.037781    
  0.930000007       8.45516968    
  0.939999998      -509.864777    
  0.949999988      -357.840637    
  0.959999979       111.935791    
  0.969999969       329.844818    
  0.979999959       148.554916    
  0.989999950      -49.9513397    
   1.00000000      -157.894730    
