   9.99999978E-03   0.00000000    
   1.99999996E-02   0.00000000    
   2.99999993E-02   0.00000000    
   3.99999991E-02   0.00000000    
   4.99999970E-02   0.00000000    
   5.99999987E-02   0.00000000    
   7.00000003E-02   0.00000000    
   7.99999982E-02   0.00000000    
   8.99999961E-02   0.00000000    
   9.99999940E-02   0.00000000    
  0.109999999       0.00000000    
  0.119999997       0.00000000    
  0.129999995       0.00000000    
  0.140000001       0.00000000    
  0.149999991       0.00000000    
  0.159999996       0.00000000    
  0.170000002       0.00000000    
  0.179999992       0.00000000    
  0.189999998       3.91066074E-04
  0.199999988       3.91066074E-04
  0.209999993       5.60528040E-03
  0.219999999       5.60528040E-03
  0.229999989       3.60215306E-02
  0.239999995       3.60215306E-02
  0.250000000      0.137409031    
  0.259999990      0.137409031    
  0.269999981      0.348632991    
  0.280000001      0.348632991    
  0.289999992      0.630264938    
  0.299999982      0.630264938    
  0.310000002      0.864958227    
  0.319999993      0.864958227    
  0.329999983      0.976716936    
  0.340000004      0.976716936    
  0.349999994       1.00000000    
  0.359999985       1.00000000    
  0.370000005       1.00000000    
  0.379999995       1.00000000    
  0.389999986       1.00000000    
  0.399999976       1.00000000    
  0.409999996       1.00000000    
  0.419999987       1.00000000    
  0.429999977       1.00000000    
  0.439999998       1.00000000    
  0.449999988       1.00000000    
  0.459999979       1.00000000    
  0.469999999       1.00000000    
  0.479999989       1.00000000    
  0.489999980       1.00000000    
  0.500000000       1.00000000    
  0.509999990       1.00000000    
  0.519999981       1.00000000    
  0.529999971       1.00000000    
  0.539999962       1.00000000    
  0.550000012       1.00000000    
  0.560000002       1.00000000    
  0.569999993       1.00000000    
  0.579999983       1.00000000    
  0.589999974       1.00000000    
  0.599999964       1.00000000    
  0.610000014       1.00000000    
  0.620000005       1.00000000    
  0.629999995       1.00000000    
  0.639999986       1.00000000    
  0.649999976       1.00000000    
  0.659999967       1.00000000    
  0.669999957       1.00000000    
  0.680000007       1.00000000    
  0.689999998      0.999608934    
  0.699999988      0.999608934    
  0.709999979      0.994394720    
  0.719999969      0.994394720    
  0.729999959      0.963978469    
  0.740000010      0.963978469    
  0.750000000      0.862590969    
  0.759999990      0.862590969    
  0.769999981      0.651367009    
  0.779999971      0.651367009    
  0.789999962      0.369735062    
  0.799999952      0.369735062    
  0.810000002      0.135041773    
  0.819999993      0.135041773    
  0.829999983       2.32830644E-02
  0.839999974       2.32830644E-02
  0.849999964       0.00000000    
  0.859999955       0.00000000    
  0.870000005       0.00000000    
  0.879999995       0.00000000    
  0.889999986       0.00000000    
  0.899999976       0.00000000    
  0.909999967       0.00000000    
  0.919999957       0.00000000    
  0.930000007       0.00000000    
  0.939999998       0.00000000    
  0.949999988       0.00000000    
  0.959999979       0.00000000    
  0.969999969       0.00000000    
  0.979999959       0.00000000    
  0.989999950       0.00000000    
   1.00000000       0.00000000    
