   9.99999978E-03   1134077.50    
   1.99999996E-02  -143310.250    
   2.99999993E-02  -944816.000    
   3.99999991E-02   265593.156    
   4.99999970E-02   395851.062    
   5.99999987E-02  -597130.750    
   7.00000003E-02   320482.875    
   7.99999982E-02   901832.875    
   8.99999961E-02  -1012582.50    
   9.99999940E-02  -941575.750    
  0.109999999       1573891.00    
  0.119999997       607456.938    
  0.129999995      -1986468.25    
  0.140000001       34732.3750    
  0.149999991       2263479.75    
  0.159999996      -810343.812    
  0.170000002      -2403317.25    
  0.179999992       1552015.75    
  0.189999998       2401710.00    
  0.199999988      -2171638.50    
  0.209999993      -2292247.75    
  0.219999999       2648797.50    
  0.229999989       2153300.75    
  0.239999995      -2978542.25    
  0.250000000      -2068583.00    
  0.259999990       3143548.50    
  0.269999981       2087156.12    
  0.280000001      -3124974.75    
  0.289999992      -2215016.50    
  0.299999982       2916827.00    
  0.310000002       2421331.50    
  0.319999993      -2519713.25    
  0.329999983      -2640323.00    
  0.340000004       1933024.00    
  0.349999994       2782718.00    
  0.359999985      -1172615.38    
  0.370000005      -2765588.50    
  0.379999995       308234.625    
  0.389999986       2536981.50    
  0.399999976       515781.125    
  0.409999996      -2078143.88    
  0.419999987      -1111709.75    
  0.429999977       1403756.88    
  0.439999998       1332750.25    
  0.449999988      -581664.875    
  0.459999979      -1163014.88    
  0.469999999      -245401.375    
  0.479999989       747580.750    
  0.489999980       877838.625    
  0.500000000      -332570.844    
  0.509999990      -1134076.50    
  0.519999981       143311.438    
  0.529999971       944816.875    
  0.539999962      -265592.312    
  0.550000012      -395850.000    
  0.560000002       597131.938    
  0.569999993      -320482.094    
  0.579999983      -901832.062    
  0.589999974       1012583.62    
  0.599999964       941576.812    
  0.610000014      -1573890.50    
  0.620000005      -607455.812    
  0.629999995       1986470.25    
  0.639999986      -34731.5000    
  0.649999976      -2263479.50    
  0.659999967       810344.875    
  0.669999957       2403318.50    
  0.680000007      -1552015.62    
  0.689999998      -2401708.50    
  0.699999988       2171640.25    
  0.709999979       2292248.75    
  0.719999969      -2648797.00    
  0.729999959      -2153300.00    
  0.740000010       2978544.00    
  0.750000000       2068583.75    
  0.759999990      -3143548.50    
  0.769999981      -2087155.00    
  0.779999971       3124977.00    
  0.789999962       2215017.25    
  0.799999952      -2916826.50    
  0.810000002      -2421330.00    
  0.819999993       2519714.25    
  0.829999983       2640324.00    
  0.839999974      -1933022.75    
  0.849999964      -2782716.50    
  0.859999955       1172615.62    
  0.870000005       2765589.00    
  0.879999995      -308233.500    
  0.889999986      -2536980.75    
  0.899999976      -515780.125    
  0.909999967       2078144.75    
  0.919999957       1111710.88    
  0.930000007      -1403755.88    
  0.939999998      -1332749.25    
  0.949999988       581666.125    
  0.959999979       1163016.12    
  0.969999969       245402.312    
  0.979999959      -747579.938    
  0.989999950      -877837.750    
   1.00000000       332571.812    
