   9.99999978E-03  0.932899952    
   1.99999996E-02  0.932899952    
   2.99999993E-02  0.919693649    
   3.99999991E-02  0.919693649    
   4.99999970E-02  0.900566161    
   5.99999987E-02  0.900566161    
   7.00000003E-02  0.875423193    
   7.99999982E-02  0.875423193    
   8.99999961E-02  0.844222724    
   9.99999940E-02  0.844222724    
  0.109999999      0.807035446    
  0.119999997      0.807035446    
  0.129999995      0.764103532    
  0.140000001      0.764103532    
  0.149999991      0.715884805    
  0.159999996      0.715884805    
  0.170000002      0.663077474    
  0.179999992      0.663077474    
  0.189999998      0.606618762    
  0.199999988      0.606618762    
  0.209999993      0.547656834    
  0.219999999      0.547656834    
  0.229999989      0.487496585    
  0.239999995      0.487496585    
  0.250000000      0.427526027    
  0.259999990      0.427526027    
  0.269999981      0.369131744    
  0.280000001      0.369131744    
  0.289999992      0.313614160    
  0.299999982      0.313614160    
  0.310000002      0.262112558    
  0.319999993      0.262112558    
  0.329999983      0.215549842    
  0.340000004      0.215549842    
  0.349999994      0.174602732    
  0.359999985      0.174602732    
  0.370000005      0.139700234    
  0.379999995      0.139700234    
  0.389999986      0.111048363    
  0.399999976      0.111048363    
  0.409999996       8.86762291E-02
  0.419999987       8.86762291E-02
  0.429999977       7.24952966E-02
  0.439999998       7.24952966E-02
  0.449999988       6.23624288E-02
  0.459999979       6.23624288E-02
  0.469999999       5.81371412E-02
  0.479999989       5.81371412E-02
  0.489999980       5.97248152E-02
  0.500000000       5.97248152E-02
  0.509999990       6.70999363E-02
  0.519999981       6.70999363E-02
  0.529999971       8.03062245E-02
  0.539999962       8.03062245E-02
  0.550000012       9.94337946E-02
  0.560000002       9.94337946E-02
  0.569999993      0.124576762    
  0.579999983      0.124576762    
  0.589999974      0.155777365    
  0.599999964      0.155777365    
  0.610000014      0.192964613    
  0.620000005      0.192964613    
  0.629999995      0.235896528    
  0.639999986      0.235896528    
  0.649999976      0.284115285    
  0.659999967      0.284115285    
  0.669999957      0.336922705    
  0.680000007      0.336922705    
  0.689999998      0.393381447    
  0.699999988      0.393381447    
  0.709999979      0.452343404    
  0.719999969      0.452343404    
  0.729999959      0.512503624    
  0.740000010      0.512503624    
  0.750000000      0.572474241    
  0.759999990      0.572474241    
  0.769999981      0.630868495    
  0.779999971      0.630868495    
  0.789999962      0.686386049    
  0.799999952      0.686386049    
  0.810000002      0.737887621    
  0.819999993      0.737887621    
  0.829999983      0.784450412    
  0.839999974      0.784450412    
  0.849999964      0.825397491    
  0.859999955      0.825397491    
  0.870000005      0.860300004    
  0.879999995      0.860300004    
  0.889999986      0.888951838    
  0.899999976      0.888951838    
  0.909999967      0.911323905    
  0.919999957      0.911323905    
  0.930000007      0.927504718    
  0.939999998      0.927504718    
  0.949999988      0.937637568    
  0.959999979      0.937637568    
  0.969999969      0.941862822    
  0.979999959      0.941862822    
  0.989999950      0.940275133    
   1.00000000      0.940275133    
