   9.99999978E-03  0.749747455    
   1.99999996E-02  0.688148618    
   2.99999993E-02  0.688148618    
   3.99999991E-02  0.620598555    
   4.99999970E-02  0.620598555    
   5.99999987E-02  0.548951864    
   7.00000003E-02  0.548951864    
   7.99999982E-02  0.475468189    
   8.99999961E-02  0.475468189    
   9.99999940E-02  0.402607083    
  0.109999999      0.402607083    
  0.119999997      0.332787901    
  0.129999995      0.332787901    
  0.140000001      0.268153399    
  0.149999991      0.268153399    
  0.159999996      0.210376248    
  0.170000002      0.210376248    
  0.179999992      0.160539627    
  0.189999998      0.160539627    
  0.199999988      0.119106337    
  0.209999993      0.119106337    
  0.219999999       8.59760493E-02
  0.229999989       8.59760493E-02
  0.239999995       6.06123991E-02
  0.250000000       6.06123991E-02
  0.259999990       4.22130823E-02
  0.269999981       4.22130823E-02
  0.280000001       2.98926849E-02
  0.289999992       2.98926849E-02
  0.299999982       2.28509810E-02
  0.310000002       2.28509810E-02
  0.319999993       2.05066055E-02
  0.329999983       2.05066055E-02
  0.340000004       2.25841235E-02
  0.349999994       2.25841235E-02
  0.359999985       2.91494299E-02
  0.370000005       2.91494299E-02
  0.379999995       4.05934565E-02
  0.389999986       4.05934565E-02
  0.399999976       5.75669706E-02
  0.409999996       5.75669706E-02
  0.419999987       8.08719322E-02
  0.429999977       8.08719322E-02
  0.439999998      0.111317940    
  0.449999988      0.111317940    
  0.459999979      0.149557114    
  0.469999999      0.149557114    
  0.479999989      0.195916608    
  0.489999980      0.195916608    
  0.500000000      0.250252604    
  0.509999990      0.250252604    
  0.519999981      0.311851501    
  0.529999971      0.311851501    
  0.539999962      0.379401684    
  0.550000012      0.379401684    
  0.560000002      0.451048315    
  0.569999993      0.451048315    
  0.579999983      0.524531960    
  0.589999974      0.524531960    
  0.599999964      0.597393095    
  0.610000014      0.597393095    
  0.620000005      0.667212367    
  0.629999995      0.667212367    
  0.639999986      0.731846869    
  0.649999976      0.731846869    
  0.659999967      0.789623976    
  0.669999957      0.789623976    
  0.680000007      0.839460552    
  0.689999998      0.839460552    
  0.699999988      0.880893886    
  0.709999979      0.880893886    
  0.719999969      0.914024115    
  0.729999959      0.914024115    
  0.740000010      0.939387679    
  0.750000000      0.939387679    
  0.759999990      0.957786858    
  0.769999981      0.957786858    
  0.779999971      0.970107257    
  0.789999962      0.970107257    
  0.799999952      0.977149010    
  0.810000002      0.977149010    
  0.819999993      0.979493380    
  0.829999983      0.979493380    
  0.839999974      0.977415860    
  0.849999964      0.977415860    
  0.859999955      0.970850527    
  0.870000005      0.970850527    
  0.879999995      0.959406495    
  0.889999986      0.959406495    
  0.899999976      0.942432940    
  0.909999967      0.942432940    
  0.919999957      0.919127941    
  0.930000007      0.919127941    
  0.939999998      0.888682008    
  0.949999988      0.888682008    
  0.959999979      0.850442767    
  0.969999969      0.850442767    
  0.979999959      0.804083407    
  0.989999950      0.804083407    
   1.00000000      0.749747455    
