   9.99999978E-03  0.739960551    
   1.99999996E-02  0.739960551    
   2.99999993E-02  0.678035855    
   3.99999991E-02  0.678035855    
   4.99999970E-02  0.610545695    
   5.99999987E-02  0.610545695    
   7.00000003E-02  0.539350748    
   7.99999982E-02  0.539350748    
   8.99999961E-02  0.466672927    
   9.99999940E-02  0.466672927    
  0.109999999      0.394895762    
  0.119999997      0.394895762    
  0.129999995      0.326335996    
  0.140000001      0.326335996    
  0.149999991      0.263024122    
  0.159999996      0.263024122    
  0.170000002      0.206528425    
  0.179999992      0.206528425    
  0.189999998      0.157849923    
  0.199999988      0.157849923    
  0.209999993      0.117401727    
  0.219999999      0.117401727    
  0.229999989       8.50690082E-02
  0.239999995       8.50690082E-02
  0.250000000       6.03333302E-02
  0.259999990       6.03333302E-02
  0.269999981       4.24355082E-02
  0.280000001       4.24355082E-02
  0.289999992       3.05489283E-02
  0.299999982       3.05489283E-02
  0.310000002       2.39379294E-02
  0.319999993       2.39379294E-02
  0.329999983       2.20825206E-02
  0.340000004       2.20825206E-02
  0.349999994       2.47577149E-02
  0.359999985       2.47577149E-02
  0.370000005       3.20626236E-02
  0.379999995       3.20626236E-02
  0.389999986       4.43990044E-02
  0.399999976       4.43990044E-02
  0.409999996       6.24024384E-02
  0.419999987       6.24024384E-02
  0.429999977       8.68320763E-02
  0.439999998       8.68320763E-02
  0.449999988      0.118428685    
  0.459999979      0.118428685    
  0.469999999      0.157755181    
  0.479999989      0.157755181    
  0.489999980      0.205038995    
  0.500000000      0.205038995    
  0.509999990      0.260039479    
  0.519999981      0.260039479    
  0.529999971      0.321964264    
  0.539999962      0.321964264    
  0.550000012      0.389454484    
  0.560000002      0.389454484    
  0.569999993      0.460649431    
  0.579999983      0.460649431    
  0.589999974      0.533327222    
  0.599999964      0.533327222    
  0.610000014      0.605104446    
  0.620000005      0.605104446    
  0.629999995      0.673664331    
  0.639999986      0.673664331    
  0.649999976      0.736976147    
  0.659999967      0.736976147    
  0.669999957      0.793471813    
  0.680000007      0.793471813    
  0.689999998      0.842150331    
  0.699999988      0.842150331    
  0.709999979      0.882598460    
  0.719999969      0.882598460    
  0.729999959      0.914931178    
  0.740000010      0.914931178    
  0.750000000      0.939666748    
  0.759999990      0.939666748    
  0.769999981      0.957564473    
  0.779999971      0.957564473    
  0.789999962      0.969451070    
  0.799999952      0.969451070    
  0.810000002      0.976062000    
  0.819999993      0.976062000    
  0.829999983      0.977917433    
  0.839999974      0.977917433    
  0.849999964      0.975242257    
  0.859999955      0.975242257    
  0.870000005      0.967937350    
  0.879999995      0.967937350    
  0.889999986      0.955600977    
  0.899999976      0.955600977    
  0.909999967      0.937597513    
  0.919999957      0.937597513    
  0.930000007      0.913167834    
  0.939999998      0.913167834    
  0.949999988      0.881571233    
  0.959999979      0.881571233    
  0.969999969      0.842244804    
  0.979999959      0.842244804    
  0.989999950      0.794960976    
   1.00000000      0.794960976    
