   9.99999978E-03   1.47314090E-03
   1.99999996E-02  -5.40710113E-04
   2.99999993E-02   3.26928333E-03
   3.99999991E-02  -1.11783128E-02
   4.99999970E-02   3.43194455E-02
   5.99999987E-02  -9.17294025E-02
   7.00000003E-02  0.209834442    
   7.99999982E-02 -0.398088098    
   8.99999961E-02  0.587113619    
   9.99999940E-02 -0.556725085    
  0.109999999      -1.48862898E-02
  0.119999997       1.19312453    
  0.129999995      -2.21116018    
  0.140000001       1.48131776    
  0.149999991       1.74931610    
  0.159999996      -4.92796659    
  0.170000002       3.02987695    
  0.179999992       4.57471275    
  0.189999998      -8.75759792    
  0.199999988      0.274318695    
  0.209999993       11.9081345    
  0.219999999      -6.81364632    
  0.229999989      -12.1524029    
  0.239999995       12.1692410    
  0.250000000       11.4655056    
  0.259999990      -14.9392452    
  0.269999981      -11.8571405    
  0.280000001       14.5476103    
  0.289999992       13.8438702    
  0.299999982      -10.4777737    
  0.310000002      -15.8165283    
  0.319999993       2.90525150    
  0.329999983       14.5390644    
  0.340000004       5.50715017    
  0.349999994      -7.82516003    
  0.359999985      -9.36999702    
  0.370000005      -1.41215205    
  0.379999995       5.26513147    
  0.389999986       5.53312969    
  0.399999976       1.84065127    
  0.409999996      -1.56363344    
  0.419999987      -2.77164364    
  0.429999977      -2.22980404    
  0.439999998      -1.08596444    
  0.449999988     -0.100763381    
  0.459999979      0.507158399    
  0.469999999      0.808722496    
  0.479999989      0.934771419    
  0.489999980      0.980269670    
  0.500000000      0.994716346    
  0.509999990      0.998527050    
  0.519999981       1.00054061    
  0.529999971      0.996730566    
  0.539999962       1.01117849    
  0.550000012      0.965680599    
  0.560000002       1.09172916    
  0.569999993      0.790165901    
  0.579999983       1.39808798    
  0.589999974      0.412886024    
  0.599999964       1.55672467    
  0.610000014       1.01488650    
  0.620000005     -0.193123370    
  0.629999995       3.21115875    
  0.639999986     -0.481318951    
  0.649999976     -0.749313116    
  0.659999967       5.92796612    
  0.669999957      -2.02988052    
  0.680000007      -3.57471037    
  0.689999998       9.75759983    
  0.699999988      0.725680828    
  0.709999979      -10.9081326    
  0.719999969       7.81364536    
  0.729999959       13.1524010    
  0.740000010      -11.1692410    
  0.750000000      -10.4655056    
  0.759999990       15.9392471    
  0.769999981       12.8571415    
  0.779999971      -13.5476103    
  0.789999962      -12.8438711    
  0.799999952       11.4777756    
  0.810000002       16.8165264    
  0.819999993      -1.90525198    
  0.829999983      -13.5390644    
  0.839999974      -4.50714970    
  0.849999964       8.82515812    
  0.859999955       10.3699951    
  0.870000005       2.41215277    
  0.879999995      -4.26512957    
  0.889999986      -4.53312922    
  0.899999976     -0.840652108    
  0.909999967       2.56363225    
  0.919999957       3.77164316    
  0.930000007       3.22980404    
  0.939999998       2.08596539    
  0.949999988       1.10076356    
  0.959999979      0.492841125    
  0.969999969      0.191277325    
  0.979999959       6.52284846E-02
  0.989999950       1.97307281E-02
   1.00000000       5.28313406E-03
