   9.99999978E-03   36715.9414    
   1.99999996E-02   12145.1816    
   2.99999993E-02  -27625.9727    
   3.99999991E-02   1492.30078    
   4.99999970E-02   9815.32520    
   5.99999987E-02  -26262.5684    
   7.00000003E-02   12260.2383    
   7.99999982E-02   42919.8906    
   8.99999961E-02  -36567.8828    
   9.99999940E-02  -38355.4609    
  0.109999999       61483.2070    
  0.119999997       12731.4258    
  0.129999995      -82486.1875    
  0.140000001       24764.1328    
  0.149999991       93045.1406    
  0.159999996      -64739.8477    
  0.170000002      -89735.0938    
  0.179999992       101840.938    
  0.189999998       75545.0625    
  0.199999988      -133171.547    
  0.209999993      -57321.8789    
  0.219999999       156702.609    
  0.229999989       41272.5859    
  0.239999995      -171869.953    
  0.250000000      -31507.0117    
  0.259999990       179570.359    
  0.269999981       30749.3047    
  0.280000001      -180328.031    
  0.289999992      -39965.0898    
  0.299999982       173177.406    
  0.310000002       57747.4219    
  0.319999993      -156276.984    
  0.329999983      -80427.3281    
  0.340000004       128289.195    
  0.349999994       101993.297    
  0.359999985      -89582.6797    
  0.370000005      -114577.906    
  0.379999995       43207.0781    
  0.389999986       111488.062    
  0.399999976       4237.74609    
  0.409999996      -90979.8516    
  0.419999987      -42228.0547    
  0.429999977       57610.6250    
  0.439999998       59398.2031    
  0.449999988      -20089.5664    
  0.459999979      -50749.2266    
  0.469999999      -12226.4297    
  0.479999989       23851.4785    
  0.489999980       32174.5117    
  0.500000000       3056.21973    
  0.509999990      -36714.9414    
  0.519999981      -12144.1797    
  0.529999971       27626.9727    
  0.539999962      -1491.30469    
  0.550000012      -9814.31836    
  0.560000002       26263.5684    
  0.569999993      -12259.2520    
  0.579999983      -42918.8945    
  0.589999974       36568.9062    
  0.599999964       38356.4688    
  0.610000014      -61482.2461    
  0.620000005      -12730.4160    
  0.629999995       82487.2031    
  0.639999986      -24763.1289    
  0.649999976      -93044.1562    
  0.659999967       64740.8594    
  0.669999957       89736.1016    
  0.680000007      -101839.953    
  0.689999998      -75544.0391    
  0.699999988       133172.562    
  0.709999979       57322.8516    
  0.719999969      -156701.641    
  0.729999959      -41271.5664    
  0.740000010       171870.969    
  0.750000000       31507.9609    
  0.759999990      -179569.359    
  0.769999981      -30748.3047    
  0.779999971       180329.016    
  0.789999962       39966.0938    
  0.799999952      -173176.406    
  0.810000002      -57746.4219    
  0.819999993       156278.031    
  0.829999983       80428.3438    
  0.839999974      -128288.203    
  0.849999964      -101992.336    
  0.859999955       89583.6719    
  0.870000005       114578.922    
  0.879999995      -43206.0625    
  0.889999986      -111487.078    
  0.899999976      -4236.74219    
  0.909999967       90980.8594    
  0.919999957       42229.0469    
  0.930000007      -57609.6289    
  0.939999998      -59397.2070    
  0.949999988       20090.5742    
  0.959999979       50750.2266    
  0.969999969       12227.4199    
  0.979999959      -23850.4785    
  0.989999950      -32173.5117    
   1.00000000      -3055.22559    
