   9.99999978E-03   2.35076174E-02
   1.99999996E-02   2.35076174E-02
   2.99999993E-02   1.04484065E-02
   3.99999991E-02   1.04484065E-02
   4.99999970E-02   4.14838176E-03
   5.99999987E-02   4.14838176E-03
   7.00000003E-02   1.45803893E-03
   7.99999982E-02   1.45803893E-03
   8.99999961E-02   4.56651615E-04
   9.99999940E-02   4.56651615E-04
  0.109999999       1.56881564E-04
  0.119999997       1.56881564E-04
  0.129999995       1.55361588E-04
  0.140000001       1.55361588E-04
  0.149999991       3.91595677E-04
  0.159999996       3.91595677E-04
  0.170000002       1.06506748E-03
  0.179999992       1.06506748E-03
  0.189999998       2.70173792E-03
  0.199999988       2.70173792E-03
  0.209999993       6.34004129E-03
  0.219999999       6.34004129E-03
  0.229999989       1.37821548E-02
  0.239999995       1.37821548E-02
  0.250000000       2.78035346E-02
  0.259999990       2.78035346E-02
  0.269999981       5.21462038E-02
  0.280000001       5.21462038E-02
  0.289999992       9.10944790E-02
  0.299999982       9.10944790E-02
  0.310000002      0.148518220    
  0.319999993      0.148518220    
  0.329999983      0.226501077    
  0.340000004      0.226501077    
  0.349999994      0.323979706    
  0.359999985      0.323979706    
  0.370000005      0.436024070    
  0.379999995      0.436024070    
  0.389999986      0.554293156    
  0.399999976      0.554293156    
  0.409999996      0.668747067    
  0.419999987      0.668747067    
  0.429999977      0.770086467    
  0.439999998      0.770086467    
  0.449999988      0.851976871    
  0.459999979      0.851976871    
  0.469999999      0.912190378    
  0.479999989      0.912190378    
  0.489999980      0.952332735    
  0.500000000      0.952332735    
  0.509999990      0.976492405    
  0.519999981      0.976492405    
  0.529999971      0.989551663    
  0.539999962      0.989551663    
  0.550000012      0.995851636    
  0.560000002      0.995851636    
  0.569999993      0.998541951    
  0.579999983      0.998541951    
  0.589999974      0.999543309    
  0.599999964      0.999543309    
  0.610000014      0.999843061    
  0.620000005      0.999843061    
  0.629999995      0.999844551    
  0.639999986      0.999844551    
  0.649999976      0.999608397    
  0.659999967      0.999608397    
  0.669999957      0.998934984    
  0.680000007      0.998934984    
  0.689999998      0.997298360    
  0.699999988      0.997298360    
  0.709999979      0.993660092    
  0.719999969      0.993660092    
  0.729999959      0.986217856    
  0.740000010      0.986217856    
  0.750000000      0.972196460    
  0.759999990      0.972196460    
  0.769999981      0.947853744    
  0.779999971      0.947853744    
  0.789999962      0.908905447    
  0.799999952      0.908905447    
  0.810000002      0.851481795    
  0.819999993      0.851481795    
  0.829999983      0.773498952    
  0.839999974      0.773498952    
  0.849999964      0.676020384    
  0.859999955      0.676020384    
  0.870000005      0.563975930    
  0.879999995      0.563975930    
  0.889999986      0.445706964    
  0.899999976      0.445706964    
  0.909999967      0.331253082    
  0.919999957      0.331253082    
  0.930000007      0.229913667    
  0.939999998      0.229913667    
  0.949999988      0.148023248    
  0.959999979      0.148023248    
  0.969999969       8.78097117E-02
  0.979999959       8.78097117E-02
  0.989999950       4.76673543E-02
   1.00000000       4.76673543E-02
