   9.99999978E-03  0.936182857    
   1.99999996E-02  0.923745751    
   2.99999993E-02  0.923745751    
   3.99999991E-02  0.905403435    
   4.99999970E-02  0.905403435    
   5.99999987E-02  0.881039083    
   7.00000003E-02  0.881039083    
   7.99999982E-02  0.850578129    
   8.99999961E-02  0.850578129    
   9.99999940E-02  0.814052701    
  0.109999999      0.814052701    
  0.119999997      0.771663666    
  0.129999995      0.771663666    
  0.140000001      0.723830700    
  0.149999991      0.723830700    
  0.159999996      0.671221077    
  0.170000002      0.671221077    
  0.179999992      0.614753187    
  0.189999998      0.614753187    
  0.199999988      0.555570424    
  0.209999993      0.555570424    
  0.219999999      0.494988531    
  0.229999989      0.494988531    
  0.239999995      0.434420258    
  0.250000000      0.434420258    
  0.259999990      0.375288308    
  0.269999981      0.375288308    
  0.280000001      0.318935663    
  0.289999992      0.318935663    
  0.299999982      0.266545802    
  0.310000002      0.266545802    
  0.319999993      0.219081819    
  0.329999983      0.219081819    
  0.340000004      0.177252874    
  0.349999994      0.177252874    
  0.359999985      0.141508996    
  0.370000005      0.141508996    
  0.379999995      0.112065166    
  0.389999986      0.112065166    
  0.399999976       8.89477879E-02
  0.409999996       8.89477879E-02
  0.419999987       7.20563903E-02
  0.429999977       7.20563903E-02
  0.439999998       6.12301640E-02
  0.449999988       6.12301640E-02
  0.459999979       5.63094579E-02
  0.469999999       5.63094579E-02
  0.479999989       5.71833998E-02
  0.489999980       5.71833998E-02
  0.500000000       6.38169944E-02
  0.509999990       6.38169944E-02
  0.519999981       7.62541741E-02
  0.529999971       7.62541741E-02
  0.539999962       9.45965201E-02
  0.550000012       9.45965201E-02
  0.560000002      0.118960895    
  0.569999993      0.118960895    
  0.579999983      0.149421901    
  0.589999974      0.149421901    
  0.599999964      0.185947359    
  0.610000014      0.185947359    
  0.620000005      0.228336379    
  0.629999995      0.228336379    
  0.639999986      0.276169419    
  0.649999976      0.276169419    
  0.659999967      0.328779101    
  0.669999957      0.328779101    
  0.680000007      0.385247052    
  0.689999998      0.385247052    
  0.699999988      0.444429755    
  0.709999979      0.444429755    
  0.719999969      0.505011678    
  0.729999959      0.505011678    
  0.740000010      0.565579951    
  0.750000000      0.565579951    
  0.759999990      0.624711931    
  0.769999981      0.624711931    
  0.779999971      0.681064546    
  0.789999962      0.681064546    
  0.799999952      0.733454466    
  0.810000002      0.733454466    
  0.819999993      0.780918360    
  0.829999983      0.780918360    
  0.839999974      0.822747350    
  0.849999964      0.822747350    
  0.859999955      0.858491182    
  0.870000005      0.858491182    
  0.879999995      0.887934983    
  0.889999986      0.887934983    
  0.899999976      0.911052346    
  0.909999967      0.911052346    
  0.919999957      0.927943587    
  0.930000007      0.927943587    
  0.939999998      0.938769817    
  0.949999988      0.938769817    
  0.959999979      0.943690479    
  0.969999969      0.943690479    
  0.979999959      0.942816556    
  0.989999950      0.942816556    
   1.00000000      0.936182857    
