   9.99999978E-03   2202.30078    
   1.99999996E-02  -2788.43896    
   2.99999993E-02  -1435.76611    
   3.99999991E-02   1527.94116    
   4.99999970E-02  -1902.37769    
   5.99999987E-02   113.508301    
   7.00000003E-02   4753.68213    
   7.99999982E-02  -2690.01050    
   8.99999961E-02  -4672.96973    
   9.99999940E-02   6217.57227    
  0.109999999       1435.34692    
  0.119999997      -9363.12891    
  0.129999995       3744.75781    
  0.140000001       10373.4629    
  0.149999991      -9569.66016    
  0.159999996      -8611.70801    
  0.170000002       15042.8164    
  0.179999992       4868.68994    
  0.189999998      -19321.3164    
  0.199999988      -354.039062    
  0.209999993       22081.7227    
  0.219999999      -3901.09375    
  0.229999989      -23650.7695    
  0.239999995       7047.86230    
  0.250000000       24561.4023    
  0.259999990      -8467.39258    
  0.269999981      -25132.7520    
  0.280000001       7896.03906    
  0.289999992       25409.5781    
  0.299999982      -5289.04590    
  0.310000002      -25038.7148    
  0.319999993       944.101562    
  0.329999983       23379.8496    
  0.340000004       4412.57129    
  0.349999994      -19777.4277    
  0.359999985      -9603.30078    
  0.370000005       14051.2188    
  0.379999995       13093.2656    
  0.389999986      -6849.85645    
  0.399999976      -13478.5625    
  0.409999996      -370.676758    
  0.419999987       10427.7988    
  0.429999977       5645.57275    
  0.439999998      -5244.96924    
  0.449999988      -7227.92920    
  0.459999979       215.762451    
  0.469999999       4855.93799    
  0.479999989       2840.05371    
  0.489999980      -590.266602    
  0.500000000      -3553.97412    
  0.509999990      -2201.29980    
  0.519999981       2789.43896    
  0.529999971       1436.76599    
  0.539999962      -1526.93994    
  0.550000012       1903.37720    
  0.560000002      -112.510376    
  0.569999993      -4752.68115    
  0.579999983       2691.01270    
  0.589999974       4673.96875    
  0.599999964      -6216.57520    
  0.610000014      -1434.34619    
  0.620000005       9364.13184    
  0.629999995      -3743.75977    
  0.639999986      -10372.4668    
  0.649999976       9570.66309    
  0.659999967       8612.70703    
  0.669999957      -15041.8164    
  0.680000007      -4867.68896    
  0.689999998       19322.3164    
  0.699999988       355.031738    
  0.709999979      -22080.7246    
  0.719999969       3902.09961    
  0.729999959       23651.7695    
  0.740000010      -7046.86035    
  0.750000000      -24560.4004    
  0.759999990       8468.39258    
  0.769999981       25133.7520    
  0.779999971      -7895.03906    
  0.789999962      -25408.5762    
  0.799999952       5290.04297    
  0.810000002       25039.7148    
  0.819999993      -943.100586    
  0.829999983      -23378.8535    
  0.839999974      -4411.57373    
  0.849999964       19778.4297    
  0.859999955       9604.30469    
  0.870000005      -14050.2207    
  0.879999995      -13092.2676    
  0.889999986       6850.85889    
  0.899999976       13479.5664    
  0.909999967       371.674805    
  0.919999957      -10426.8027    
  0.930000007      -5644.57324    
  0.939999998       5245.97021    
  0.949999988       7228.93018    
  0.959999979      -214.762207    
  0.969999969      -4854.93799    
  0.979999959      -2839.05396    
  0.989999950       591.265381    
   1.00000000       3554.97363    
