   9.99999978E-03  -25299.0742    
   1.99999996E-02   52217.0195    
   2.99999993E-02   19196.3359    
   3.99999991E-02  -33402.2344    
   4.99999970E-02   17789.8086    
   5.99999987E-02   7249.45410    
   7.00000003E-02  -59849.7969    
   7.99999982E-02   25012.9727    
   8.99999961E-02   79817.7500    
   9.99999940E-02  -64238.8438    
  0.109999999      -65935.2500    
  0.119999997       107385.953    
  0.129999995       24357.8828    
  0.140000001      -144839.156    
  0.149999991       31237.9141    
  0.159999996       165957.906    
  0.170000002      -89971.8594    
  0.179999992      -167460.609    
  0.189999998       145440.438    
  0.199999988       155342.156    
  0.209999993      -192582.031    
  0.219999999      -139093.906    
  0.229999989       227196.656    
  0.239999995       126256.781    
  0.250000000      -247593.219    
  0.259999990      -121687.188    
  0.269999981       253961.500    
  0.280000001       128055.492    
  0.289999992      -245794.391    
  0.299999982      -144854.531    
  0.310000002       221435.922    
  0.319999993       167947.812    
  0.329999983      -179976.234    
  0.340000004      -189877.922    
  0.349999994       123023.016    
  0.359999985       200511.703    
  0.370000005      -55418.0469    
  0.379999995      -190138.000    
  0.389999986      -14060.9375    
  0.399999976       155136.094    
  0.409999996       72108.0156    
  0.419999987      -101213.188    
  0.429999977      -102909.570    
  0.439999998       41147.0234    
  0.449999988       95951.8203    
  0.459999979       11089.0566    
  0.469999999      -56010.2109    
  0.479999989      -45469.8789    
  0.489999980       5722.18750    
  0.500000000       58320.7773    
  0.509999990       25300.0703    
  0.519999981      -52216.0195    
  0.529999971      -19195.3262    
  0.539999962       33403.2305    
  0.550000012      -17788.8125    
  0.560000002      -7248.44141    
  0.569999993       59850.8086    
  0.579999983      -25011.9961    
  0.589999974      -79816.7656    
  0.599999964       64239.8984    
  0.610000014       65936.2578    
  0.620000005      -107384.992    
  0.629999995      -24356.8984    
  0.639999986       144840.188    
  0.649999976      -31236.9219    
  0.659999967      -165956.953    
  0.669999957       89972.9141    
  0.680000007       167461.625    
  0.689999998      -145439.438    
  0.699999988      -155341.125    
  0.709999979       192583.078    
  0.719999969       139094.875    
  0.729999959      -227195.688    
  0.740000010      -126255.711    
  0.750000000       247594.203    
  0.759999990       121688.141    
  0.769999981      -253960.531    
  0.779999971      -128054.508    
  0.789999962       245795.391    
  0.799999952       144855.547    
  0.810000002      -221434.953    
  0.819999993      -167946.812    
  0.829999983       179977.250    
  0.839999974       189878.969    
  0.849999964      -123022.008    
  0.859999955      -200510.750    
  0.870000005       55419.0234    
  0.879999995       190139.031    
  0.889999986       14061.9453    
  0.899999976      -155135.094    
  0.909999967      -72107.0078    
  0.919999957       101214.203    
  0.930000007       102910.578    
  0.939999998      -41146.0312    
  0.949999988      -95950.8281    
  0.959999979      -11088.0430    
  0.969999969       56011.2109    
  0.979999959       45470.8672    
  0.989999950      -5721.18555    
   1.00000000      -58319.7773    
