   9.99999978E-03  0.774335802    
   1.99999996E-02  0.716738820    
   2.99999993E-02  0.716738820    
   3.99999991E-02  0.652727067    
   4.99999970E-02  0.652727067    
   5.99999987E-02  0.583847582    
   7.00000003E-02  0.583847582    
   7.99999982E-02  0.512096524    
   8.99999961E-02  0.512096524    
   9.99999940E-02  0.439756483    
  0.109999999      0.439756483    
  0.119999997      0.369185865    
  0.129999995      0.369185865    
  0.140000001      0.302594036    
  0.149999991      0.302594036    
  0.159999996      0.241838232    
  0.170000002      0.241838232    
  0.179999992      0.188273981    
  0.189999998      0.188273981    
  0.199999988      0.142681852    
  0.209999993      0.142681852    
  0.219999999      0.105276957    
  0.229999989      0.105276957    
  0.239999995       7.57931322E-02
  0.250000000       7.57931322E-02
  0.259999990       5.36216460E-02
  0.269999981       5.36216460E-02
  0.280000001       3.79780382E-02
  0.289999992       3.79780382E-02
  0.299999982       2.80698035E-02
  0.310000002       2.80698035E-02
  0.319999993       2.32421495E-02
  0.329999983       2.32421495E-02
  0.340000004       2.30857190E-02
  0.349999994       2.30857190E-02
  0.359999985       2.74970569E-02
  0.370000005       2.74970569E-02
  0.379999995       3.66887674E-02
  0.389999986       3.66887674E-02
  0.399999976       5.11502922E-02
  0.409999996       5.11502922E-02
  0.419999987       7.15635568E-02
  0.429999977       7.15635568E-02
  0.439999998       9.86808017E-02
  0.449999988       9.86808017E-02
  0.459999979      0.133176118    
  0.469999999      0.133176118    
  0.479999989      0.175486609    
  0.489999980      0.175486609    
  0.500000000      0.225664169    
  0.509999990      0.225664169    
  0.519999981      0.283261269    
  0.529999971      0.283261269    
  0.539999962      0.347273111    
  0.550000012      0.347273111    
  0.560000002      0.416152596    
  0.569999993      0.416152596    
  0.579999983      0.487903595    
  0.589999974      0.487903595    
  0.599999964      0.560243666    
  0.610000014      0.560243666    
  0.620000005      0.630814433    
  0.629999995      0.630814433    
  0.639999986      0.697406292    
  0.649999976      0.697406292    
  0.659999967      0.758162022    
  0.669999957      0.758162022    
  0.680000007      0.811726272    
  0.689999998      0.811726272    
  0.699999988      0.857318401    
  0.709999979      0.857318401    
  0.719999969      0.894723237    
  0.729999959      0.894723237    
  0.740000010      0.924207032    
  0.750000000      0.924207032    
  0.759999990      0.946378410    
  0.769999981      0.946378410    
  0.779999971      0.962021947    
  0.789999962      0.962021947    
  0.799999952      0.971930146    
  0.810000002      0.971930146    
  0.819999993      0.976757824    
  0.829999983      0.976757824    
  0.839999974      0.976914227    
  0.849999964      0.976914227    
  0.859999955      0.972502947    
  0.870000005      0.972502947    
  0.879999995      0.963311195    
  0.889999986      0.963311195    
  0.899999976      0.948849678    
  0.909999967      0.948849678    
  0.919999957      0.928436399    
  0.930000007      0.928436399    
  0.939999998      0.901319087    
  0.949999988      0.901319087    
  0.959999979      0.866823792    
  0.969999969      0.866823792    
  0.979999959      0.824513376    
  0.989999950      0.824513376    
   1.00000000      0.774335802    
