   0.0000000000000000        2.0454190141298519E-002
   1.0101010101010102E-002   2.5365294088817589E-002
   2.0202020202020204E-002   1.4756704577514419E-002
   3.0303030303030304E-002  -9.5137042395555226E-003
   4.0404040404040407E-002  -3.6617046071258312E-002
   5.0505050505050511E-002  -5.1399889880770544E-002
   6.0606060606060615E-002  -4.2152163951931790E-002
   7.0707070707070718E-002  -7.4111003755920543E-003
   8.0808080808080815E-002   4.1865268841183703E-002
   9.0909090909090912E-002   8.6013496119473593E-002
  0.10101010101010101       0.10456611436981446     
  0.11111111111111110        8.4717681706397790E-002
  0.12121212121212120        2.6713183424464465E-002
  0.13131313131313130       -5.5836515292464188E-002
  0.14141414141414141      -0.14040226414609425     
  0.15151515151515152      -0.20261225116698423     
  0.16161616161616163      -0.22316906395116787     
  0.17171717171717174      -0.19237242899376356     
  0.18181818181818185      -0.11127790118071565     
  0.19191919191919196        1.0158361589460124E-002
  0.20202020202020207       0.15673622901828207     
  0.21212121212121218       0.31204131137415292     
  0.22222222222222229       0.46172795197027894     
  0.23232323232323240       0.59548112298029221     
  0.24242424242424251       0.70759704795631073     
  0.25252525252525260       0.79647193873846933     
  0.26262626262626271       0.86346448420343347     
  0.27272727272727282       0.91162624252448410     
  0.28282828282828293       0.94467775578191293     
  0.29292929292929304       0.96636923216008652     
  0.30303030303030315       0.98011651436978142     
  0.31313131313131326       0.98871757202224053     
  0.32323232323232337       0.99410090241891402     
  0.33333333333333348       0.99727696837773017     
  0.34343434343434359       0.99867667893978429     
  0.35353535353535370       0.99876091351495377     
  0.36363636363636381       0.99842910572197585     
  0.37373737373737392       0.99877387098636483     
  0.38383838383838403        1.0002682905950748     
  0.39393939393939414        1.0021241776361980     
  0.40404040404040426        1.0026457519223906     
  0.41414141414141437        1.0006427390070178     
  0.42424242424242448       0.99688789613618278     
  0.43434343434343459       0.99420556844717922     
  0.44444444444444470       0.99563792814779428     
  0.45454545454545481        1.0017558128734851     
  0.46464646464646492        1.0092479527802318     
  0.47474747474747503        1.0123681814852996     
  0.48484848484848514        1.0068090060009940     
  0.49494949494949525       0.99352093609408887     
  0.50505050505050531       0.97954580985870165     
  0.51515151515151536       0.97463470591118262     
  0.52525252525252542       0.98524329542248579     
  0.53535353535353547        1.0095137042395561     
  0.54545454545454553        1.0366170460712589     
  0.55555555555555558        1.0513998898807713     
  0.56565656565656564        1.0421521639519322     
  0.57575757575757569        1.0074111003755921     
  0.58585858585858575       0.95813473115881620     
  0.59595959595959580       0.91398650388052616     
  0.60606060606060586       0.89543388563018556     
  0.61616161616161591       0.91528231829360240     
  0.62626262626262597       0.97328681657553551     
  0.63636363636363602        1.0558365152924640     
  0.64646464646464608        1.1404022641460942     
  0.65656565656565613        1.2026122511669843     
  0.66666666666666619        1.2231690639511679     
  0.67676767676767624        1.1923724289937634     
  0.68686868686868630        1.1112779011807157     
  0.69696969696969635       0.98984163841053951     
  0.70707070707070641       0.84326377098171756     
  0.71717171717171646       0.68795868862584675     
  0.72727272727272652       0.53827204802972095     
  0.73737373737373657       0.40451887701970790     
  0.74747474747474663       0.29240295204368927     
  0.75757575757575668       0.20352806126153047     
  0.76767676767676674       0.13653551579656628     
  0.77777777777777679        8.8373757475515832E-002
  0.78787878787878685        5.5322244218087277E-002
  0.79797979797979690        3.3630767839913756E-002
  0.80808080808080696        1.9883485630218765E-002
  0.81818181818181701        1.1282427977759413E-002
  0.82828282828282707        5.8990975810861044E-003
  0.83838383838383712        2.7230316222702673E-003
  0.84848484848484718        1.3233210602164502E-003
  0.85858585858585723        1.2390864850466542E-003
  0.86868686868686729        1.5708942780242900E-003
  0.87878787878787734        1.2261290136349073E-003
  0.88888888888888740       -2.6829059507561446E-004
  0.89898989898989745       -2.1241776361984560E-003
  0.90909090909090751       -2.6457519223912172E-003
  0.91919191919191756       -6.4273900701801814E-004
  0.92929292929292762        3.1121038638172709E-003
  0.93939393939393767        5.7944315528210581E-003
  0.94949494949494773        4.3620718522058835E-003
  0.95959595959595778       -1.7558128734853438E-003
  0.96969696969696784       -9.2479527802323165E-003
  0.97979797979797789       -1.2368181485299818E-002
  0.98989898989898795       -6.8090060009940480E-003
  0.99999999999999800        6.4790639059113374E-003
