   0.0000000000000000        4.7315758358891611E-004
   1.0101010101010102E-002   7.0411325056525900E-004
   2.0202020202020204E-002   1.1045933845785210E-003
   3.0303030303030304E-002   1.7450364534734265E-003
   4.0404040404040407E-002   2.7282871247250387E-003
   5.0505050505050511E-002   4.1964161937218325E-003
   6.0606060606060615E-002   6.3380560342427786E-003
   7.0707070707070718E-002   9.3952779752040291E-003
   8.0808080808080815E-002   1.3668752269881771E-002
   9.0909090909090912E-002   1.9519697533494897E-002
  0.10101010101010101        2.7367016783483356E-002
  0.11111111111111110        3.7678107952296494E-002
  0.12121212121212120        5.0952192112564181E-002
  0.13131313131313130        6.7695655061446425E-002
  0.14141414141414141        8.8389829643035350E-002
  0.15151515151515152       0.11345277733494880     
  0.16161616161616163       0.14319781536490123     
  0.17171717171717174       0.17779258834461953     
  0.18181818181818185       0.21722318999794174     
  0.19191919191919196       0.26126801106776448     
  0.20202020202020207       0.30948549942463982     
  0.21212121212121218       0.36121884631771062     
  0.22222222222222229       0.41561886058002034     
  0.23232323232323240       0.47168418140259660     
  0.24242424242424251       0.52831581859740340     
  0.25252525252525260       0.58438113941997971     
  0.26262626262626271       0.63878115368228938     
  0.27272727272727282       0.69051450057536012     
  0.28282828282828293       0.73873198893223535     
  0.29292929292929304       0.78277681000205812     
  0.30303030303030315       0.82220741165538036     
  0.31313131313131326       0.85680218463509872     
  0.32323232323232337       0.88654722266505115     
  0.33333333333333348       0.91161017035696457     
  0.34343434343434359       0.93230434493855352     
  0.35353535353535370       0.94904780788743581     
  0.36363636363636381       0.96232189204770346     
  0.37373737373737392       0.97263298321651659     
  0.38383838383838403       0.98048030246650519     
  0.39393939393939414       0.98633124773011827     
  0.40404040404040426       0.99060472202479599     
  0.41414141414141437       0.99366194396575702     
  0.42424242424242448       0.99580358380627798     
  0.43434343434343459       0.99727171287527483     
  0.44444444444444470       0.99825496354652632     
  0.45454545454545481       0.99889540661542120     
  0.46464646464646492       0.99929588674943448     
  0.47474747474747503       0.99952684241641077     
  0.48484848484848514       0.99963191802772622     
  0.49494949494949525       0.99963191802772622     
  0.50505050505050531       0.99952684241641077     
  0.51515151515151536       0.99929588674943448     
  0.52525252525252542       0.99889540661542120     
  0.53535353535353547       0.99825496354652632     
  0.54545454545454553       0.99727171287527483     
  0.55555555555555558       0.99580358380627798     
  0.56565656565656564       0.99366194396575702     
  0.57575757575757569       0.99060472202479599     
  0.58585858585858575       0.98633124773011827     
  0.59595959595959580       0.98048030246650519     
  0.60606060606060586       0.97263298321651659     
  0.61616161616161591       0.96232189204770346     
  0.62626262626262597       0.94904780788743581     
  0.63636363636363602       0.93230434493855352     
  0.64646464646464608       0.91161017035696457     
  0.65656565656565613       0.88654722266505115     
  0.66666666666666619       0.85680218463509872     
  0.67676767676767624       0.82220741165538036     
  0.68686868686868630       0.78277681000205812     
  0.69696969696969635       0.73873198893223535     
  0.70707070707070641       0.69051450057536012     
  0.71717171717171646       0.63878115368228938     
  0.72727272727272652       0.58438113941997971     
  0.73737373737373657       0.52831581859740340     
  0.74747474747474663       0.47168418140259660     
  0.75757575757575668       0.41561886058002034     
  0.76767676767676674       0.36121884631771062     
  0.77777777777777679       0.30948549942463982     
  0.78787878787878685       0.26126801106776448     
  0.79797979797979690       0.21722318999794174     
  0.80808080808080696       0.17779258834461953     
  0.81818181818181701       0.14319781536490123     
  0.82828282828282707       0.11345277733494880     
  0.83838383838383712        8.8389829643035350E-002
  0.84848484848484718        6.7695655061446425E-002
  0.85858585858585723        5.0952192112564181E-002
  0.86868686868686729        3.7678107952296494E-002
  0.87878787878787734        2.7367016783483356E-002
  0.88888888888888740        1.9519697533494897E-002
  0.89898989898989745        1.3668752269881771E-002
  0.90909090909090751        9.3952779752040291E-003
  0.91919191919191756        6.3380560342427786E-003
  0.92929292929292762        4.1964161937218325E-003
  0.93939393939393767        2.7282871247250387E-003
  0.94949494949494773        1.7450364534734265E-003
  0.95959595959595778        1.1045933845785210E-003
  0.96969696969696784        7.0411325056525900E-004
  0.97979797979797789        4.7315758358891611E-004
  0.98989898989898795        3.6808197227356746E-004
  0.99999999999999800        3.6808197227356746E-004
