   0.0000000000000000        0.0000000000000000     
   1.0101010101010102E-002   2.4233608605531459E-002
   2.0202020202020204E-002   4.0059583964732151E-002
   3.0303030303030304E-002   5.5251643506701816E-002
   4.0404040404040407E-002   7.0242412270901958E-002
   5.0505050505050511E-002   8.5149440546664790E-002
   6.0606060606060615E-002  0.10001498164861325     
   7.0707070707070718E-002  0.11485640330538867     
   8.0808080808080815E-002  0.12968134328952113     
   9.0909090909090912E-002  0.14449320932867235     
  0.10101010101010101       0.15929342757075257     
  0.11111111111111110       0.17408244122210292     
  0.12121212121212120       0.18886018189616030     
  0.13131313131313130       0.20362630252240654     
  0.14141414141414141       0.21838029647453261     
  0.15151515151515152       0.23312156002108747     
  0.16161616161616163       0.24784942553276063     
  0.17171717171717174       0.26256317914733779     
  0.18181818181818185       0.27726206995610103     
  0.19191919191919196       0.29194531444991212     
  0.20202020202020207       0.30661209824548985     
  0.21212121212121218       0.32126157620175527     
  0.22222222222222229       0.33589287154234193     
  0.23232323232323240       0.35050507432720523     
  0.24242424242424251       0.36509723946230277     
  0.25252525252525260       0.37966838434787625     
  0.26262626262626271       0.39421748621394331     
  0.27272727272727282       0.40874347916021769     
  0.28282828282828293       0.42324525089786497     
  0.29292929292929304       0.43772163917716944     
  0.30303030303030315       0.45217142787535308     
  0.31313131313131326       0.46659334271069969     
  0.32323232323232337       0.48098604654169069     
  0.33333333333333348       0.49534813420234641     
  0.34343434343434359       0.50967812681688074     
  0.35353535353535370       0.52397446552769966     
  0.36363636363636381       0.53823550456034530     
  0.37373737373737392       0.55245950353680495     
  0.38383838383838403       0.56664461893425655     
  0.39393939393939414       0.58078889456929716     
  0.40404040404040426       0.59489025096737891     
  0.41414141414141437       0.60894647345281994     
  0.42424242424242448       0.62295519876540051     
  0.43434343434343459       0.63691389997401304     
  0.44444444444444470       0.65081986941458858     
  0.45454545454545481       0.66467019932661842     
  0.46464646464646492       0.67846175979752854     
  0.47474747474747503       0.69219117354368831     
  0.48484848484848514       0.70585478695666792     
  0.49494949494949525       0.71944863671788151     
  0.50505050505050531      -0.71944863671792170     
  0.51515151515151536      -0.70585478695666981     
  0.52525252525252542      -0.69219117354369031     
  0.53535353535353547      -0.67846175979753065     
  0.54545454545454553      -0.66467019932662041     
  0.55555555555555558      -0.65081986941459058     
  0.56565656565656564      -0.63691389997401493     
  0.57575757575757569      -0.62295519876540262     
  0.58585858585858575      -0.60894647345282216     
  0.59595959595959580      -0.59489025096738113     
  0.60606060606060586      -0.58078889456929950     
  0.61616161616161591      -0.56664461893425888     
  0.62626262626262597      -0.55245950353680728     
  0.63636363636363602      -0.53823550456034774     
  0.64646464646464608      -0.52397446552770199     
  0.65656565656565613      -0.50967812681688296     
  0.66666666666666619      -0.49534813420234874     
  0.67676767676767624      -0.48098604654169308     
  0.68686868686868630      -0.46659334271070213     
  0.69696969696969635      -0.45217142787535547     
  0.70707070707070641      -0.43772163917717188     
  0.71717171717171646      -0.42324525089786741     
  0.72727272727272652      -0.40874347916022014     
  0.73737373737373657      -0.39421748621394587     
  0.74747474747474663      -0.37966838434787881     
  0.75757575757575668      -0.36509723946230538     
  0.76767676767676674      -0.35050507432720784     
  0.77777777777777679      -0.33589287154234454     
  0.78787878787878685      -0.32126157620175794     
  0.79797979797979690      -0.30661209824549246     
  0.80808080808080696      -0.29194531444991473     
  0.81818181818181701      -0.27726206995610364     
  0.82828282828282707      -0.26256317914734051     
  0.83838383838383712      -0.24784942553276335     
  0.84848484848484718      -0.23312156002109019     
  0.85858585858585723      -0.21838029647453533     
  0.86868686868686729      -0.20362630252240926     
  0.87878787878787734      -0.18886018189616305     
  0.88888888888888740      -0.17408244122210573     
  0.89898989898989745      -0.15929342757075537     
  0.90909090909090751      -0.14449320932867515     
  0.91919191919191756      -0.12968134328952391     
  0.92929292929292762      -0.11485640330539146     
  0.93939393939393767      -0.10001498164861602     
  0.94949494949494773       -8.5149440546667537E-002
  0.95959595959595778       -7.0242412270904636E-002
  0.96969696969696784       -5.5251643506704362E-002
  0.97979797979797789       -4.0059583964734434E-002
  0.98989898989898795       -2.4233608605533221E-002
  0.99999999999999800       -1.2679427235627207E-014
