   0.0000000000000000        0.0000000000000000     
   1.0101010101010102E-002   1.4999852830152810E-002
   2.0202020202020204E-002   2.4442689893370825E-002
   3.0303030303030304E-002   3.3350459538842914E-002
   4.0404040404040407E-002   4.2051246885966183E-002
   5.0505050505050511E-002   5.0650525766020416E-002
   6.0606060606060615E-002   5.9193736513396503E-002
   7.0707070707070718E-002   6.7703544408513769E-002
   8.0808080808080815E-002   7.6192307530953518E-002
   9.0909090909090912E-002   8.4667179618661589E-002
  0.10101010101010101        9.3132481983360313E-002
  0.11111111111111110       0.10159090756337455     
  0.12121212121212120       0.11004417301850138     
  0.13131313131313130       0.11849338987981685     
  0.14141414141414141       0.12693928427798079     
  0.15151515151515152       0.13538233125705051     
  0.16161616161616163       0.14382283908423302     
  0.17171717171717174       0.15226100336733928     
  0.18181818181818185       0.16069694245980287     
  0.19191919191919196       0.16913072100571500     
  0.20202020202020207       0.17756236582077106     
  0.21212121212121218       0.18599187673583140     
  0.22222222222222229       0.19441923407963257     
  0.23232323232323240       0.20284440388919139     
  0.24242424242424251       0.21126734156549959     
  0.25252525252525260       0.21968799445403708     
  0.26262626262626271       0.22810630367447504     
  0.27272727272727282       0.23652220542140356     
  0.28282828282828293       0.24493563188930462     
  0.29292929292929304       0.25334651192854740     
  0.30303030303030315       0.26175477150741822     
  0.31313131313131326       0.27016033403326511     
  0.32323232323232337       0.27856312057055860     
  0.33333333333333348       0.28696304998294359     
  0.34343434343434359       0.29536003901876884     
  0.35353535353535370       0.30375400235417527     
  0.36363636363636381       0.31214485260394792     
  0.37373737373737392       0.32053250030754327     
  0.38383838383838403       0.32891685389567382     
  0.39393939393939414       0.33729781964135525     
  0.40404040404040426       0.34567530159823129     
  0.41414141414141437       0.35404920152819613     
  0.42424242424242448       0.36241941881973427     
  0.43434343434343459       0.37078585039795492     
  0.44444444444444470       0.37914839062696248     
  0.45454545454545481       0.38750693120494800     
  0.46464646464646492       0.39586136105218972     
  0.47474747474747503       0.40421156619199511     
  0.48484848484848514       0.41255742962449354     
  0.49494949494949525       0.42089883119300359     
  0.50505050505050531      -0.42089883119308980     
  0.51515151515151536      -0.41255742962449499     
  0.52525252525252542      -0.40421156619199650     
  0.53535353535353547      -0.39586136105219116     
  0.54545454545454553      -0.38750693120494939     
  0.55555555555555558      -0.37914839062696387     
  0.56565656565656564      -0.37078585039795647     
  0.57575757575757569      -0.36241941881973577     
  0.58585858585858575      -0.35404920152819763     
  0.59595959595959580      -0.34567530159823268     
  0.60606060606060586      -0.33729781964135669     
  0.61616161616161591      -0.32891685389567532     
  0.62626262626262597      -0.32053250030754471     
  0.63636363636363602      -0.31214485260394947     
  0.64646464646464608      -0.30375400235417677     
  0.65656565656565613      -0.29536003901877034     
  0.66666666666666619      -0.28696304998294508     
  0.67676767676767624      -0.27856312057056010     
  0.68686868686868630      -0.27016033403326661     
  0.69696969696969635      -0.26175477150741966     
  0.70707070707070641      -0.25334651192854885     
  0.71717171717171646      -0.24493563188930614     
  0.72727272727272652      -0.23652220542140509     
  0.73737373737373657      -0.22810630367447660     
  0.74747474747474663      -0.21968799445403864     
  0.75757575757575668      -0.21126734156550114     
  0.76767676767676674      -0.20284440388919300     
  0.77777777777777679      -0.19441923407963418     
  0.78787878787878685      -0.18599187673583301     
  0.79797979797979690      -0.17756236582077264     
  0.80808080808080696      -0.16913072100571658     
  0.81818181818181701      -0.16069694245980445     
  0.82828282828282707      -0.15226100336734089     
  0.83838383838383712      -0.14382283908423463     
  0.84848484848484718      -0.13538233125705207     
  0.85858585858585723      -0.12693928427798234     
  0.86868686868686729      -0.11849338987981842     
  0.87878787878787734      -0.11004417301850294     
  0.88888888888888740      -0.10159090756337612     
  0.89898989898989745       -9.3132481983361867E-002
  0.90909090909090751       -8.4667179618663116E-002
  0.91919191919191756       -7.6192307530955017E-002
  0.92929292929292762       -6.7703544408515268E-002
  0.93939393939393767       -5.9193736513397946E-002
  0.94949494949494773       -5.0650525766021789E-002
  0.95959595959595778       -4.2051246885967467E-002
  0.96969696969696784       -3.3350459538844059E-002
  0.97979797979797789       -2.4442689893371772E-002
  0.98989898989898795       -1.4999852830153482E-002
  0.99999999999999800       -1.2679427235623190E-014
