   0.0000000000000000        7.6333972559444576E-003
   1.0101010101010102E-002   1.6537474617208680E-002
   2.0202020202020204E-002   2.5201842413762374E-002
   3.0303030303030304E-002   3.3803351651456461E-002
   4.0404040404040407E-002   4.2375577694812830E-002
   5.0505050505050511E-002   5.0929086631063207E-002
   6.0606060606060615E-002   5.9468790245312840E-002
   7.0707070707070718E-002   6.7997669468598643E-002
   8.0808080808080815E-002   7.6517807622276598E-002
   9.0909090909090912E-002   8.5030755760025736E-002
  0.10101010101010101        9.3537699201423297E-002
  0.11111111111111110       0.10203955264550787     
  0.12121212121212120       0.11053702352158654     
  0.13131313131313130       0.11903065791320856     
  0.14141414141414141       0.12752087526275069     
  0.15151515151515152       0.13600799512171302     
  0.16161616161616163       0.14449225797145562     
  0.17171717171717174       0.15297384151404012     
  0.18181818181818185       0.16145287346052398     
  0.19191919191919196       0.16992944159376130     
  0.20202020202020207       0.17840360170210362     
  0.21212121212121218       0.18687538384512326     
  0.22222222222222229       0.19534479730938087     
  0.23232323232323240       0.20381183453300206     
  0.24242424242424251       0.21227647421662660     
  0.25252525252525260       0.22073868379090475     
  0.26262626262626271       0.22919842137394167     
  0.27272727272727282       0.23765563732349376     
  0.28282828282828293       0.24611027546643754     
  0.29292929292929304       0.25456227407062704     
  0.30303030303030315       0.26301156661062897     
  0.31313131313131326       0.27145808236813512     
  0.32323232323232337       0.27990174689943470     
  0.33333333333333348       0.28834248239569826     
  0.34343434343434359       0.29678020795657678     
  0.35353535353535370       0.30521483979346081     
  0.36363636363636381       0.31364629137544137     
  0.37373737373737392       0.32207447352838037     
  0.38383838383838403       0.33049929449539878     
  0.39393939393939414       0.33892065996540460     
  0.40404040404040426       0.34733847307493654     
  0.41414141414141437       0.35575263438750854     
  0.42424242424242448       0.36416304185374843     
  0.43434343434343459       0.37256959075414153     
  0.44444444444444470       0.38097217344282286     
  0.45454545454545481       0.38937067409650755     
  0.46464646464646492       0.39776273705377313     
  0.47474747474747503       0.40610936005811726     
  0.48484848484848514       0.38487919459524800     
  0.49494949494949525       0.29423400089466423     
  0.50505050505050531      -0.29423400089473439     
  0.51515151515151536      -0.38487919459526876     
  0.52525252525252542      -0.40610936005811882     
  0.53535353535353547      -0.39776273705377468     
  0.54545454545454553      -0.38937067409650916     
  0.55555555555555558      -0.38097217344282436     
  0.56565656565656564      -0.37256959075414309     
  0.57575757575757569      -0.36416304185374981     
  0.58585858585858575      -0.35575263438750993     
  0.59595959595959580      -0.34733847307493804     
  0.60606060606060586      -0.33892065996540610     
  0.61616161616161591      -0.33049929449540028     
  0.62626262626262597      -0.32207447352838198     
  0.63636363636363602      -0.31364629137544292     
  0.64646464646464608      -0.30521483979346237     
  0.65656565656565613      -0.29678020795657833     
  0.66666666666666619      -0.28834248239569982     
  0.67676767676767624      -0.27990174689943625     
  0.68686868686868630      -0.27145808236813673     
  0.69696969696969635      -0.26301156661063052     
  0.70707070707070641      -0.25456227407062859     
  0.71717171717171646      -0.24611027546643910     
  0.72727272727272652      -0.23765563732349532     
  0.73737373737373657      -0.22919842137394322     
  0.74747474747474663      -0.22073868379090633     
  0.75757575757575668      -0.21227647421662821     
  0.76767676767676674      -0.20381183453300367     
  0.77777777777777679      -0.19534479730938248     
  0.78787878787878685      -0.18687538384512487     
  0.79797979797979690      -0.17840360170210523     
  0.80808080808080696      -0.16992944159376291     
  0.81818181818181701      -0.16145287346052559     
  0.82828282828282707      -0.15297384151404173     
  0.83838383838383712      -0.14449225797145723     
  0.84848484848484718      -0.13600799512171466     
  0.85858585858585723      -0.12752087526275230     
  0.86868686868686729      -0.11903065791321020     
  0.87878787878787734      -0.11053702352158820     
  0.88888888888888740      -0.10203955264550957     
  0.89898989898989745       -9.3537699201425017E-002
  0.90909090909090751       -8.5030755760027485E-002
  0.91919191919191756       -7.6517807622278375E-002
  0.92929292929292762       -6.7997669468600461E-002
  0.93939393939393767       -5.9468790245314734E-002
  0.94949494949494773       -5.0929086631065199E-002
  0.95959595959595778       -4.2375577694814967E-002
  0.96969696969696784       -3.3803351651458806E-002
  0.97979797979797789       -2.5201842413765031E-002
  0.98989898989898795       -1.6537474617211827E-002
  0.99999999999999800       -7.6333972559484630E-003
