   0.0000000000000000        7.9258611825501146E-002
   1.0101010101010102E-002  0.13824859350046881     
   2.0202020202020204E-002  0.19787578540650769     
   3.0303030303030304E-002  0.25765772792690084     
   4.0404040404040407E-002  0.31711497339559080     
   5.0505050505050511E-002  0.37580105775728001     
   6.0606060606060615E-002  0.43331562776308907     
   7.0707070707070718E-002  0.48930609858242347     
   8.0808080808080815E-002  0.54346300278151527     
   9.0909090909090912E-002  0.59551294684176170     
  0.10101010101010101       0.64521161814661254     
  0.11111111111111110       0.69233804163121004     
  0.12121212121212120       0.73669043622215002     
  0.13131313131313130       0.77808354842616678     
  0.14141414141414141       0.81634714502982986     
  0.15151515151515152       0.85132531869906558     
  0.16161616161616163       0.88287631194190452     
  0.17171717171717174       0.91087264055385275     
  0.18181818181818185       0.93520136833717671     
  0.19191919191919196       0.95576443960544699     
  0.20202020202020207       0.97247901370013978     
  0.21212121212121218       0.98527776975806680     
  0.22222222222222229       0.99410916449799047     
  0.23232323232323240       0.99893763407097169     
  0.24242424242424251       0.99974373506796610     
  0.25252525252525260       0.99652422158052389     
  0.26262626262626271       0.98929205701166412     
  0.27272727272727282       0.97807636160286471     
  0.28282828282828293       0.96292229689796194     
  0.29292929292929304       0.94389088529984388     
  0.30303030303030315       0.92105876146882948     
  0.31313131313131326       0.89451785862672151     
  0.32323232323232337       0.86437504072068994     
  0.33333333333333348       0.83075168461236659     
  0.34343434343434359       0.79378319617810411     
  0.35353535353535370       0.75361844332332795     
  0.36363636363636381       0.71041912889423886     
  0.37373737373737392       0.66435915995136430     
  0.38383838383838403       0.61562401990648152     
  0.39393939393939414       0.56441004546864693     
  0.40404040404040426       0.51092351715312878     
  0.41414141414141437       0.45537967339084662     
  0.42424242424242448       0.39800192305986826     
  0.43434343434343459       0.33902131299861937     
  0.44444444444444470       0.27867581080892750     
  0.45454545454545481       0.21720888747388239     
  0.46464646464646492       0.15486768354556590     
  0.47474747474747503        9.1901950208199523E-002
  0.48484848484848514        2.8564485101504111E-002
  0.49494949494949525       -3.4888225970681828E-002
  0.50505050505050531       -9.8197717853243410E-002
  0.51515151515151536      -0.16110816813896145     
  0.52525252525252542      -0.22337032650147512     
  0.53535353535353547      -0.28473987580207738     
  0.54545454545454553      -0.34497057650634577     
  0.55555555555555558      -0.40381030541980656     
  0.56565656565656564      -0.46100872262145909     
  0.57575757575757569      -0.51633419137174241     
  0.58585858585858575      -0.56958386159146424     
  0.59595959595959580      -0.62057130849212261     
  0.60606060606060586      -0.66909671870460918     
  0.61616161616161591      -0.71492850797951824     
  0.62626262626262597      -0.75782484952352991     
  0.63636363636363602      -0.79758967229385724     
  0.64646464646464608      -0.83411640504735174     
  0.65656565656565613      -0.86736735388490382     
  0.66666666666666619      -0.89728503357406442     
  0.67676767676767624      -0.92370040437492473     
  0.68686868686868630      -0.94632817473688258     
  0.69696969696969635      -0.96488437661565218     
  0.70707070707070641      -0.97925812640336918     
  0.71717171717171646      -0.98960157696792628     
  0.72727272727272652      -0.99623753048738162     
  0.73737373737373657      -0.99941246734751088     
  0.74747474747474663      -0.99905331900932359     
  0.75757575757575668      -0.99471491068714601     
  0.76767676767676674      -0.98579626043483737     
  0.77777777777777679      -0.97192383767219914     
  0.78787878787878685      -0.95327133551359189     
  0.79797979797979690      -0.93060066908316807     
  0.80808080808080696      -0.90496421326294207     
  0.81818181818181701      -0.87720789934238175     
  0.82828282828282707      -0.84753627357670236     
  0.83838383838383712      -0.81537380941619264     
  0.84848484848484718      -0.77960286434461112     
  0.85858585858585723      -0.73906933949407538     
  0.86868686868686729      -0.69312430418341675     
  0.87878787878787734      -0.64196834211325005     
  0.88888888888888740      -0.58667067853408605     
  0.89898989898989745      -0.52888276713778204     
  0.90909090909090751      -0.47038299537602224     
  0.91919191919191756      -0.41263097165731943     
  0.92929292929292762      -0.35647471894230187     
  0.93939393939393767      -0.30207340432341157     
  0.94949494949494773      -0.24901415063342083     
  0.95959595959595778      -0.19654607597284562     
  0.96969696969696784      -0.14383975087833661     
  0.97979797979797789       -9.0198822182615115E-002
  0.98989898989898795       -3.5185806622257981E-002
  0.99999999999999800        2.1340981851161206E-002
