   0.0000000000000000        4.1642136703941212E-003
   1.0101010101010102E-002   5.4318297378214496E-002
   2.0202020202020204E-002  0.10182232049124076     
   3.0303030303030304E-002  0.14895391648085807     
   4.0404040404040407E-002  0.19579601530457014     
   5.0505050505050511E-002  0.24229040719727638     
   6.0606060606060615E-002  0.28836360637995651     
   7.0707070707070718E-002  0.33393898187421805     
   8.0808080808080815E-002  0.37893750436035029     
   9.0909090909090912E-002  0.42327737955154965     
  0.10101010101010101       0.46687359408788898     
  0.11111111111111110       0.50963743899790903     
  0.12121212121212120       0.55147600816042808     
  0.13131313131313130       0.59229166965059299     
  0.14141414141414141       0.63198150850245394     
  0.15151515151515152       0.67043674033636469     
  0.16161616161616163       0.70754209657210509     
  0.17171717171717174       0.74317518368731117     
  0.18181818181818185       0.77720582131819271     
  0.19191919191919196       0.80949536709236525     
  0.20202020202020207       0.83989604011177543     
  0.21212121212121218       0.86825026016502660     
  0.22222222222222229       0.89439002624846087     
  0.23232323232323240       0.91813636600507698     
  0.24242424242424251       0.93929889742419925     
  0.25252525252525260       0.95767555491015843     
  0.26262626262626271       0.97305254997065971     
  0.27272727272727282       0.98520452054450602     
  0.28282828282828293       0.99389577708817989     
  0.29292929292929304       0.99885640556747035     
  0.30303030303030315       0.99979480727921766     
  0.31313131313131326       0.99650528573795039     
  0.32323232323232337       0.98873138984763920     
  0.33333333333333348       0.97621769919607193     
  0.34343434343434359       0.95871797748436305     
  0.35353535353535370       0.93600212565295549     
  0.36363636363636381       0.90786433573424563     
  0.37373737373737392       0.87413236952064577     
  0.38383838383838403       0.83467778644318047     
  0.39393939393939414       0.78942682867935132     
  0.40404040404040426       0.73837154545154815     
  0.41414141414141437       0.68158061342324816     
  0.42424242424242448       0.61920920008733848     
  0.43434343434343459       0.55150713841952903     
  0.44444444444444470       0.47882465070402086     
  0.45454545454545481       0.40161489225356828     
  0.46464646464646492       0.32043268440015826     
  0.47474747474747503       0.23592804326725472     
  0.48484848484848514       0.14878322088095450     
  0.49494949494949525        5.8164718589156575E-002
  0.50505050505050531       -5.8164718589161578E-002
  0.51515151515151536      -0.14878322088095811     
  0.52525252525252542      -0.23592804326725741     
  0.53535353535353547      -0.32043268440016021     
  0.54545454545454553      -0.40161489225356961     
  0.55555555555555558      -0.47882465070402175     
  0.56565656565656564      -0.55150713841952925     
  0.57575757575757569      -0.61920920008733815     
  0.58585858585858575      -0.68158061342324749     
  0.59595959595959580      -0.73837154545154715     
  0.60606060606060586      -0.78942682867935021     
  0.61616161616161591      -0.83467778644317914     
  0.62626262626262597      -0.87413236952064466     
  0.63636363636363602      -0.90786433573424419     
  0.64646464646464608      -0.93600212565295438     
  0.65656565656565613      -0.95871797748436183     
  0.66666666666666619      -0.97621769919607115     
  0.67676767676767624      -0.98873138984763864     
  0.68686868686868630      -0.99650528573795016     
  0.69696969696969635      -0.99979480727921755     
  0.70707070707070641      -0.99885640556747057     
  0.71717171717171646      -0.99389577708818044     
  0.72727272727272652      -0.98520452054450702     
  0.73737373737373657      -0.97305254997066115     
  0.74747474747474663      -0.95767555491016021     
  0.75757575757575668      -0.93929889742420147     
  0.76767676767676674      -0.91813636600507953     
  0.77777777777777679      -0.89439002624846375     
  0.78787878787878685      -0.86825026016503004     
  0.79797979797979690      -0.83989604011177910     
  0.80808080808080696      -0.80949536709236947     
  0.81818181818181701      -0.77720582131819715     
  0.82828282828282707      -0.74317518368731617     
  0.83838383838383712      -0.70754209657211020     
  0.84848484848484718      -0.67043674033637013     
  0.85858585858585723      -0.63198150850245982     
  0.86868686868686729      -0.59229166965059943     
  0.87878787878787734      -0.55147600816043474     
  0.88888888888888740      -0.50963743899791603     
  0.89898989898989745      -0.46687359408789630     
  0.90909090909090751      -0.42327737955155731     
  0.91919191919191756      -0.37893750436035817     
  0.92929292929292762      -0.33393898187422622     
  0.93939393939393767      -0.28836360637996489     
  0.94949494949494773      -0.24229040719728498     
  0.95959595959595778      -0.19579601530457894     
  0.96969696969696784      -0.14895391648086703     
  0.97979797979797789      -0.10182232049124990     
  0.98989898989898795       -5.4318297378223898E-002
  0.99999999999999800       -4.1642136704064699E-003
