   0.0000000000000000        9.7651353518267443E-003
   1.0101010101010102E-002   3.3810273524654391E-002
   2.0202020202020204E-002   5.7068034423289789E-002
   3.0303030303030304E-002   8.0037118351085706E-002
   4.0404040404040407E-002  0.10287020708574450     
   5.0505050505050511E-002  0.12562562235032909     
   6.0606060606060615E-002  0.14832694521123627     
   7.0707070707070718E-002  0.17098316818702952     
   8.0808080808080815E-002  0.19359665857968109     
   9.0909090909090912E-002  0.21616659931741394     
  0.10101010101010101       0.23869056012216239     
  0.11111111111111110       0.26116523866870861     
  0.12121212121212120       0.28358681449616935     
  0.13131313131313130       0.30595111557651611     
  0.14141414141414141       0.32825369164116514     
  0.15151515151515152       0.35048983986079968     
  0.16161616161616163       0.37265460535981743     
  0.17171717171717174       0.39474276770188771     
  0.18181818181818185       0.41674881878348347     
  0.19191919191919196       0.43866693464991968     
  0.20202020202020207       0.46049094221477327     
  0.21212121212121218       0.48221428102775488     
  0.22222222222222229       0.50382995974628808     
  0.23232323232323240       0.52533050663876613     
  0.24242424242424251       0.54670791318385070     
  0.25252525252525260       0.56795356957382281     
  0.26262626262626271       0.58905819064475318     
  0.27272727272727282       0.61001173041425949     
  0.28282828282828293       0.63080328298205068     
  0.29292929292929304       0.65142096700848906     
  0.30303030303030315       0.67185179029271935     
  0.31313131313131326       0.69208149007163688     
  0.32323232323232337       0.71209434348103695     
  0.33333333333333348       0.73187294105791789     
  0.34343434343434359       0.75139791407135759     
  0.35353535353535370       0.77064760363604612     
  0.36363636363636381       0.78959765567474705     
  0.37373737373737392       0.80822052038592762     
  0.38383838383838403       0.82648482722833549     
  0.39393939393939414       0.84435459544908431     
  0.40404040404040426       0.86178822409970313     
  0.41414141414141437       0.87873718144970148     
  0.42424242424242448       0.89514427694980869     
  0.43434343434343459       0.91094134118674153     
  0.44444444444444470       0.92604604608323793     
  0.45454545454545481       0.94035743158770968     
  0.46464646464646492       0.95374815756178621     
  0.47474747474747503       0.96584539154306326     
  0.48484848484848514       0.94027899722768682     
  0.49494949494949525       0.56731046204204816     
  0.50505050505050531      -0.56731046204205327     
  0.51515151515151536      -0.94027899722768848     
  0.52525252525252542      -0.96584539154306426     
  0.53535353535353547      -0.95374815756178799     
  0.54545454545454553      -0.94035743158771101     
  0.55555555555555558      -0.92604604608323959     
  0.56565656565656564      -0.91094134118674353     
  0.57575757575757569      -0.89514427694981091     
  0.58585858585858575      -0.87873718144970336     
  0.59595959595959580      -0.86178822409970524     
  0.60606060606060586      -0.84435459544908642     
  0.61616161616161591      -0.82648482722833760     
  0.62626262626262597      -0.80822052038593006     
  0.63636363636363602      -0.78959765567474949     
  0.64646464646464608      -0.77064760363604878     
  0.65656565656565613      -0.75139791407136036     
  0.66666666666666619      -0.73187294105792078     
  0.67676767676767624      -0.71209434348103973     
  0.68686868686868630      -0.69208149007163977     
  0.69696969696969635      -0.67185179029272246     
  0.70707070707070641      -0.65142096700849217     
  0.71717171717171646      -0.63080328298205390     
  0.72727272727272652      -0.61001173041426282     
  0.73737373737373657      -0.58905819064475640     
  0.74747474747474663      -0.56795356957382614     
  0.75757575757575668      -0.54670791318385425     
  0.76767676767676674      -0.52533050663876990     
  0.77777777777777679      -0.50382995974629186     
  0.78787878787878685      -0.48221428102775854     
  0.79797979797979690      -0.46049094221477704     
  0.80808080808080696      -0.43866693464992340     
  0.81818181818181701      -0.41674881878348730     
  0.82828282828282707      -0.39474276770189159     
  0.83838383838383712      -0.37265460535982137     
  0.84848484848484718      -0.35048983986080362     
  0.85858585858585723      -0.32825369164116913     
  0.86868686868686729      -0.30595111557652011     
  0.87878787878787734      -0.28358681449617340     
  0.88888888888888740      -0.26116523866871277     
  0.89898989898989745      -0.23869056012216658     
  0.90909090909090751      -0.21616659931741813     
  0.91919191919191756      -0.19359665857968530     
  0.92929292929292762      -0.17098316818703377     
  0.93939393939393767      -0.14832694521124057     
  0.94949494949494773      -0.12562562235033348     
  0.95959595959595778      -0.10287020708574894     
  0.96969696969696784       -8.0037118351090300E-002
  0.97979797979797789       -5.7068034423294646E-002
  0.98989898989898795       -3.3810273524660053E-002
  0.99999999999999800       -9.7651353518358446E-003
