   0.0000000000000000        8.4433230574016450E-003
   1.0101010101010102E-002   1.9062892483264121E-002
   2.0202020202020204E-002   2.9490909205406472E-002
   3.0303030303030304E-002   3.9857911902103922E-002
   4.0404040404040407E-002   5.0189461870610214E-002
   5.0505050505050511E-002   6.0495964423942034E-002
   6.0606060606060615E-002   7.0783618098127124E-002
   7.0707070707070718E-002   8.1056670756370575E-002
   8.0808080808080815E-002   9.1318165955198455E-002
   9.0909090909090912E-002  0.10157031335365285     
  0.10101010101010101       0.11181472064442206     
  0.11111111111111110       0.12205255371132244     
  0.12121212121212120       0.13228465142779663     
  0.13131313131313130       0.14251160920792810     
  0.14141414141414141       0.15273384028627304     
  0.15151515151515152       0.16295162089452112     
  0.16161616161616163       0.17316512370621190     
  0.17171717171717174       0.18337444268817382     
  0.18181818181818185       0.19357961162801146     
  0.19191919191919196       0.20378061798666047     
  0.20202020202020207       0.21397741327970840     
  0.21212121212121218       0.22416992087003745     
  0.22222222222222229       0.23435804182175785     
  0.23232323232323240       0.24454165929620680     
  0.24242424242424251       0.25472064184714605     
  0.25252525252525260       0.26489484588151335     
  0.26262626262626271       0.27506411748512472     
  0.27272727272727282       0.28522829376310072     
  0.28282828282828293       0.29538720380785322     
  0.29292929292929304       0.30554066937984858     
  0.30303030303030315       0.31568850536562348     
  0.31313131313131326       0.32583052006189506     
  0.32323232323232337       0.33596651532276711     
  0.33333333333333348       0.34609628659803821     
  0.34343434343434359       0.35621962288375231     
  0.35353535353535370       0.36633630660087313     
  0.36363636363636381       0.37644611341391143     
  0.37373737373737392       0.38654881199820340     
  0.38383838383838403       0.39664416376210243     
  0.39393939393939414       0.40673192252843099     
  0.40404040404040426       0.41681183417802753     
  0.41414141414141437       0.42688363625701398     
  0.42424242424242448       0.43694705754840812     
  0.43434343434343459       0.44700181760657454     
  0.44444444444444470       0.45704762616061340     
  0.45454545454545481       0.46708417081756731     
  0.46464646464646492       0.47711038408823780     
  0.47474747474747503       0.48700999754925511     
  0.48484848484848514       0.48141114297043852     
  0.49494949494949525       0.27372882163520851     
  0.50505050505050531      -0.27372882163527396     
  0.51515151515151536      -0.48141114297044929     
  0.52525252525252542      -0.48700999754925689     
  0.53535353535353547      -0.47711038408823964     
  0.54545454545454553      -0.46708417081756909     
  0.55555555555555558      -0.45704762616061517     
  0.56565656565656564      -0.44700181760657626     
  0.57575757575757569      -0.43694705754840990     
  0.58585858585858575      -0.42688363625701575     
  0.59595959595959580      -0.41681183417802936     
  0.60606060606060586      -0.40673192252843282     
  0.61616161616161591      -0.39664416376210426     
  0.62626262626262597      -0.38654881199820518     
  0.63636363636363602      -0.37644611341391326     
  0.64646464646464608      -0.36633630660087496     
  0.65656565656565613      -0.35621962288375408     
  0.66666666666666619      -0.34609628659803987     
  0.67676767676767624      -0.33596651532276894     
  0.68686868686868630      -0.32583052006189689     
  0.69696969696969635      -0.31568850536562526     
  0.70707070707070641      -0.30554066937985042     
  0.71717171717171646      -0.29538720380785510     
  0.72727272727272652      -0.28522829376310255     
  0.73737373737373657      -0.27506411748512655     
  0.74747474747474663      -0.26489484588151524     
  0.75757575757575668      -0.25472064184714788     
  0.76767676767676674      -0.24454165929620869     
  0.77777777777777679      -0.23435804182175973     
  0.78787878787878685      -0.22416992087003937     
  0.79797979797979690      -0.21397741327971034     
  0.80808080808080696      -0.20378061798666242     
  0.81818181818181701      -0.19357961162801340     
  0.82828282828282707      -0.18337444268817574     
  0.83838383838383712      -0.17316512370621381     
  0.84848484848484718      -0.16295162089452303     
  0.85858585858585723      -0.15273384028627501     
  0.86868686868686729      -0.14251160920793007     
  0.87878787878787734      -0.13228465142779861     
  0.88888888888888740      -0.12205255371132440     
  0.89898989898989745      -0.11181472064442405     
  0.90909090909090751      -0.10157031335365489     
  0.91919191919191756       -9.1318165955200509E-002
  0.92929292929292762       -8.1056670756372670E-002
  0.93939393939393767       -7.0783618098129303E-002
  0.94949494949494773       -6.0495964423944296E-002
  0.95959595959595778       -5.0189461870612614E-002
  0.96969696969696784       -3.9857911902106538E-002
  0.97979797979797789       -2.9490909205409449E-002
  0.98989898989898795       -1.9062892483267712E-002
  0.99999999999999800       -8.4433230574064589E-003
