   0.0000000000000000        9.9686384971055461E-003
   1.0101010101010102E-002   3.0250234603677553E-002
   2.0202020202020204E-002   5.0070284054965927E-002
   3.0303030303030304E-002   6.9676612525407647E-002
   4.0404040404040407E-002   8.9170103654615904E-002
   5.0505050505050511E-002  0.10859684788181979     
   6.0606060606060615E-002  0.12797897834269650     
   7.0707070707070718E-002  0.14732717349626834     
   8.0808080808080815E-002  0.16664630056687890     
   9.0909090909090912E-002  0.18593814765120056     
  0.10101010101010101       0.20520281215468497     
  0.11111111111111110       0.22443943085074472     
  0.12121212121212120       0.24364657264553008     
  0.13131313131313130       0.26282245254309172     
  0.14141414141414141       0.28196504825496821     
  0.15151515151515152       0.30107216263068987     
  0.16161616161616163       0.32014145535373628     
  0.17171717171717174       0.33917045685951702     
  0.18181818181818185       0.35815657171748000     
  0.19191919191919196       0.37709707554145988     
  0.20202020202020207       0.39598910769391926     
  0.21212121212121218       0.41482966101550284     
  0.22222222222222229       0.43361556920616945     
  0.23232323232323240       0.45234349212170094     
  0.24242424242424251       0.47100989902400725     
  0.25252525252525260       0.48961104967439734     
  0.26262626262626271       0.50814297304992329     
  0.27272727272727282       0.52660144337217074     
  0.28282828282828293       0.54498195305147246     
  0.29292929292929304       0.56327968205771062     
  0.30303030303030315       0.58148946312389160     
  0.31313131313131326       0.59960574206334716     
  0.32323232323232337       0.61762253232803599     
  0.33333333333333348       0.63553336274482775     
  0.34343434343434359       0.65333121712728648     
  0.35353535353535370       0.67100846415714543     
  0.36363636363636381       0.68855677554204109     
  0.37373737373737392       0.70596702995646388     
  0.38383838383838403       0.72322919962313648     
  0.39393939393939414       0.74033221553886952     
  0.40404040404040426       0.75726380621715350     
  0.41414141414141437       0.77401030330152498     
  0.42424242424242448       0.79055640534260196     
  0.43434343434343459       0.80688488819580040     
  0.44444444444444470       0.82297624643455936     
  0.45454545454545481       0.83880823270341998     
  0.46464646464646492       0.85435393392496417     
  0.47474747474747503       0.86942594452714539     
  0.48484848484848514       0.85132843926434776     
  0.49494949494949525       0.51498664067126676     
  0.50505050505050531      -0.51498664067128086     
  0.51515151515151536      -0.85132843926435153     
  0.52525252525252542      -0.86942594452714728     
  0.53535353535353547      -0.85435393392496639     
  0.54545454545454553      -0.83880823270342164     
  0.55555555555555558      -0.82297624643456146     
  0.56565656565656564      -0.80688488819580251     
  0.57575757575757569      -0.79055640534260407     
  0.58585858585858575      -0.77401030330152698     
  0.59595959595959580      -0.75726380621715583     
  0.60606060606060586      -0.74033221553887196     
  0.61616161616161591      -0.72322919962313903     
  0.62626262626262597      -0.70596702995646654     
  0.63636363636363602      -0.68855677554204375     
  0.64646464646464608      -0.67100846415714821     
  0.65656565656565613      -0.65333121712728925     
  0.66666666666666619      -0.63553336274483052     
  0.67676767676767624      -0.61762253232803888     
  0.68686868686868630      -0.59960574206334993     
  0.69696969696969635      -0.58148946312389449     
  0.70707070707070641      -0.56327968205771362     
  0.71717171717171646      -0.54498195305147534     
  0.72727272727272652      -0.52660144337217385     
  0.73737373737373657      -0.50814297304992651     
  0.74747474747474663      -0.48961104967440050     
  0.75757575757575668      -0.47100989902401041     
  0.76767676767676674      -0.45234349212170416     
  0.77777777777777679      -0.43361556920617278     
  0.78787878787878685      -0.41482966101550611     
  0.79797979797979690      -0.39598910769392248     
  0.80808080808080696      -0.37709707554146316     
  0.81818181818181701      -0.35815657171748339     
  0.82828282828282707      -0.33917045685952041     
  0.83838383838383712      -0.32014145535373972     
  0.84848484848484718      -0.30107216263069331     
  0.85858585858585723      -0.28196504825497165     
  0.86868686868686729      -0.26282245254309522     
  0.87878787878787734      -0.24364657264553363     
  0.88888888888888740      -0.22443943085074830     
  0.89898989898989745      -0.20520281215468858     
  0.90909090909090751      -0.18593814765120417     
  0.91919191919191756      -0.16664630056688251     
  0.92929292929292762      -0.14732717349627203     
  0.93939393939393767      -0.12797897834270025     
  0.94949494949494773      -0.10859684788182357     
  0.95959595959595778       -8.9170103654619776E-002
  0.96969696969696784       -6.9676612525411685E-002
  0.97979797979797789       -5.0070284054970271E-002
  0.98989898989898795       -3.0250234603682757E-002
  0.99999999999999800       -9.9686384971137357E-003
