   0.0000000000000000        6.2837716531440385E-003
   1.0101010101010102E-002   4.8689486565101053E-002
   2.0202020202020204E-002   8.8556085664205572E-002
   3.0303030303030304E-002  0.12800601334328732     
   4.0404040404040407E-002  0.16725378530973742     
   5.0505050505050511E-002  0.20631036625096066     
   6.0606060606060615E-002  0.24514981416586845     
   7.0707070707070718E-002  0.28373781726222019     
   8.0808080808080815E-002  0.32203726958866347     
   9.0909090909090912E-002  0.36000922680197250     
  0.10101010101010101       0.39761287516917171     
  0.11111111111111110       0.43480528183481149     
  0.12121212121212120       0.47154108105767201     
  0.13131313131313130       0.50777211997744087     
  0.14141414141414141       0.54344706145227761     
  0.15151515151515152       0.57851093655655783     
  0.16161616161616163       0.61290463760428782     
  0.17171717171717174       0.64656434088610315     
  0.18181818181818185       0.67942084627588140     
  0.19191919191919196       0.71139881840548036     
  0.20202020202020207       0.74241591114022321     
  0.21212121212121218       0.77238175352031291     
  0.22222222222222229       0.80119677106460740     
  0.23232323232323240       0.82875081126561512     
  0.24242424242424251       0.85492153616061872     
  0.25252525252525260       0.87957253801840507     
  0.26262626262626271       0.90255112652198077     
  0.27272727272727282       0.92368572759975154     
  0.28282828282828293       0.94278282630657428     
  0.29292929292929304       0.95962337407540788     
  0.30303030303030315       0.97395861572229270     
  0.31313131313131326       0.98550476034065748     
  0.32323232323232337       0.99393946587637272     
  0.33333333333333348       0.99884583633759128     
  0.34343434343434359       0.99971827551984860     
  0.35353535353535370       0.99615924714368365     
  0.36363636363636381       0.98761569773133728     
  0.37373737373737392       0.97345709450728002     
  0.38383838383838403       0.95297692385134369     
  0.39393939393939414       0.92539554596854290     
  0.40404040404040426       0.88987189011082479     
  0.41414141414141437       0.84552840946958030     
  0.42424242424242448       0.79149438812695561     
  0.43434343434343459       0.72697249956181953     
  0.44444444444444470       0.65133170740956914     
  0.45454545454545481       0.56422538117134191     
  0.46464646464646492       0.46572560099006377     
  0.47474747474747503       0.35643023357087555     
  0.48484848484848514       0.23702002607872963     
  0.49494949494949525       0.10130681826070773     
  0.50505050505050531      -0.10130681826071498     
  0.51515151515151536      -0.23702002607873363     
  0.52525252525252542      -0.35643023357087794     
  0.53535353535353547      -0.46572560099006499     
  0.54545454545454553      -0.56422538117134213     
  0.55555555555555558      -0.65133170740956847     
  0.56565656565656564      -0.72697249956181831     
  0.57575757575757569      -0.79149438812695405     
  0.58585858585858575      -0.84552840946957875     
  0.59595959595959580      -0.88987189011082335     
  0.60606060606060586      -0.92539554596854146     
  0.61616161616161591      -0.95297692385134236     
  0.62626262626262597      -0.97345709450727913     
  0.63636363636363602      -0.98761569773133651     
  0.64646464646464608      -0.99615924714368365     
  0.65656565656565613      -0.99971827551984827     
  0.66666666666666619      -0.99884583633759161     
  0.67676767676767624      -0.99393946587637327     
  0.68686868686868630      -0.98550476034065837     
  0.69696969696969635      -0.97395861572229414     
  0.70707070707070641      -0.95962337407540943     
  0.71717171717171646      -0.94278282630657617     
  0.72727272727272652      -0.92368572759975409     
  0.73737373737373657      -0.90255112652198322     
  0.74747474747474663      -0.87957253801840807     
  0.75757575757575668      -0.85492153616062183     
  0.76767676767676674      -0.82875081126561867     
  0.77777777777777679      -0.80119677106461118     
  0.78787878787878685      -0.77238175352031713     
  0.79797979797979690      -0.74241591114022754     
  0.80808080808080696      -0.71139881840548480     
  0.81818181818181701      -0.67942084627588617     
  0.82828282828282707      -0.64656434088610815     
  0.83838383838383712      -0.61290463760429315     
  0.84848484848484718      -0.57851093655656327     
  0.85858585858585723      -0.54344706145228328     
  0.86868686868686729      -0.50777211997744687     
  0.87878787878787734      -0.47154108105767817     
  0.88888888888888740      -0.43480528183481787     
  0.89898989898989745      -0.39761287516917831     
  0.90909090909090751      -0.36000922680197922     
  0.91919191919191756      -0.32203726958867035     
  0.92929292929292762      -0.28373781726222724     
  0.93939393939393767      -0.24514981416587561     
  0.94949494949494773      -0.20631036625096796     
  0.95959595959595778      -0.16725378530974483     
  0.96969696969696784      -0.12800601334329487     
  0.97979797979797789       -8.8556085664213274E-002
  0.98989898989898795       -4.8689486565109130E-002
  0.99999999999999800       -6.2837716531558346E-003
