   0.0000000000000000        9.8892472521443144E-003
   1.0101010101010102E-002   2.7155215841445170E-002
   2.0202020202020204E-002   4.4147463337641892E-002
   3.0303030303030304E-002   6.0988491191531741E-002
   4.0404040404040407E-002   7.7740455495395669E-002
   5.0505050505050511E-002   9.4436513951184645E-002
   6.0606060606060615E-002  0.11109484665343038     
   7.0707070707070718E-002  0.12772553814436388     
   8.0808080808080815E-002  0.14433413218458746     
   9.0909090909090912E-002  0.16092354714617280     
  0.10101010101010101       0.17749514419960757     
  0.11111111111111110       0.19404933961755649     
  0.12121212121212120       0.21058596337307528     
  0.13131313131313130       0.22710447255478480     
  0.14141414141414141       0.24360407975472753     
  0.15151515151515152       0.26008383068584562     
  0.16161616161616163       0.27654265098179537     
  0.17171717171717174       0.29297937401912338     
  0.18181818181818185       0.30939275689489737     
  0.19191919191919196       0.32578148890809128     
  0.20202020202020207       0.34214419521745870     
  0.21212121212121218       0.35847943732559384     
  0.22222222222222229       0.37478571140607642     
  0.23232323232323240       0.39106144509440821     
  0.24242424242424251       0.40730499311231810     
  0.25252525252525260       0.42351463193353017     
  0.26262626262626271       0.43968855359321402     
  0.27272727272727282       0.45582485867188854     
  0.28282828282828293       0.47192154843414735     
  0.29292929292929304       0.48797651606461345     
  0.30303030303030315       0.50398753691237586     
  0.31313131313131326       0.51995225762695052     
  0.32323232323232337       0.53586818404079917     
  0.33333333333333348       0.55173266762346429     
  0.34343434343434359       0.56754289029860427     
  0.35353535353535370       0.58329584737582196     
  0.36363636363636381       0.59898832830226922     
  0.37373737373737392       0.61461689488234139     
  0.38383838383838403       0.63017785654464031     
  0.39393939393939414       0.64566724215036575     
  0.40404040404040426       0.66108076773201296     
  0.41414141414141437       0.67641379941998447     
  0.42424242424242448       0.69166131064990866     
  0.43434343434343459       0.70681783253378094     
  0.44444444444444470       0.72187739588377320     
  0.45454545454545481       0.73683345043282245     
  0.46464646464646492       0.75167746931153057     
  0.47474747474747503       0.76626535499187787     
  0.48484848484848514       0.75163128925694533     
  0.49494949494949525       0.45590440126099852     
  0.50505050505050531      -0.45590440126102416     
  0.51515151515151536      -0.75163128925695055     
  0.52525252525252542      -0.76626535499187987     
  0.53535353535353547      -0.75167746931153268     
  0.54545454545454553      -0.73683345043282422     
  0.55555555555555558      -0.72187739588377542     
  0.56565656565656564      -0.70681783253378350     
  0.57575757575757569      -0.69166131064991088     
  0.58585858585858575      -0.67641379941998692     
  0.59595959595959580      -0.66108076773201541     
  0.60606060606060586      -0.64566724215036808     
  0.61616161616161591      -0.63017785654464276     
  0.62626262626262597      -0.61461689488234383     
  0.63636363636363602      -0.59898832830227178     
  0.64646464646464608      -0.58329584737582452     
  0.65656565656565613      -0.56754289029860683     
  0.66666666666666619      -0.55173266762346673     
  0.67676767676767624      -0.53586818404080194     
  0.68686868686868630      -0.51995225762695330     
  0.69696969696969635      -0.50398753691237863     
  0.70707070707070641      -0.48797651606461628     
  0.71717171717171646      -0.47192154843415013     
  0.72727272727272652      -0.45582485867189138     
  0.73737373737373657      -0.43968855359321679     
  0.74747474747474663      -0.42351463193353300     
  0.75757575757575668      -0.40730499311232088     
  0.76767676767676674      -0.39106144509441104     
  0.77777777777777679      -0.37478571140607930     
  0.78787878787878685      -0.35847943732559667     
  0.79797979797979690      -0.34214419521746159     
  0.80808080808080696      -0.32578148890809416     
  0.81818181818181701      -0.30939275689490031     
  0.82828282828282707      -0.29297937401912633     
  0.83838383838383712      -0.27654265098179831     
  0.84848484848484718      -0.26008383068584867     
  0.85858585858585723      -0.24360407975473061     
  0.86868686868686729      -0.22710447255478788     
  0.87878787878787734      -0.21058596337307836     
  0.88888888888888740      -0.19404933961755955     
  0.89898989898989745      -0.17749514419961068     
  0.90909090909090751      -0.16092354714617593     
  0.91919191919191756      -0.14433413218459062     
  0.92929292929292762      -0.12772553814436707     
  0.93939393939393767      -0.11109484665343362     
  0.94949494949494773       -9.4436513951187948E-002
  0.95959595959595778       -7.7740455495399069E-002
  0.96969696969696784       -6.0988491191535335E-002
  0.97979797979797789       -4.4147463337645840E-002
  0.98989898989898795       -2.7155215841449969E-002
  0.99999999999999800       -9.8892472521516350E-003
