   0.0000000000000000        8.9862012279801184E-003
   1.0101010101010102E-002   3.8948895035108871E-002
   2.0202020202020204E-002   6.7504555398923693E-002
   3.0303030303030304E-002   9.5681793252189312E-002
   4.0404040404040407E-002  0.12370020283078974     
   5.0505050505050511E-002  0.15162328310533507     
   6.0606060606060615E-002  0.17946839455373495     
   7.0707070707070718E-002  0.20723678448804056     
   8.0808080808080815E-002  0.23492348362420776     
   9.0909090909090912E-002  0.26252088987289313     
  0.10101010101010101       0.29002012119752818     
  0.11111111111111110       0.31741152107920145     
  0.12121212121212120       0.34468482668614397     
  0.13131313131313130       0.37182919766437006     
  0.14141414141414141       0.39883318430531839     
  0.15151515151515152       0.42568466634318691     
  0.16161616161616163       0.45237077415228660     
  0.17171717171717174       0.47887779594525270     
  0.18181818181818185       0.50519107102478666     
  0.19191919191919196       0.53129486744943288     
  0.20202020202020207       0.55717224146839339     
  0.21212121212121218       0.58280487525338709     
  0.22222222222222229       0.60817288857066187     
  0.23232323232323240       0.63325461896115254     
  0.24242424242424251       0.65802636362745759     
  0.25252525252525260       0.68246207444910567     
  0.26262626262626271       0.70653299521447421     
  0.27272727272727282       0.73020722706307128     
  0.28282828282828293       0.75344920398258974     
  0.29292929292929304       0.77621905457663898     
  0.30303030303030315       0.79847181858716865     
  0.31313131313131326       0.82015647588759610     
  0.32323232323232337       0.84121473044040418     
  0.33333333333333348       0.86157946983846889     
  0.34343434343434359       0.88117278904412433     
  0.35353535353535370       0.89990341916339367     
  0.36363636363636381       0.91766332921807414     
  0.37373737373737392       0.93432315421046930     
  0.38383838383838403       0.94972592345617957     
  0.39393939393939414       0.96367820732007226     
  0.40404040404040426       0.97593762202251677     
  0.41414141414141437       0.98619154501552553     
  0.42424242424242448       0.99403854321254692     
  0.43434343434343459       0.99880756085532718     
  0.44444444444444470       0.99943054923891406     
  0.45454545454545481       0.99473481377186046     
  0.46464646464646492       0.98234494404632344     
  0.47474747474747503       0.95631221156207902     
  0.48484848484848514       0.87716901762691735     
  0.49494949494949525       0.50831814771366368     
  0.50505050505050531      -0.50831814771367090     
  0.51515151515151536      -0.87716901762691712     
  0.52525252525252542      -0.95631221156207791     
  0.53535353535353547      -0.98234494404632200     
  0.54545454545454553      -0.99473481377186068     
  0.55555555555555558      -0.99943054923891395     
  0.56565656565656564      -0.99880756085532740     
  0.57575757575757569      -0.99403854321254748     
  0.58585858585858575      -0.98619154501552597     
  0.59595959595959580      -0.97593762202251810     
  0.60606060606060586      -0.96367820732007359     
  0.61616161616161591      -0.94972592345618145     
  0.62626262626262597      -0.93432315421047096     
  0.63636363636363602      -0.91766332921807614     
  0.64646464646464608      -0.89990341916339611     
  0.65656565656565613      -0.88117278904412666     
  0.66666666666666619      -0.86157946983847122     
  0.67676767676767624      -0.84121473044040673     
  0.68686868686868630      -0.82015647588759899     
  0.69696969696969635      -0.79847181858717142     
  0.70707070707070641      -0.77621905457664209     
  0.71717171717171646      -0.75344920398259285     
  0.72727272727272652      -0.73020722706307462     
  0.73737373737373657      -0.70653299521447754     
  0.74747474747474663      -0.68246207444910933     
  0.75757575757575668      -0.65802636362746125     
  0.76767676767676674      -0.63325461896115631     
  0.77777777777777679      -0.60817288857066587     
  0.78787878787878685      -0.58280487525339120     
  0.79797979797979690      -0.55717224146839750     
  0.80808080808080696      -0.53129486744943721     
  0.81818181818181701      -0.50519107102479111     
  0.82828282828282707      -0.47887779594525715     
  0.83838383838383712      -0.45237077415229116     
  0.84848484848484718      -0.42568466634319152     
  0.85858585858585723      -0.39883318430532300     
  0.86868686868686729      -0.37182919766437483     
  0.87878787878787734      -0.34468482668614880     
  0.88888888888888740      -0.31741152107920634     
  0.89898989898989745      -0.29002012119753318     
  0.90909090909090751      -0.26252088987289818     
  0.91919191919191756      -0.23492348362421286     
  0.92929292929292762      -0.20723678448804575     
  0.93939393939393767      -0.17946839455374017     
  0.94949494949494773      -0.15162328310534037     
  0.95959595959595778      -0.12370020283079514     
  0.96969696969696784       -9.5681793252194794E-002
  0.97979797979797789       -6.7504555398929397E-002
  0.98989898989898795       -3.8948895035115248E-002
  0.99999999999999800       -8.9862012279903567E-003
