   0.0000000000000000        9.8594433850983949E-003
   1.0101010101010102E-002   2.6742591391717765E-002
   2.0202020202020204E-002   4.3369889885676742E-002
   3.0303030303030304E-002   5.9853596957283817E-002
   4.0404040404040407E-002   7.6251518661795969E-002
   5.0505050505050511E-002   9.2595094124596031E-002
   6.0606060606060615E-002  0.10890185619697246     
   7.0707070707070718E-002  0.12518169332353568     
   8.0808080808080815E-002  0.14144014640360272     
   9.0909090909090912E-002  0.15768021248997308     
  0.10101010101010101       0.17390336373407750     
  0.11111111111111110       0.19011013825127779     
  0.12121212121212120       0.20630048995320863     
  0.13131313131313130       0.22247399899669698     
  0.14141414141414141       0.23862999980487384     
  0.15151515151515152       0.25476765941360952     
  0.16161616161616163       0.27088602539638779     
  0.17171717171717174       0.28698405489500711     
  0.18181818181818185       0.30306063176318332     
  0.19191919191919196       0.31911457613409444     
  0.20202020202020207       0.33514464908796937     
  0.21212121212121218       0.35114955408986842     
  0.22222222222222229       0.36712793624086193     
  0.23232323232323240       0.38307837999045158     
  0.24242424242424251       0.39899940570585585     
  0.25252525252525260       0.41488946533081095     
  0.26262626262626271       0.43074693725952340     
  0.27272727272727282       0.44657012047949779     
  0.28282828282828293       0.46235722798693751     
  0.29292929292929304       0.47810637944173495     
  0.30303030303030315       0.49381559300016215     
  0.31313131313131326       0.50948277623845373     
  0.32323232323232337       0.52510571605690470     
  0.33333333333333348       0.54068206742989622     
  0.34343434343434359       0.55620934084079565     
  0.35353535353535370       0.57168488821048491     
  0.36363636363636381       0.58710588709285982     
  0.37373737373737392       0.60246932286837951     
  0.38383838383838403       0.61777196861568617     
  0.39393939393939414       0.63301036227908625     
  0.40404040404040426       0.64818078067328599     
  0.41414141414141437       0.66327920977233890     
  0.42424242424242448       0.67830131061227428     
  0.43434343434343459       0.69324237998838067     
  0.44444444444444470       0.70809730481368272     
  0.45454545454545481       0.72286049606706548     
  0.46464646464646492       0.73752453923801353     
  0.47474747474747503       0.75194732054665847     
  0.48484848484848514       0.73792161991625527     
  0.49494949494949525       0.44638147708345616     
  0.50505050505050531      -0.44638147708348297     
  0.51515151515151536      -0.73792161991626137     
  0.52525252525252542      -0.75194732054666047     
  0.53535353535353547      -0.73752453923801531     
  0.54545454545454553      -0.72286049606706770     
  0.55555555555555558      -0.70809730481368527     
  0.56565656565656564      -0.69324237998838290     
  0.57575757575757569      -0.67830131061227661     
  0.58585858585858575      -0.66327920977234134     
  0.59595959595959580      -0.64818078067328821     
  0.60606060606060586      -0.63301036227908858     
  0.61616161616161591      -0.61777196861568862     
  0.62626262626262597      -0.60246932286838206     
  0.63636363636363602      -0.58710588709286227     
  0.64646464646464608      -0.57168488821048735     
  0.65656565656565613      -0.55620934084079809     
  0.66666666666666619      -0.54068206742989888     
  0.67676767676767624      -0.52510571605690748     
  0.68686868686868630      -0.50948277623845650     
  0.69696969696969635      -0.49381559300016492     
  0.70707070707070641      -0.47810637944173773     
  0.71717171717171646      -0.46235722798694023     
  0.72727272727272652      -0.44657012047950057     
  0.73737373737373657      -0.43074693725952612     
  0.74747474747474663      -0.41488946533081372     
  0.75757575757575668      -0.39899940570585857     
  0.76767676767676674      -0.38307837999045441     
  0.77777777777777679      -0.36712793624086476     
  0.78787878787878685      -0.35114955408987120     
  0.79797979797979690      -0.33514464908797220     
  0.80808080808080696      -0.31911457613409727     
  0.81818181818181701      -0.30306063176318615     
  0.82828282828282707      -0.28698405489501000     
  0.83838383838383712      -0.27088602539639073     
  0.84848484848484718      -0.25476765941361251     
  0.85858585858585723      -0.23862999980487687     
  0.86868686868686729      -0.22247399899670001     
  0.87878787878787734      -0.20630048995321162     
  0.88888888888888740      -0.19011013825128081     
  0.89898989898989745      -0.17390336373408052     
  0.90909090909090751      -0.15768021248997616     
  0.91919191919191756      -0.14144014640360583     
  0.92929292929292762      -0.12518169332353882     
  0.93939393939393767      -0.10890185619697565     
  0.94949494949494773       -9.2595094124599278E-002
  0.95959595959595778       -7.6251518661799314E-002
  0.96969696969696784       -5.9853596957287356E-002
  0.97979797979797789       -4.3369889885680642E-002
  0.98989898989898795       -2.6742591391722508E-002
  0.99999999999999800       -9.8594433851055957E-003
