   0.0000000000000000        9.9525211485329383E-003
   1.0101010101010102E-002   2.8435033861698576E-002
   2.0202020202020204E-002   4.6577619562856797E-002
   3.0303030303030304E-002   6.4544072376416045E-002
   4.0404040404040407E-002   8.2411385192926595E-002
   5.0505050505050511E-002  0.10021812074403276     
   6.0606060606060615E-002  0.11798431675361667     
   7.0707070707070718E-002  0.13572050415146197     
   8.0808080808080815E-002  0.15343210215668607     
   9.0909090909090912E-002  0.17112168049046389     
  0.10101010101010101       0.18879017263718598     
  0.11111111111111110       0.20643754700552247     
  0.12121212121212120       0.22406318679511295     
  0.13131313131313130       0.24166610840045447     
  0.14141414141414141       0.25924508804496488     
  0.15151515151515152       0.27679873517169307     
  0.16161616161616163       0.29432553439992470     
  0.17171717171717174       0.31182386862929257     
  0.18181818181818185       0.32929203065559814     
  0.19191919191919196       0.34672822765219452     
  0.20202020202020207       0.36413058110365343     
  0.21212121212121218       0.38149712372542210     
  0.22222222222222229       0.39882579426699566     
  0.23232323232323240       0.41611443070632659     
  0.24242424242424251       0.43336076210026780     
  0.25252525252525260       0.45056239920075664     
  0.26262626262626271       0.46771682384361324     
  0.27272727272727282       0.48482137704444461     
  0.28282828282828293       0.50187324568057456     
  0.29292929292929304       0.51886944759036568     
  0.30303030303030315       0.53580681487580872     
  0.31313131313131326       0.55268197514649064     
  0.32323232323232337       0.56949133038946442     
  0.33333333333333348       0.58623103308686164     
  0.34343434343434359       0.60289695912786756     
  0.35353535353535370       0.61948467696996323     
  0.36363636363636381       0.63598941239126683     
  0.37373737373737392       0.65240600803519933     
  0.38383838383838403       0.66872887677250359     
  0.39393939393939414       0.68495194768318224     
  0.40404040404040426       0.70106860317790343     
  0.41414141414141437       0.71707160541544712     
  0.42424242424242448       0.73295300970326571     
  0.43434343434343459       0.74870406195421735     
  0.44444444444444470       0.76431507634234286     
  0.45454545454545481       0.77977527564269700     
  0.46464646464646492       0.79507127709682590     
  0.47474747474747503       0.81004400910235286     
  0.48484848484848514       0.79425240614271952     
  0.49494949494949525       0.48061362592266915     
  0.50505050505050531      -0.48061362592268964     
  0.51515151515151536      -0.79425240614272452     
  0.52525252525252542      -0.81004400910235486     
  0.53535353535353547      -0.79507127709682790     
  0.54545454545454553      -0.77977527564269866     
  0.55555555555555558      -0.76431507634234497     
  0.56565656565656564      -0.74870406195421968     
  0.57575757575757569      -0.73295300970326782     
  0.58585858585858575      -0.71707160541544979     
  0.59595959595959580      -0.70106860317790587     
  0.60606060606060586      -0.68495194768318468     
  0.61616161616161591      -0.66872887677250614     
  0.62626262626262597      -0.65240600803520188     
  0.63636363636363602      -0.63598941239126938     
  0.64646464646464608      -0.61948467696996590     
  0.65656565656565613      -0.60289695912787022     
  0.66666666666666619      -0.58623103308686442     
  0.67676767676767624      -0.56949133038946698     
  0.68686868686868630      -0.55268197514649331     
  0.69696969696969635      -0.53580681487581150     
  0.70707070707070641      -0.51886944759036868     
  0.71717171717171646      -0.50187324568057756     
  0.72727272727272652      -0.48482137704444755     
  0.73737373737373657      -0.46771682384361624     
  0.74747474747474663      -0.45056239920075969     
  0.75757575757575668      -0.43336076210027080     
  0.76767676767676674      -0.41611443070632959     
  0.77777777777777679      -0.39882579426699866     
  0.78787878787878685      -0.38149712372542510     
  0.79797979797979690      -0.36413058110365648     
  0.80808080808080696      -0.34672822765219757     
  0.81818181818181701      -0.32929203065560120     
  0.82828282828282707      -0.31182386862929568     
  0.83838383838383712      -0.29432553439992787     
  0.84848484848484718      -0.27679873517169629     
  0.85858585858585723      -0.25924508804496810     
  0.86868686868686729      -0.24166610840045777     
  0.87878787878787734      -0.22406318679511625     
  0.88888888888888740      -0.20643754700552575     
  0.89898989898989745      -0.18879017263718925     
  0.90909090909090751      -0.17112168049046725     
  0.91919191919191756      -0.15343210215668945     
  0.92929292929292762      -0.13572050415146539     
  0.93939393939393767      -0.11798431675362012     
  0.94949494949494773      -0.10021812074403626     
  0.95959595959595778       -8.2411385192930189E-002
  0.96969696969696784       -6.4544072376419820E-002
  0.97979797979797789       -4.6577619562860904E-002
  0.98989898989898795       -2.8435033861703540E-002
  0.99999999999999800       -9.9525211485406266E-003
