   0.0000000000000000        8.0906257228152006E-003
   1.0101010101010102E-002   1.7902722227474500E-002
   2.0202020202020204E-002   2.7502515164607885E-002
   3.0303030303030304E-002   3.7042077602578827E-002
   4.0404040404040407E-002   4.6549882198462865E-002
   5.0505050505050511E-002   5.6035945739209267E-002
   6.0606060606060615E-002   6.5505645185029021E-002
   7.0707070707070718E-002   7.4962541367444860E-002
   8.0808080808080815E-002   8.4409195705441253E-002
   9.0909090909090912E-002   9.3847506141369538E-002
  0.10101010101010101       0.10327889246640298     
  0.11111111111111110       0.11270441808830847     
  0.12121212121212120       0.12212487686774869     
  0.13131313131313130       0.13154085724826686     
  0.14141414141414141       0.14095279034712099     
  0.15151515151515152       0.15036098629192610     
  0.16161616161616163       0.15976566180158946     
  0.17171717171717174       0.16916696119220861     
  0.18181818181818185       0.17856497242107422     
  0.19191919191919196       0.18795973937188412     
  0.20202020202020207       0.19735127128277172     
  0.21212121212121218       0.20673954999525262     
  0.22222222222222229       0.21612453553578062     
  0.23232323232323240       0.22550617041727572     
  0.24242424242424251       0.23488438295482286     
  0.25252525252525260       0.24425908981970132     
  0.26262626262626271       0.25363019800307818     
  0.27272727272727282       0.26299760632072172     
  0.28282828282828293       0.27236120655972540     
  0.29292929292929304       0.28172088434509240     
  0.30303030303030315       0.29107651978633153     
  0.31313131313131326       0.30042798795063236     
  0.32323232323232337       0.30977515919872856     
  0.33333333333333348       0.31911789941147645     
  0.34343434343434359       0.32845607012891354     
  0.35353535353535370       0.33778952861869066     
  0.36363636363636381       0.34711812788697238     
  0.37373737373737392       0.35644171664192514     
  0.38383838383838403       0.36576013921758027     
  0.39393939393939414       0.37507323546401355     
  0.40404040404040426       0.38438084060832511     
  0.41414141414141437       0.39368278508974869     
  0.42424242424242448       0.40297889437126838     
  0.43434343434343459       0.41226898872800477     
  0.44444444444444470       0.42155288293507726     
  0.45454545454545481       0.43083037285322590     
  0.46464646464646492       0.44010066230348438     
  0.47474747474747503       0.44922212552329999     
  0.48484848484848514       0.44639878643231551     
  0.49494949494949525       0.23758413065489870     
  0.50505050505050531      -0.23758413065497117     
  0.51515151515151536      -0.44639878643232589     
  0.52525252525252542      -0.44922212552330176     
  0.53535353535353547      -0.44010066230348599     
  0.54545454545454553      -0.43083037285322756     
  0.55555555555555558      -0.42155288293507892     
  0.56565656565656564      -0.41226898872800649     
  0.57575757575757569      -0.40297889437127010     
  0.58585858585858575      -0.39368278508975041     
  0.59595959595959580      -0.38438084060832689     
  0.60606060606060586      -0.37507323546401516     
  0.61616161616161591      -0.36576013921758194     
  0.62626262626262597      -0.35644171664192670     
  0.63636363636363602      -0.34711812788697399     
  0.64646464646464608      -0.33778952861869238     
  0.65656565656565613      -0.32845607012891526     
  0.66666666666666619      -0.31911789941147817     
  0.67676767676767624      -0.30977515919873033     
  0.68686868686868630      -0.30042798795063413     
  0.69696969696969635      -0.29107651978633325     
  0.70707070707070641      -0.28172088434509412     
  0.71717171717171646      -0.27236120655972712     
  0.72727272727272652      -0.26299760632072344     
  0.73737373737373657      -0.25363019800307990     
  0.74747474747474663      -0.24425908981970304     
  0.75757575757575668      -0.23488438295482458     
  0.76767676767676674      -0.22550617041727747     
  0.77777777777777679      -0.21612453553578242     
  0.78787878787878685      -0.20673954999525440     
  0.79797979797979690      -0.19735127128277349     
  0.80808080808080696      -0.18795973937188593     
  0.81818181818181701      -0.17856497242107600     
  0.82828282828282707      -0.16916696119221039     
  0.83838383838383712      -0.15976566180159124     
  0.84848484848484718      -0.15036098629192790     
  0.85858585858585723      -0.14095279034712280     
  0.86868686868686729      -0.13154085724826867     
  0.87878787878787734      -0.12212487686775048     
  0.88888888888888740      -0.11270441808831030     
  0.89898989898989745      -0.10327889246640484     
  0.90909090909090751       -9.3847506141371440E-002
  0.91919191919191756       -8.4409195705443169E-002
  0.92929292929292762       -7.4962541367446830E-002
  0.93939393939393767       -6.5505645185031061E-002
  0.94949494949494773       -5.6035945739211390E-002
  0.95959595959595778       -4.6549882198465148E-002
  0.96969696969696784       -3.7042077602581318E-002
  0.97979797979797789       -2.7502515164610716E-002
  0.98989898989898795       -1.7902722227477894E-002
  0.99999999999999800       -8.0906257228196415E-003
