   0.0000000000000000        9.9642735318473796E-003
   1.0101010101010102E-002   2.8876519430397766E-002
   2.0202020202020204E-002   4.7422223557896589E-002
   3.0303030303030304E-002   6.5782842634107025E-002
   4.0404040404040407E-002   8.4040908648915877E-002
   5.0505050505050511E-002  0.10223684763424153     
   6.0606060606060615E-002  0.12039127280532981     
   7.0707070707070718E-002  0.13851480661014673     
   8.0808080808080815E-002  0.15661277593289710     
   9.0909090909090912E-002  0.17468759217168645     
  0.10101010101010101       0.19274001094911683     
  0.11111111111111110       0.21076982048139506     
  0.12121212121212120       0.22877622653018825     
  0.13131313131313130       0.24675807098976341     
  0.14141414141414141       0.26471395689177440     
  0.15151515151515152       0.28264231965596814     
  0.16161616161616163       0.30054146691039341     
  0.17171717171717174       0.31840959963081056     
  0.18181818181818185       0.33624482198378086     
  0.19191919191919196       0.35404514418928762     
  0.20202020202020207       0.37180848093301466     
  0.21212121212121218       0.38953264680337302     
  0.22222222222222229       0.40721534959610700     
  0.23232323232323240       0.42485418194454128     
  0.24242424242424251       0.44244661149467857     
  0.25252525252525260       0.45998996969155614     
  0.26262626262626271       0.47748143914066343     
  0.27272727272727282       0.49491803943393364     
  0.28282828282828293       0.51229661127015946     
  0.29292929292929304       0.52961379864575220     
  0.30303030303030315       0.54686602883739521     
  0.31313131313131326       0.56404948983864478     
  0.32323232323232337       0.58116010484381475     
  0.33333333333333348       0.59819350329050147     
  0.34343434343434359       0.61514498787235572     
  0.35353535353535370       0.63200949681076057     
  0.36363636363636381       0.64878156052108404     
  0.37373737373737392       0.66545525161724606     
  0.38383838383838403       0.68202412695568226     
  0.39393939393939414       0.69848116011060368     
  0.40404040404040426       0.71481866227524771     
  0.41414141414141437       0.73102818906912570     
  0.42424242424242448       0.74710043005811322     
  0.43434343434343459       0.76302507690392174     
  0.44444444444444470       0.77879066475233305     
  0.45454545454545481       0.79438436745646956     
  0.46464646464646492       0.80979041069200830     
  0.47474747474747503       0.82484512928321863     
  0.48484848484848514       0.80843020479355665     
  0.49494949494949525       0.48982375737563033     
  0.50505050505050531      -0.48982375737564943     
  0.51515151515151536      -0.80843020479356098     
  0.52525252525252542      -0.82484512928322062     
  0.53535353535353547      -0.80979041069201030     
  0.54545454545454553      -0.79438436745647156     
  0.55555555555555558      -0.77879066475233494     
  0.56565656565656564      -0.76302507690392385     
  0.57575757575757569      -0.74710043005811555     
  0.58585858585858575      -0.73102818906912803     
  0.59595959595959580      -0.71481866227525026     
  0.60606060606060586      -0.69848116011060613     
  0.61616161616161591      -0.68202412695568482     
  0.62626262626262597      -0.66545525161724872     
  0.63636363636363602      -0.64878156052108660     
  0.64646464646464608      -0.63200949681076324     
  0.65656565656565613      -0.61514498787235838     
  0.66666666666666619      -0.59819350329050425     
  0.67676767676767624      -0.58116010484381753     
  0.68686868686868630      -0.56404948983864744     
  0.69696969696969635      -0.54686602883739799     
  0.70707070707070641      -0.52961379864575509     
  0.71717171717171646      -0.51229661127016257     
  0.72727272727272652      -0.49491803943393664     
  0.73737373737373657      -0.47748143914066649     
  0.74747474747474663      -0.45998996969155920     
  0.75757575757575668      -0.44244661149468167     
  0.76767676767676674      -0.42485418194454433     
  0.77777777777777679      -0.40721534959611005     
  0.78787878787878685      -0.38953264680337607     
  0.79797979797979690      -0.37180848093301777     
  0.80808080808080696      -0.35404514418929078     
  0.81818181818181701      -0.33624482198378397     
  0.82828282828282707      -0.31840959963081372     
  0.83838383838383712      -0.30054146691039663     
  0.84848484848484718      -0.28264231965597142     
  0.85858585858585723      -0.26471395689177768     
  0.86868686868686729      -0.24675807098976676     
  0.87878787878787734      -0.22877622653019161     
  0.88888888888888740      -0.21076982048139842     
  0.89898989898989745      -0.19274001094912019     
  0.90909090909090751      -0.17468759217168986     
  0.91919191919191756      -0.15661277593290054     
  0.92929292929292762      -0.13851480661015020     
  0.93939393939393767      -0.12039127280533332     
  0.94949494949494773      -0.10223684763424509     
  0.95959595959595778       -8.4040908648919527E-002
  0.96969696969696784       -6.5782842634110869E-002
  0.97979797979797789       -4.7422223557900753E-002
  0.98989898989898795       -2.8876519430402790E-002
  0.99999999999999800       -9.9642735318551910E-003
