   0.0000000000000000        8.2688465109757980E-003
   1.0101010101010102E-002   1.8474995665538625E-002
   2.0202020202020204E-002   2.8479523357762253E-002
   3.0303030303030304E-002   3.8423806263835215E-002
   4.0404040404040407E-002   4.8334687488177888E-002
   5.0505050505050511E-002   5.8222272965274352E-002
   6.0606060606060615E-002   6.8092297627206977E-002
   7.0707070707070718E-002   7.7948641474876443E-002
   8.0808080808080815E-002   8.7794097304019145E-002
   9.0909090909090912E-002   9.7630716605520473E-002
  0.10101010101010101       0.10746001441879220     
  0.11111111111111110       0.11728310833813180     
  0.12121212121212120       0.12710081832478359     
  0.13131313131313130       0.13691374004441395     
  0.14141414141414141       0.14672229931627792     
  0.15151515151515152       0.15652679277494461     
  0.16161616161616163       0.16632741836156498     
  0.17171717171717174       0.17612429826744208     
  0.18181818181818185       0.18591749625111467     
  0.19191919191919196       0.19570703074431034     
  0.20202020202020207       0.20549288479389108     
  0.21212121212121218       0.21527501361746768     
  0.22222222222222229       0.22505335035244031     
  0.23232323232323240       0.23482781043231271     
  0.24242424242424251       0.24459829491615864     
  0.25252525252525260       0.25436469301691444     
  0.26262626262626271       0.26412688401435308     
  0.27272727272727282       0.27388473869379998     
  0.28282828282828293       0.28363812041796965     
  0.29292929292929304       0.29338688591387918     
  0.30303030303030315       0.30313088583752690     
  0.31313131313131326       0.31286996516436760     
  0.32323232323232337       0.32260396344242903     
  0.33333333333333348       0.33233271493633498     
  0.34343434343434359       0.34205604868391121     
  0.35353535353535370       0.35177378848195839     
  0.36363636363636381       0.36148575281383583     
  0.37373737373737392       0.37119175472843358     
  0.38383838383838403       0.38089160167771396     
  0.39393939393939414       0.39058509531812635     
  0.40404040404040426       0.40027203127971045     
  0.41414141414141437       0.40995219890552342     
  0.42424242424242448       0.41962538096306140     
  0.43434343434343459       0.42929135332724500     
  0.44444444444444470       0.43894988454935296     
  0.45454545454545481       0.44860072324681805     
  0.46464646464646492       0.45824294381937175     
  0.47474747474747503       0.46775123139497482     
  0.48484848484848514       0.46342944237385797     
  0.49494949494949525       0.25647152048083643     
  0.50505050505050531      -0.25647152048090521     
  0.51515151515151536      -0.46342944237386874     
  0.52525252525252542      -0.46775123139497676     
  0.53535353535353547      -0.45824294381937347     
  0.54545454545454553      -0.44860072324681971     
  0.55555555555555558      -0.43894988454935463     
  0.56565656565656564      -0.42929135332724672     
  0.57575757575757569      -0.41962538096306318     
  0.58585858585858575      -0.40995219890552520     
  0.59595959595959580      -0.40027203127971223     
  0.60606060606060586      -0.39058509531812813     
  0.61616161616161591      -0.38089160167771574     
  0.62626262626262597      -0.37119175472843524     
  0.63636363636363602      -0.36148575281383755     
  0.64646464646464608      -0.35177378848196006     
  0.65656565656565613      -0.34205604868391293     
  0.66666666666666619      -0.33233271493633676     
  0.67676767676767624      -0.32260396344243081     
  0.68686868686868630      -0.31286996516436938     
  0.69696969696969635      -0.30313088583752867     
  0.70707070707070641      -0.29338688591388101     
  0.71717171717171646      -0.28363812041797137     
  0.72727272727272652      -0.27388473869380175     
  0.73737373737373657      -0.26412688401435491     
  0.74747474747474663      -0.25436469301691622     
  0.75757575757575668      -0.24459829491616042     
  0.76767676767676674      -0.23482781043231452     
  0.77777777777777679      -0.22505335035244214     
  0.78787878787878685      -0.21527501361746954     
  0.79797979797979690      -0.20549288479389297     
  0.80808080808080696      -0.19570703074431220     
  0.81818181818181701      -0.18591749625111653     
  0.82828282828282707      -0.17612429826744394     
  0.83838383838383712      -0.16632741836156681     
  0.84848484848484718      -0.15652679277494647     
  0.85858585858585723      -0.14672229931627981     
  0.86868686868686729      -0.13691374004441584     
  0.87878787878787734      -0.12710081832478545     
  0.88888888888888740      -0.11728310833813367     
  0.89898989898989745      -0.10746001441879413     
  0.90909090909090751       -9.7630716605522444E-002
  0.91919191919191756       -8.7794097304021143E-002
  0.92929292929292762       -7.7948641474878483E-002
  0.93939393939393767       -6.8092297627209086E-002
  0.94949494949494773       -5.8222272965276545E-002
  0.95959595959595778       -4.8334687488180227E-002
  0.96969696969696784       -3.8423806263837769E-002
  0.97979797979797789       -2.8479523357765154E-002
  0.98989898989898795       -1.8474995665542119E-002
  0.99999999999999800       -8.2688465109804227E-003
