   0.0000000000000000        9.5611695942607478E-003
   1.0101010101010102E-002   3.5550935207936792E-002
   2.0202020202020204E-002   6.0558545539147246E-002
   3.0303030303030304E-002   8.5243357672010009E-002
   4.0404040404040407E-002  0.10978308782548281     
   5.0505050505050511E-002  0.13423984864634908     
   6.0606060606060615E-002  0.15863631634759534     
   7.0707070707070718E-002  0.18297959522418542     
   8.0808080808080815E-002  0.20727009157637938     
   9.0909090909090912E-002  0.23150513841530784     
  0.10101010101010101       0.25568055888739033     
  0.11111111111111110       0.27979135861750687     
  0.12121212121212120       0.30383203110129547     
  0.13131313131313130       0.32779668489989944     
  0.14141414141414141       0.35167908626233280     
  0.15151515151515152       0.37547266018130043     
  0.16161616161616163       0.39917046979548149     
  0.17171717171717174       0.42276518322351225     
  0.18181818181818185       0.44624903172395036     
  0.19191919191919196       0.46961376052549780     
  0.20202020202020207       0.49285057236556112     
  0.21212121212121218       0.51595006304438695     
  0.22222222222222229       0.53890214781873758     
  0.23232323232323240       0.56169597705688279     
  0.24242424242424251       0.58431983916486030     
  0.25252525252525260       0.60676104831523614     
  0.26262626262626271       0.62900581391814925     
  0.27272727272727282       0.65103908802301358     
  0.28282828282828293       0.67284438587011397     
  0.29292929292929304       0.69440357354757420     
  0.30303030303030315       0.71569661504428372     
  0.31313131313131326       0.73670126877271336     
  0.32323232323232337       0.75739272065064278     
  0.33333333333333348       0.77774313676178009     
  0.34343434343434359       0.79772111299390347     
  0.35353535353535370       0.81729099117340021     
  0.36363636363636381       0.83641199999212967     
  0.37373737373737392       0.85503716275490038     
  0.38383838383838403       0.87311188993369226     
  0.39393939393939414       0.89057213820687786     
  0.40404040404040426       0.90734196147586832     
  0.41414141414141437       0.92333019009278783     
  0.42424242424242448       0.93842582683801778     
  0.43434343434343459       0.95249150782463776     
  0.44444444444444470       0.96535383862250335     
  0.45454545454545481       0.97678925961003671     
  0.46464646464646492       0.98649593034153260     
  0.47474747474747503       0.99373209874329194     
  0.48484848484848514       0.96083922346577877     
  0.49494949494949525       0.57727294812482255     
  0.50505050505050531      -0.57727294812482643     
  0.51515151515151536      -0.96083922346577977     
  0.52525252525252542      -0.99373209874329227     
  0.53535353535353547      -0.98649593034153327     
  0.54545454545454553      -0.97678925961003771     
  0.55555555555555558      -0.96535383862250435     
  0.56565656565656564      -0.95249150782463965     
  0.57575757575757569      -0.93842582683801923     
  0.58585858585858575      -0.92333019009278960     
  0.59595959595959580      -0.90734196147587043     
  0.60606060606060586      -0.89057213820688019     
  0.61616161616161591      -0.87311188993369437     
  0.62626262626262597      -0.85503716275490271     
  0.63636363636363602      -0.83641199999213178     
  0.64646464646464608      -0.81729099117340265     
  0.65656565656565613      -0.79772111299390613     
  0.66666666666666619      -0.77774313676178275     
  0.67676767676767624      -0.75739272065064556     
  0.68686868686868630      -0.73670126877271636     
  0.69696969696969635      -0.71569661504428672     
  0.70707070707070641      -0.69440357354757742     
  0.71717171717171646      -0.67284438587011719     
  0.72727272727272652      -0.65103908802301691     
  0.73737373737373657      -0.62900581391815269     
  0.74747474747474663      -0.60676104831523969     
  0.75757575757575668      -0.58431983916486385     
  0.76767676767676674      -0.56169597705688634     
  0.77777777777777679      -0.53890214781874135     
  0.78787878787878685      -0.51595006304439095     
  0.79797979797979690      -0.49285057236556506     
  0.80808080808080696      -0.46961376052550174     
  0.81818181818181701      -0.44624903172395436     
  0.82828282828282707      -0.42276518322351631     
  0.83838383838383712      -0.39917046979548565     
  0.84848484848484718      -0.37547266018130465     
  0.85858585858585723      -0.35167908626233702     
  0.86868686868686729      -0.32779668489990371     
  0.87878787878787734      -0.30383203110129980     
  0.88888888888888740      -0.27979135861751120     
  0.89898989898989745      -0.25568055888739483     
  0.90909090909090751      -0.23150513841531234     
  0.91919191919191756      -0.20727009157638393     
  0.92929292929292762      -0.18297959522418997     
  0.93939393939393767      -0.15863631634759995     
  0.94949494949494773      -0.13423984864635377     
  0.95959595959595778      -0.10978308782548755     
  0.96969696969696784       -8.5243357672014894E-002
  0.97979797979797789       -6.0558545539152374E-002
  0.98989898989898795       -3.5550935207942690E-002
  0.99999999999999800       -9.5611695942702593E-003
