   0.0000000000000000        9.6387504904417651E-003
   1.0101010101010102E-002   3.4951182789766028E-002
   2.0202020202020204E-002   5.9350779195209431E-002
   3.0303030303030304E-002   8.3439005246141382E-002
   4.0404040404040407E-002  0.10738510880653983     
   5.0505050505050511E-002  0.13125010172678031     
   6.0606060606060615E-002  0.15505710420475288     
   7.0707070707070718E-002  0.17881395391567234     
   8.0808080808080815E-002  0.20252179029452200     
   9.0909090909090912E-002  0.22617863035213898     
  0.10101010101010101       0.24978094250993513     
  0.11111111111111110       0.27332435971253566     
  0.12121212121212120       0.29680400351366859     
  0.13131313131313130       0.32021462585804050     
  0.14141414141414141       0.34355066289499131     
  0.15151515151515152       0.36680624500784981     
  0.16161616161616163       0.38997518400353987     
  0.17171717171717174       0.41305094732942266     
  0.18181818181818185       0.43602662378396340     
  0.19191919191919196       0.45889488249604260     
  0.20202020202020207       0.48164792556127090     
  0.21212121212121218       0.50427743396154379     
  0.22222222222222229       0.52677450591787023     
  0.23232323232323240       0.54912958646303867     
  0.24242424242424251       0.57133238667659769     
  0.25252525252525260       0.59337179064384782     
  0.26262626262626271       0.61523574774223322     
  0.27272727272727282       0.63691114728460252     
  0.28282828282828293       0.65838367181579971     
  0.29292929292929304       0.67963762441112840     
  0.30303030303030315       0.70065572408669008     
  0.31313131313131326       0.72141886179676817     
  0.32323232323232337       0.74190580731232492     
  0.33333333333333348       0.76209285433099594     
  0.34343434343434359       0.78195338714622564     
  0.35353535353535370       0.80145734663058388     
  0.36363636363636381       0.82057056545331264     
  0.37373737373737392       0.83925393125542780     
  0.38383838383838403       0.85746232021518887     
  0.39393939393939414       0.87514321925924299     
  0.40404040404040426       0.89223491848852177     
  0.41414141414141437       0.90866409830749506     
  0.42424242424242448       0.92434254451109199     
  0.43434343434343459       0.93916257240654466     
  0.44444444444444470       0.95299049238278044     
  0.45454545454545481       0.96565687315068982     
  0.46464646464646492       0.97694098828575182     
  0.47474747474747503       0.98627140092457855     
  0.48484848484848514       0.95646735313456244     
  0.49494949494949525       0.57579116102541628     
  0.50505050505050531      -0.57579116102542049     
  0.51515151515151536      -0.95646735313456333     
  0.52525252525252542      -0.98627140092457921     
  0.53535353535353547      -0.97694098828575282     
  0.54545454545454553      -0.96565687315069082     
  0.55555555555555558      -0.95299049238278233     
  0.56565656565656564      -0.93916257240654610     
  0.57575757575757569      -0.92434254451109377     
  0.58585858585858575      -0.90866409830749706     
  0.59595959595959580      -0.89223491848852410     
  0.60606060606060586      -0.87514321925924499     
  0.61616161616161591      -0.85746232021519109     
  0.62626262626262597      -0.83925393125542991     
  0.63636363636363602      -0.82057056545331497     
  0.64646464646464608      -0.80145734663058643     
  0.65656565656565613      -0.78195338714622808     
  0.66666666666666619      -0.76209285433099883     
  0.67676767676767624      -0.74190580731232780     
  0.68686868686868630      -0.72141886179677117     
  0.69696969696969635      -0.70065572408669308     
  0.70707070707070641      -0.67963762441113162     
  0.71717171717171646      -0.65838367181580293     
  0.72727272727272652      -0.63691114728460585     
  0.73737373737373657      -0.61523574774223666     
  0.74747474747474663      -0.59337179064385126     
  0.75757575757575668      -0.57133238667660113     
  0.76767676767676674      -0.54912958646304233     
  0.77777777777777679      -0.52677450591787411     
  0.78787878787878685      -0.50427743396154767     
  0.79797979797979690      -0.48164792556127473     
  0.80808080808080696      -0.45889488249604649     
  0.81818181818181701      -0.43602662378396734     
  0.82828282828282707      -0.41305094732942665     
  0.83838383838383712      -0.38997518400354397     
  0.84848484848484718      -0.36680624500785391     
  0.85858585858585723      -0.34355066289499547     
  0.86868686868686729      -0.32021462585804467     
  0.87878787878787734      -0.29680400351367281     
  0.88888888888888740      -0.27332435971253999     
  0.89898989898989745      -0.24978094250993951     
  0.90909090909090751      -0.22617863035214339     
  0.91919191919191756      -0.20252179029452644     
  0.92929292929292762      -0.17881395391567678     
  0.93939393939393767      -0.15505710420475738     
  0.94949494949494773      -0.13125010172678489     
  0.95959595959595778      -0.10738510880654448     
  0.96969696969696784       -8.3439005246146170E-002
  0.97979797979797789       -5.9350779195214462E-002
  0.98989898989898795       -3.4951182789771849E-002
  0.99999999999999800       -9.6387504904511378E-003
