   0.0000000000000000        9.9216759582189291E-003
   1.0101010101010102E-002   3.1707145511834976E-002
   2.0202020202020204E-002   5.2910882583048560E-002
   3.0303030303030304E-002   7.3869925469787046E-002
   4.0404040404040407E-002   9.4705961931589103E-002
   5.0505050505050511E-002  0.11547064905342176     
   6.0606060606060615E-002  0.13618719571060678     
   7.0707070707070718E-002  0.15686592704947058     
   8.0808080808080815E-002  0.17751092315853928     
   9.0909090909090912E-002  0.19812308538322176     
  0.10101010101010101       0.21870162901258366     
  0.11111111111111110       0.23924483568024657     
  0.12121212121212120       0.25975044056494023     
  0.13131313131313130       0.28021583291022001     
  0.14141414141414141       0.30063815845121733     
  0.15151515151515152       0.32101436910515924     
  0.16161616161616163       0.34134124368040475     
  0.17171717171717174       0.36161539222834660     
  0.18181818181818185       0.38183325078495522     
  0.19191919191919196       0.40199107008166057     
  0.20202020202020207       0.42208490006773541     
  0.21212121212121218       0.44211057111457169     
  0.22222222222222229       0.46206367221393074     
  0.23232323232323240       0.48193952614646984     
  0.24242424242424251       0.50173316137797019     
  0.25252525252525260       0.52143928027883268     
  0.26262626262626271       0.54105222312231793     
  0.27272727272727282       0.56056592717651466     
  0.28282828282828293       0.57997388004848649     
  0.29292929292929304       0.59926906625344945     
  0.30303030303030315       0.61844390575421282     
  0.31313131313131326       0.63749018293157877     
  0.32323232323232337       0.65639896408629894     
  0.33333333333333348       0.67516050111294545     
  0.34343434343434359       0.69376411839247321     
  0.35353535353535370       0.71219807917759426     
  0.36363636363636381       0.73044942672953084     
  0.37373737373737392       0.74850379411594181     
  0.38383838383838403       0.76634517476831054     
  0.39393939393939414       0.78395564343436186     
  0.40404040404040426       0.80131501376857395     
  0.41414141414141437       0.81840041406279351     
  0.42424242424242448       0.83518575588802668     
  0.43434343434343459       0.85164106069467171     
  0.44444444444444470       0.86773159501268970     
  0.45454545454545481       0.88341673259540510     
  0.46464646464646492       0.89864711069895065     
  0.47474747474747503       0.91319469387465391     
  0.48484848484848514       0.89266491754586674     
  0.49494949494949525       0.53986402645886422     
  0.50505050505050531      -0.53986402645887344     
  0.51515151515151536      -0.89266491754586985     
  0.52525252525252542      -0.91319469387465568     
  0.53535353535353547      -0.89864711069895264     
  0.54545454545454553      -0.88341673259540698     
  0.55555555555555558      -0.86773159501269159     
  0.56565656565656564      -0.85164106069467405     
  0.57575757575757569      -0.83518575588802857     
  0.58585858585858575      -0.81840041406279584     
  0.59595959595959580      -0.80131501376857606     
  0.60606060606060586      -0.78395564343436419     
  0.61616161616161591      -0.76634517476831288     
  0.62626262626262597      -0.74850379411594437     
  0.63636363636363602      -0.73044942672953350     
  0.64646464646464608      -0.71219807917759692     
  0.65656565656565613      -0.69376411839247598     
  0.66666666666666619      -0.67516050111294834     
  0.67676767676767624      -0.65639896408630183     
  0.68686868686868630      -0.63749018293158177     
  0.69696969696969635      -0.61844390575421582     
  0.70707070707070641      -0.59926906625345255     
  0.71717171717171646      -0.57997388004848949     
  0.72727272727272652      -0.56056592717651788     
  0.73737373737373657      -0.54105222312232115     
  0.74747474747474663      -0.52143928027883601     
  0.75757575757575668      -0.50173316137797364     
  0.76767676767676674      -0.48193952614647328     
  0.77777777777777679      -0.46206367221393418     
  0.78787878787878685      -0.44211057111457513     
  0.79797979797979690      -0.42208490006773886     
  0.80808080808080696      -0.40199107008166407     
  0.81818181818181701      -0.38183325078495872     
  0.82828282828282707      -0.36161539222835015     
  0.83838383838383712      -0.34134124368040841     
  0.84848484848484718      -0.32101436910516296     
  0.85858585858585723      -0.30063815845122105     
  0.86868686868686729      -0.28021583291022367     
  0.87878787878787734      -0.25975044056494401     
  0.88888888888888740      -0.23924483568025040     
  0.89898989898989745      -0.21870162901258750     
  0.90909090909090751      -0.19812308538322562     
  0.91919191919191756      -0.17751092315854314     
  0.92929292929292762      -0.15686592704947447     
  0.93939393939393767      -0.13618719571061075     
  0.94949494949494773      -0.11547064905342577     
  0.95959595959595778       -9.4705961931593197E-002
  0.96969696969696784       -7.3869925469791292E-002
  0.97979797979797789       -5.2910882583053112E-002
  0.98989898989898795       -3.1707145511840375E-002
  0.99999999999999800       -9.9216759582275021E-003
