   0.0000000000000000        9.2306585128074138E-003
   1.0101010101010102E-002   2.2255758112538059E-002
   2.0202020202020204E-002   3.5116267359068358E-002
   3.0303030303030304E-002   4.7897272281303221E-002
   4.0404040404040407E-002   6.0626039776617867E-002
   5.0505050505050511E-002   7.3318278339619181E-002
   6.0606060606060615E-002   8.5984124089470593E-002
   7.0707070707070718E-002   9.8630271622566809E-002
   8.0808080808080815E-002  0.11126116424416987     
   9.0909090909090912E-002  0.12387974350204599     
  0.10101010101010101       0.13648793706765308     
  0.11111111111111110       0.14908698102597925     
  0.12121212121212120       0.16167763507565658     
  0.13131313131313130       0.17426032758651780     
  0.14141414141414141       0.18683525421212024     
  0.15151515151515152       0.19940244542992525     
  0.16161616161616163       0.21196181308853476     
  0.17171717171717174       0.22451318264019113     
  0.18181818181818185       0.23705631552805886     
  0.19191919191919196       0.24959092474814693     
  0.20202020202020207       0.26211668564423496     
  0.21212121212121218       0.27463324334998851     
  0.22222222222222229       0.28714021785672739     
  0.23232323232323240       0.29963720738794442     
  0.24242424242424251       0.31212379055702494     
  0.25252525252525260       0.32459952764269301     
  0.26262626262626271       0.33706396121756110     
  0.27272727272727282       0.34951661629542680     
  0.28282828282828293       0.36195700011358767     
  0.29292929292929304       0.37438460163125475     
  0.30303030303030315       0.38679889079988689     
  0.31313131313131326       0.39919931764299071     
  0.32323232323232337       0.41158531116957270     
  0.33333333333333348       0.42395627813553416     
  0.34343434343434359       0.43631160165984756     
  0.35353535353535370       0.44865063969659003     
  0.36363636363636381       0.46097272335932094     
  0.37373737373737392       0.47327715509046370     
  0.38383838383838403       0.48556320666502373     
  0.39393939393939414       0.49783011701489160     
  0.40404040404040426       0.51007708985699451     
  0.41414141414141437       0.52230329110551066     
  0.42424242424242448       0.53450784604511437     
  0.43434343434343459       0.54668983623731593     
  0.44444444444444470       0.55884829600951569     
  0.45454545454545481       0.57098219677229733     
  0.46464646464646492       0.58308940095001760     
  0.47474747474747503       0.59505630975483326     
  0.48484848484848514       0.58515902949345411     
  0.49494949494949525       0.35065408937819442     
  0.50505050505050531      -0.35065408937824266     
  0.51515151515151536      -0.58515902949346355     
  0.52525252525252542      -0.59505630975483548     
  0.53535353535353547      -0.58308940095001971     
  0.54545454545454553      -0.57098219677229911     
  0.55555555555555558      -0.55884829600951758     
  0.56565656565656564      -0.54668983623731793     
  0.57575757575757569      -0.53450784604511659     
  0.58585858585858575      -0.52230329110551288     
  0.59595959595959580      -0.51007708985699662     
  0.60606060606060586      -0.49783011701489371     
  0.61616161616161591      -0.48556320666502589     
  0.62626262626262597      -0.47327715509046586     
  0.63636363636363602      -0.46097272335932316     
  0.64646464646464608      -0.44865063969659225     
  0.65656565656565613      -0.43631160165984961     
  0.66666666666666619      -0.42395627813553638     
  0.67676767676767624      -0.41158531116957492     
  0.68686868686868630      -0.39919931764299293     
  0.69696969696969635      -0.38679889079988905     
  0.70707070707070641      -0.37438460163125703     
  0.71717171717171646      -0.36195700011358989     
  0.72727272727272652      -0.34951661629542896     
  0.73737373737373657      -0.33706396121756321     
  0.74747474747474663      -0.32459952764269523     
  0.75757575757575668      -0.31212379055702721     
  0.76767676767676674      -0.29963720738794669     
  0.77777777777777679      -0.28714021785672966     
  0.78787878787878685      -0.27463324334999079     
  0.79797979797979690      -0.26211668564423729     
  0.80808080808080696      -0.24959092474814926     
  0.81818181818181701      -0.23705631552806120     
  0.82828282828282707      -0.22451318264019349     
  0.83838383838383712      -0.21196181308853712     
  0.84848484848484718      -0.19940244542992763     
  0.85858585858585723      -0.18683525421212266     
  0.86868686868686729      -0.17426032758652016     
  0.87878787878787734      -0.16167763507565894     
  0.88888888888888740      -0.14908698102598167     
  0.89898989898989745      -0.13648793706765550     
  0.90909090909090751      -0.12387974350204840     
  0.91919191919191756      -0.11126116424417233     
  0.92929292929292762       -9.8630271622569307E-002
  0.93939393939393767       -8.5984124089473160E-002
  0.94949494949494773       -7.3318278339621817E-002
  0.95959595959595778       -6.0626039776620629E-002
  0.96969696969696784       -4.7897272281306191E-002
  0.97979797979797789       -3.5116267359071709E-002
  0.98989898989898795       -2.2255758112542167E-002
  0.99999999999999800       -9.2306585128132425E-003
