   0.0000000000000000        8.4459373665533785E-003
   1.0101010101010102E-002   4.1380019521878891E-002
   2.0202020202020204E-002   7.2587411431760410E-002
   3.0303030303030304E-002  0.10338875799350862     
   4.0404040404040407E-002  0.13402349823014448     
   5.0505050505050511E-002  0.16455028471612890     
   6.0606060606060615E-002  0.19497962698128768     
   7.0707070707070718E-002  0.22530673085058978     
   8.0808080808080815E-002  0.25552134422829331     
   9.0909090909090912E-002  0.28561097105984695     
  0.10101010101010101       0.31556193536413718     
  0.11111111111111110       0.34535970032985031     
  0.12121212121212120       0.37498891779731952     
  0.13131313131313130       0.40443337496984805     
  0.14141414141414141       0.43367589687477776     
  0.15151515151515152       0.46269822382984255     
  0.16161616161616163       0.49148086867255042     
  0.17171717171717174       0.52000295298622790     
  0.18181818181818185       0.54824201919054083     
  0.19191919191919196       0.57617381398019407     
  0.20202020202020207       0.60377203736479546     
  0.21212121212121218       0.63100805014622574     
  0.22222222222222229       0.65785053088592016     
  0.23232323232323240       0.68426507110806123     
  0.24242424242424251       0.71021369446804106     
  0.25252525252525260       0.73565428163191549     
  0.26262626262626271       0.76053987729879757     
  0.27272727272727282       0.78481784863298187     
  0.28282828282828293       0.80842885459761504     
  0.29292929292929304       0.83130557217727485     
  0.30303030303030315       0.85337110656359705     
  0.31313131313131326       0.87453698549460079     
  0.32323232323232337       0.89470059910052224     
  0.33333333333333348       0.91374188952502899     
  0.34343434343434359       0.93151900862641168     
  0.35353535353535370       0.94786253334179338     
  0.36363636363636381       0.96256759114919122     
  0.37373737373737392       0.97538313017624345     
  0.38383838383838403       0.98599492611166384     
  0.39393939393939414       0.99401053899567782     
  0.40404040404040426       0.99882151849491652     
  0.41414141414141437       0.99953888074752451     
  0.42424242424242448       0.99530244795111023     
  0.43434343434343459       0.98464078479023109     
  0.44444444444444470       0.96530111236897487     
  0.45454545454545481       0.93365131742673246     
  0.46464646464646492       0.88347443739524234     
  0.47474747474747503       0.80313829456656083     
  0.48484848484848514       0.66295181370792100     
  0.49494949494949525       0.35113308579929436     
  0.50505050505050531      -0.35113308579930536     
  0.51515151515151536      -0.66295181370792200     
  0.52525252525252542      -0.80313829456655927     
  0.53535353535353547      -0.88347443739524023     
  0.54545454545454553      -0.93365131742673080     
  0.55555555555555558      -0.96530111236897387     
  0.56565656565656564      -0.98464078479022965     
  0.57575757575757569      -0.99530244795111067     
  0.58585858585858575      -0.99953888074752428     
  0.59595959595959580      -0.99882151849491674     
  0.60606060606060586      -0.99401053899567837     
  0.61616161616161591      -0.98599492611166439     
  0.62626262626262597      -0.97538313017624478     
  0.63636363636363602      -0.96256759114919266     
  0.64646464646464608      -0.94786253334179515     
  0.65656565656565613      -0.93151900862641368     
  0.66666666666666619      -0.91374188952503110     
  0.67676767676767624      -0.89470059910052480     
  0.68686868686868630      -0.87453698549460346     
  0.69696969696969635      -0.85337110656359960     
  0.70707070707070641      -0.83130557217727785     
  0.71717171717171646      -0.80842885459761815     
  0.72727272727272652      -0.78481784863298498     
  0.73737373737373657      -0.76053987729880101     
  0.74747474747474663      -0.73565428163191882     
  0.75757575757575668      -0.71021369446804483     
  0.76767676767676674      -0.68426507110806511     
  0.77777777777777679      -0.65785053088592416     
  0.78787878787878685      -0.63100805014622996     
  0.79797979797979690      -0.60377203736479979     
  0.80808080808080696      -0.57617381398019840     
  0.81818181818181701      -0.54824201919054538     
  0.82828282828282707      -0.52000295298623256     
  0.83838383838383712      -0.49148086867255519     
  0.84848484848484718      -0.46269822382984743     
  0.85858585858585723      -0.43367589687478281     
  0.86868686868686729      -0.40443337496985310     
  0.87878787878787734      -0.37498891779732474     
  0.88888888888888740      -0.34535970032985558     
  0.89898989898989745      -0.31556193536414257     
  0.90909090909090751      -0.28561097105985239     
  0.91919191919191756      -0.25552134422829886     
  0.92929292929292762      -0.22530673085059541     
  0.93939393939393767      -0.19497962698129337     
  0.94949494949494773      -0.16455028471613467     
  0.95959595959595778      -0.13402349823015036     
  0.96969696969696784      -0.10338875799351457     
  0.97979797979797789       -7.2587411431766571E-002
  0.98989898989898795       -4.1380019521885650E-002
  0.99999999999999800       -8.4459373665640783E-003
