   0.0000000000000000        9.7064491149452554E-003
   1.0101010101010102E-002   3.4371867131691596E-002
   2.0202020202020204E-002   5.8189259581005508E-002
   3.0303030303030304E-002   8.1706664110628630E-002
   4.0404040404040407E-002  0.10508497530122735     
   5.0505050505050511E-002  0.12838393192248893     
   6.0606060606060615E-002  0.15162694979035171     
   7.0707070707070718E-002  0.17482249195030197     
   8.0808080808080815E-002  0.19797234827050764     
   9.0909090909090912E-002  0.22107514935969788     
  0.10101010101010101       0.24412794269730981     
  0.11111111111111110       0.26712692189354670     
  0.12121212121212120       0.29006776689434038     
  0.13131313131313130       0.31294579885883567     
  0.14141414141414141       0.33575604418217864     
  0.15151515151515152       0.35849325270103205     
  0.16161616161616163       0.38115189187854481     
  0.17171717171717174       0.40372612751790599     
  0.18181818181818185       0.42620979598430148     
  0.19191919191919196       0.44859637009899089     
  0.20202020202020207       0.47087891940627657     
  0.21212121212121218       0.49305006471610147     
  0.22222222222222229       0.51510192634550422     
  0.23232323232323240       0.53702606514230156     
  0.24242424242424251       0.55881341507800453     
  0.25252525252525260       0.58045420588816166     
  0.26262626262626271       0.60193787387923692     
  0.27272727272727282       0.62325295857983909     
  0.28282828282828293       0.64438698235701364     
  0.29292929292929304       0.66532630940430015     
  0.30303030303030315       0.68605597958304598     
  0.31313131313131326       0.70655951138756168     
  0.32323232323232337       0.72681866670363371     
  0.33333333333333348       0.74681316788993657     
  0.34343434343434359       0.76652035481792069     
  0.35353535353535370       0.78591476554225703     
  0.36363636363636381       0.80496761877005407     
  0.37373737373737392       0.82364616853791939     
  0.38383838383838403       0.84191289038447348     
  0.39393939393939414       0.85972444207090359     
  0.40404040404040426       0.87703031771658690     
  0.41414141414141437       0.89377107736288186     
  0.42424242424242448       0.90987597635811790     
  0.43434343434343459       0.92525972636838294     
  0.44444444444444470       0.93981796415290852     
  0.45454545454545481       0.95342074276120370     
  0.46464646464646492       0.96590147608497545     
  0.47474747474747503       0.97680946915991518     
  0.48484848484848514       0.94936706809024518     
  0.49494949494949525       0.57210837563352790     
  0.50505050505050531      -0.57210837563353234     
  0.51515151515151536      -0.94936706809024651     
  0.52525252525252542      -0.97680946915991618     
  0.53535353535353547      -0.96590147608497645     
  0.54545454545454553      -0.95342074276120559     
  0.55555555555555558      -0.93981796415290986     
  0.56565656565656564      -0.92525972636838472     
  0.57575757575757569      -0.90987597635811990     
  0.58585858585858575      -0.89377107736288419     
  0.59595959595959580      -0.87703031771658879     
  0.60606060606060586      -0.85972444207090581     
  0.61616161616161591      -0.84191289038447559     
  0.62626262626262597      -0.82364616853792161     
  0.63636363636363602      -0.80496761877005663     
  0.64646464646464608      -0.78591476554225936     
  0.65656565656565613      -0.76652035481792347     
  0.66666666666666619      -0.74681316788993946     
  0.67676767676767624      -0.72681866670363660     
  0.68686868686868630      -0.70655951138756456     
  0.69696969696969635      -0.68605597958304909     
  0.70707070707070641      -0.66532630940430326     
  0.71717171717171646      -0.64438698235701686     
  0.72727272727272652      -0.62325295857984242     
  0.73737373737373657      -0.60193787387924025     
  0.74747474747474663      -0.58045420588816499     
  0.75757575757575668      -0.55881341507800808     
  0.76767676767676674      -0.53702606514230533     
  0.77777777777777679      -0.51510192634550811     
  0.78787878787878685      -0.49305006471610524     
  0.79797979797979690      -0.47087891940628035     
  0.80808080808080696      -0.44859637009899472     
  0.81818181818181701      -0.42620979598430536     
  0.82828282828282707      -0.40372612751790998     
  0.83838383838383712      -0.38115189187854881     
  0.84848484848484718      -0.35849325270103605     
  0.85858585858585723      -0.33575604418218274     
  0.86868686868686729      -0.31294579885883972     
  0.87878787878787734      -0.29006776689434455     
  0.88888888888888740      -0.26712692189355097     
  0.89898989898989745      -0.24412794269731411     
  0.90909090909090751      -0.22107514935970218     
  0.91919191919191756      -0.19797234827051197     
  0.92929292929292762      -0.17482249195030630     
  0.93939393939393767      -0.15162694979035610     
  0.94949494949494773      -0.12838393192249342     
  0.95959595959595778      -0.10508497530123188     
  0.96969696969696784       -8.1706664110633320E-002
  0.97979797979797789       -5.8189259581010448E-002
  0.98989898989898795       -3.4371867131697334E-002
  0.99999999999999800       -9.7064491149544910E-003
