   0.0000000000000000        8.6132765883853834E-003
   1.0101010101010102E-002   1.9666911531219002E-002
   2.0202020202020204E-002   3.0538088498173129E-002
   3.0303030303030304E-002   4.1346629550919167E-002
   4.0404040404040407E-002   5.2117242583587513E-002
   5.0505050505050511E-002   6.2860863382061927E-002
   6.0606060606060615E-002   7.3584262637779965E-002
   7.0707070707070718E-002   8.4292102522738055E-002
   8.0808080808080815E-002   9.4987693385399710E-002
   9.0909090909090912E-002  0.10567340448597151     
  0.10101010101010101       0.11635093088799327     
  0.11111111111111110       0.12702147869397798     
  0.12121212121212120       0.13768589675777265     
  0.13131313131313130       0.14834477135365121     
  0.14141414141414141       0.15899849466659502     
  0.15151515151515152       0.16964731459758511     
  0.16161616161616163       0.18029137114523194     
  0.17171717171717174       0.19093072308982018     
  0.18181818181818185       0.20156536763444685     
  0.19191919191919196       0.21219525490473726     
  0.20202020202020207       0.22282029867628367     
  0.21212121212121218       0.23344038432079833     
  0.22222222222222229       0.24405537469194166     
  0.23232323232323240       0.25466511447792661     
  0.24242424242424251       0.26526943340806342     
  0.25252525252525260       0.27586814859884795     
  0.26262626262626271       0.28646106625109502     
  0.27272727272727282       0.29704798285526790     
  0.28282828282828293       0.30762868602210125     
  0.29292929292929304       0.31820295502594415     
  0.30303030303030315       0.32877056112618042     
  0.31313131313131326       0.33933126771558775     
  0.32323232323232337       0.34988483033211287     
  0.33333333333333348       0.36043099656120769     
  0.34343434343434359       0.37096950584879723     
  0.35353535353535370       0.38150008923956624     
  0.36363636363636381       0.39202246905112786     
  0.37373737373737392       0.40253635849145908     
  0.38383838383838403       0.41304146122450808     
  0.39393939393939414       0.42353747088693472     
  0.40404040404040426       0.43402407055738740     
  0.41414141414141437       0.44450093217844855     
  0.42424242424242448       0.45496771593031549     
  0.43434343434343459       0.46542406955305232     
  0.44444444444444470       0.47586962751519624     
  0.45454545454545481       0.48630399867972457     
  0.46464646464646492       0.49672595998540736     
  0.47474747474747503       0.50702388457922942     
  0.48484848484848514       0.50033629170123450     
  0.49494949494949525       0.28990393727875730     
  0.50505050505050531      -0.28990393727881919     
  0.51515151515151536      -0.50033629170124516     
  0.52525252525252542      -0.50702388457923153     
  0.53535353535353547      -0.49672595998540914     
  0.54545454545454553      -0.48630399867972629     
  0.55555555555555558      -0.47586962751519812     
  0.56565656565656564      -0.46542406955305415     
  0.57575757575757569      -0.45496771593031732     
  0.58585858585858575      -0.44450093217845049     
  0.59595959595959580      -0.43402407055738923     
  0.60606060606060586      -0.42353747088693666     
  0.61616161616161591      -0.41304146122450996     
  0.62626262626262597      -0.40253635849146102     
  0.63636363636363602      -0.39202246905112981     
  0.64646464646464608      -0.38150008923956807     
  0.65656565656565613      -0.37096950584879917     
  0.66666666666666619      -0.36043099656120953     
  0.67676767676767624      -0.34988483033211465     
  0.68686868686868630      -0.33933126771558964     
  0.69696969696969635      -0.32877056112618236     
  0.70707070707070641      -0.31820295502594603     
  0.71717171717171646      -0.30762868602210319     
  0.72727272727272652      -0.29704798285526984     
  0.73737373737373657      -0.28646106625109691     
  0.74747474747474663      -0.27586814859884989     
  0.75757575757575668      -0.26526943340806536     
  0.76767676767676674      -0.25466511447792861     
  0.77777777777777679      -0.24405537469194366     
  0.78787878787878685      -0.23344038432080030     
  0.79797979797979690      -0.22282029867628567     
  0.80808080808080696      -0.21219525490473926     
  0.81818181818181701      -0.20156536763444888     
  0.82828282828282707      -0.19093072308982220     
  0.83838383838383712      -0.18029137114523397     
  0.84848484848484718      -0.16964731459758711     
  0.85858585858585723      -0.15899849466659705     
  0.86868686868686729      -0.14834477135365326     
  0.87878787878787734      -0.13768589675777471     
  0.88888888888888740      -0.12702147869398001     
  0.89898989898989745      -0.11635093088799532     
  0.90909090909090751      -0.10567340448597361     
  0.91919191919191756       -9.4987693385401847E-002
  0.92929292929292762       -8.4292102522740220E-002
  0.93939393939393767       -7.3584262637782213E-002
  0.94949494949494773       -6.2860863382064258E-002
  0.95959595959595778       -5.2117242583589983E-002
  0.96969696969696784       -4.1346629550921846E-002
  0.97979797979797789       -3.0538088498176179E-002
  0.98989898989898795       -1.9666911531222697E-002
  0.99999999999999800       -8.6132765883903898E-003
