   0.0000000000000000        7.9769486958548835E-003
   1.0101010101010102E-002   4.3205991206184700E-002
   2.0202020202020204E-002   7.6472971192005051E-002
   3.0303030303030304E-002  0.10932100220573712     
   4.0404040404040407E-002  0.14199657603119017     
   5.0505050505050511E-002  0.17455115632422846     
   6.0606060606060615E-002  0.20698839974340680     
   7.0707070707070718E-002  0.23929788035104502     
   8.0808080808080815E-002  0.27146441893842055     
   9.0909090909090912E-002  0.30347085097393162     
  0.10101010101010101       0.33529882230450453     
  0.11111111111111110       0.36692895568718020     
  0.12121212121212120       0.39834080747090894     
  0.13131313131313130       0.42951274757132252     
  0.14141414141414141       0.46042180322602388     
  0.15151515151515152       0.49104347649591001     
  0.16161616161616163       0.52135153528990996     
  0.17171717171717174       0.55131777399896642     
  0.18181818181818185       0.58091173799117779     
  0.19191919191919196       0.61010040469430116     
  0.20202020202020207       0.63884781224093867     
  0.21212121212121218       0.66711462444202740     
  0.22222222222222229       0.69485761800359169     
  0.23232323232323240       0.72202907418986739     
  0.24242424242424251       0.74857605226128443     
  0.25252525252525260       0.77443951555542812     
  0.26262626262626271       0.79955327243335250     
  0.27272727272727282       0.82384268262235338     
  0.28282828282828293       0.84722306350036092     
  0.29292929292929304       0.86959770874871167     
  0.30303030303030315       0.89085540080522163     
  0.31313131313131326       0.91086725453946826     
  0.32323232323232337       0.92948266590383677     
  0.33333333333333348       0.94652404799369239     
  0.34343434343434359       0.96177987742022830     
  0.35353535353535370       0.97499550980141514     
  0.36363636363636381       0.98585937392546907     
  0.37373737373737392       0.99399099634377930     
  0.38383838383838403       0.99882943467473007     
  0.39393939393939414       0.99959816669102053     
  0.40404040404040426       0.99559419032204821     
  0.41414141414141437       0.98569571243198939     
  0.42424242424242448       0.96835964573100874     
  0.43434343434343459       0.94142947180293512     
  0.44444444444444470       0.90184249752526735     
  0.45454545454545481       0.84522814203377594     
  0.46464646464646492       0.76544204321639731     
  0.47474747474747503       0.65402721325362778     
  0.48484848484848514       0.49666080329875284     
  0.49494949494949525       0.24337296378785642     
  0.50505050505050531      -0.24337296378786746     
  0.51515151515151536      -0.49666080329875545     
  0.52525252525252542      -0.65402721325362723     
  0.53535353535353547      -0.76544204321639564     
  0.54545454545454553      -0.84522814203377417     
  0.55555555555555558      -0.90184249752526557     
  0.56565656565656564      -0.94142947180293346     
  0.57575757575757569      -0.96835964573100786     
  0.58585858585858575      -0.98569571243198817     
  0.59595959595959580      -0.99559419032204843     
  0.60606060606060586      -0.99959816669102031     
  0.61616161616161591      -0.99882943467473029     
  0.62626262626262597      -0.99399099634377985     
  0.63636363636363602      -0.98585937392546985     
  0.64646464646464608      -0.97499550980141658     
  0.65656565656565613      -0.96177987742022975     
  0.66666666666666619      -0.94652404799369427     
  0.67676767676767624      -0.92948266590383888     
  0.68686868686868630      -0.91086725453947048     
  0.69696969696969635      -0.89085540080522430     
  0.70707070707070641      -0.86959770874871445     
  0.71717171717171646      -0.84722306350036369     
  0.72727272727272652      -0.82384268262235638     
  0.73737373737373657      -0.79955327243335572     
  0.74747474747474663      -0.77443951555543156     
  0.75757575757575668      -0.74857605226128809     
  0.76767676767676674      -0.72202907418987106     
  0.77777777777777679      -0.69485761800359569     
  0.78787878787878685      -0.66711462444203162     
  0.79797979797979690      -0.63884781224094289     
  0.80808080808080696      -0.61010040469430560     
  0.81818181818181701      -0.58091173799118234     
  0.82828282828282707      -0.55131777399897119     
  0.83838383838383712      -0.52135153528991496     
  0.84848484848484718      -0.49104347649591512     
  0.85858585858585723      -0.46042180322602916     
  0.86868686868686729      -0.42951274757132785     
  0.87878787878787734      -0.39834080747091438     
  0.88888888888888740      -0.36692895568718575     
  0.89898989898989745      -0.33529882230451019     
  0.90909090909090751      -0.30347085097393739     
  0.91919191919191756      -0.27146441893842638     
  0.92929292929292762      -0.23929788035105101     
  0.93939393939393767      -0.20698839974341285     
  0.94949494949494773      -0.17455115632423460     
  0.95959595959595778      -0.14199657603119642     
  0.96969696969696784      -0.10932100220574345     
  0.97979797979797789       -7.6472971192011560E-002
  0.98989898989898795       -4.3205991206191750E-002
  0.99999999999999800       -7.9769486958658972E-003
