   0.0000000000000000        7.7258318326658649E-003
   1.0101010101010102E-002   1.6803222689443103E-002
   2.0202020202020204E-002   2.5646334117657175E-002
   3.0303030303030304E-002   3.4427369069764804E-002
   4.0404040404040407E-002   4.3178800006652140E-002
   5.0505050505050511E-002   5.1911006515649540E-002
   6.0606060606060615E-002   6.0628947380386197E-002
   7.0707070707070718E-002   6.9335694693531041E-002
   8.0808080808080815E-002   7.8033415072380583E-002
   9.0909090909090912E-002   8.6723723659510990E-002
  0.10101010101010101        9.5407851248652656E-002
  0.11111111111111110       0.10408674292891366     
  0.12121212121212120       0.11276112511642890     
  0.13131313131313130       0.12143155455095386     
  0.14141414141414141       0.13009845536556408     
  0.15151515151515152       0.13876214758939906     
  0.16161616161616163       0.14742286924010264     
  0.17171717171717174       0.15608079352533802     
  0.18181818181818185       0.16473604227656580     
  0.19191919191919196       0.17338869646487590     
  0.20202020202020207       0.18203880444904244     
  0.21212121212121218       0.19068638845614680     
  0.22222222222222229       0.19933144968119040     
  0.23232323232323240       0.20797397230494663     
  0.24242424242424251       0.21661392666235255     
  0.25252525252525260       0.22525127174220261     
  0.26262626262626271       0.23388595715913410     
  0.27272727272727282       0.24251792470813710     
  0.28282828282828293       0.25114710958797715     
  0.29292929292929304       0.25977344136138780     
  0.30303030303030315       0.26839684470545200     
  0.31313131313131326       0.27701723999431055     
  0.32323232323232337       0.28563454374749853     
  0.33333333333333348       0.29424866897027380     
  0.34343434343434359       0.30285952540683020     
  0.35353535353535370       0.31146701972297797     
  0.36363636363636381       0.32007105563145277     
  0.37373737373737392       0.32867153397030574     
  0.38383838383838403       0.33726835274266664     
  0.39393939393939414       0.34586140712445212     
  0.40404040404040426       0.35445058944521135     
  0.41414141414141437       0.36303578914619750     
  0.42424242424242448       0.37161689271885340     
  0.43434343434343459       0.38019378362455036     
  0.44444444444444470       0.38876634213325356     
  0.45454545454545481       0.39733442746821407     
  0.46464646464646492       0.40589744321143978     
  0.47474747474747503       0.41423325650995391     
  0.48484848484848514       0.41505156829263912     
  0.49494949494949525       0.19216311967036998     
  0.50505050505050531      -0.19216311967044986     
  0.51515151515151536      -0.41505156829264822     
  0.52525252525252542      -0.41423325650995585     
  0.53535353535353547      -0.40589744321144139     
  0.54545454545454553      -0.39733442746821568     
  0.55555555555555558      -0.38876634213325517     
  0.56565656565656564      -0.38019378362455192     
  0.57575757575757569      -0.37161689271885501     
  0.58585858585858575      -0.36303578914619894     
  0.59595959595959580      -0.35445058944521279     
  0.60606060606060586      -0.34586140712445362     
  0.61616161616161591      -0.33726835274266820     
  0.62626262626262597      -0.32867153397030729     
  0.63636363636363602      -0.32007105563145438     
  0.64646464646464608      -0.31146701972297958     
  0.65656565656565613      -0.30285952540683181     
  0.66666666666666619      -0.29424866897027541     
  0.67676767676767624      -0.28563454374750008     
  0.68686868686868630      -0.27701723999431216     
  0.69696969696969635      -0.26839684470545366     
  0.70707070707070641      -0.25977344136138936     
  0.71717171717171646      -0.25114710958797876     
  0.72727272727272652      -0.24251792470813868     
  0.73737373737373657      -0.23388595715913568     
  0.74747474747474663      -0.22525127174220422     
  0.75757575757575668      -0.21661392666235418     
  0.76767676767676674      -0.20797397230494827     
  0.77777777777777679      -0.19933144968119204     
  0.78787878787878685      -0.19068638845614844     
  0.79797979797979690      -0.18203880444904411     
  0.80808080808080696      -0.17338869646487753     
  0.81818181818181701      -0.16473604227656743     
  0.82828282828282707      -0.15608079352533966     
  0.83838383838383712      -0.14742286924010431     
  0.84848484848484718      -0.13876214758940073     
  0.85858585858585723      -0.13009845536556575     
  0.86868686868686729      -0.12143155455095553     
  0.87878787878787734      -0.11276112511643058     
  0.88888888888888740      -0.10408674292891539     
  0.89898989898989745       -9.5407851248654404E-002
  0.90909090909090751       -8.6723723659512766E-002
  0.91919191919191756       -7.8033415072382387E-002
  0.92929292929292762       -6.9335694693532887E-002
  0.93939393939393767       -6.0628947380388126E-002
  0.94949494949494773       -5.1911006515651552E-002
  0.95959595959595778       -4.3178800006654305E-002
  0.96969696969696784       -3.4427369069767177E-002
  0.97979797979797789       -2.5646334117659868E-002
  0.98989898989898795       -1.6803222689446298E-002
  0.99999999999999800       -7.7258318326699545E-003
