   0.0000000000000000        2.7417672829182405E-003
   1.0101010101010102E-002   5.7662099684829285E-002
   2.0202020202020204E-002  0.11030265277639793     
   3.0303030303030304E-002  0.16258467145630831     
   4.0404040404040407E-002  0.21446864733965118     
   5.0505050505050511E-002  0.26584291326999887     
   6.0606060606060615E-002  0.31659156396500049     
   7.0707070707070718E-002  0.36659679125415190     
   8.0808080808080815E-002  0.41573846666295960     
   9.0909090909090912E-002  0.46389373804430512     
  0.10101010101010101       0.51093664401243821     
  0.11111111111111110       0.55673775113430490     
  0.12121212121212120       0.60116382023682680     
  0.13131313131313130       0.64407750979769229     
  0.14141414141414141       0.68533712619305831     
  0.15151515151515152       0.72479643255787896     
  0.16161616161616163       0.76230453013654897     
  0.17171717171717174       0.79770582820579372     
  0.18181818181818185       0.83084012085640990     
  0.19191919191919196       0.86154279101590669     
  0.20202020202020207       0.88964516394092641     
  0.21212121212121218       0.91497503383701584     
  0.22222222222222229       0.93735738807647540     
  0.23232323232323240       0.95661535339025672     
  0.24242424242424251       0.97257138784513408     
  0.25252525252525260       0.98504870397971822     
  0.26262626262626271       0.99387317960864119     
  0.27272727272727282       0.99886104176286294     
  0.28282828282828293       0.99982840939970130     
  0.29292929292929304       0.99665436693365317     
  0.30303030303030315       0.98920051708349843     
  0.31313131313131326       0.97734267061839042     
  0.32323232323232337       0.96097566650990895     
  0.33333333333333348       0.94001685218324760     
  0.34343434343434359       0.91440963087866012     
  0.35353535353535370       0.88412698888778329     
  0.36363636363636381       0.84917490280697605     
  0.37373737373737392       0.80959551672012930     
  0.38383838383838403       0.76546997229413083     
  0.39393939393939414       0.71692077198692072     
  0.40404040404040426       0.66411355764624469     
  0.41414141414141437       0.60725819423365091     
  0.42424242424242448       0.54660906149949096     
  0.43434343434343459       0.48246447510689455     
  0.44444444444444470       0.41516518256033907     
  0.45454545454545481       0.34509190759144959     
  0.46464646464646492       0.27266194831181595     
  0.47474747474747503       0.19832486809202016     
  0.48484848484848514       0.12255234636634636     
  0.49494949494949525        4.5402969900283800E-002
  0.50505050505050531       -4.5402969900287998E-002
  0.51515151515151536      -0.12255234636634972     
  0.52525252525252542      -0.19832486809202288     
  0.53535353535353547      -0.27266194831181789     
  0.54545454545454553      -0.34509190759145114     
  0.55555555555555558      -0.41516518256034018     
  0.56565656565656564      -0.48246447510689527     
  0.57575757575757569      -0.54660906149949118     
  0.58585858585858575      -0.60725819423365068     
  0.59595959595959580      -0.66411355764624413     
  0.60606060606060586      -0.71692077198691984     
  0.61616161616161591      -0.76546997229412972     
  0.62626262626262597      -0.80959551672012819     
  0.63636363636363602      -0.84917490280697472     
  0.64646464646464608      -0.88412698888778218     
  0.65656565656565613      -0.91440963087865890     
  0.66666666666666619      -0.94001685218324638     
  0.67676767676767624      -0.96097566650990796     
  0.68686868686868630      -0.97734267061838964     
  0.69696969696969635      -0.98920051708349788     
  0.70707070707070641      -0.99665436693365295     
  0.71717171717171646      -0.99982840939970119     
  0.72727272727272652      -0.99886104176286328     
  0.73737373737373657      -0.99387317960864174     
  0.74747474747474663      -0.98504870397971933     
  0.75757575757575668      -0.97257138784513564     
  0.76767676767676674      -0.95661535339025860     
  0.77777777777777679      -0.93735738807647762     
  0.78787878787878685      -0.91497503383701839     
  0.79797979797979690      -0.88964516394092963     
  0.80808080808080696      -0.86154279101591047     
  0.81818181818181701      -0.83084012085641401     
  0.82828282828282707      -0.79770582820579827     
  0.83838383838383712      -0.76230453013655397     
  0.84848484848484718      -0.72479643255788440     
  0.85858585858585723      -0.68533712619306397     
  0.86868686868686729      -0.64407750979769862     
  0.87878787878787734      -0.60116382023683368     
  0.88888888888888740      -0.55673775113431223     
  0.89898989898989745      -0.51093664401244598     
  0.90909090909090751      -0.46389373804431322     
  0.91919191919191756      -0.41573846666296804     
  0.92929292929292762      -0.36659679125416067     
  0.93939393939393767      -0.31659156396500965     
  0.94949494949494773      -0.26584291327000825     
  0.95959595959595778      -0.21446864733966084     
  0.96969696969696784      -0.16258467145631822     
  0.97979797979797789      -0.11030265277640805     
  0.98989898989898795       -5.7662099684839652E-002
  0.99999999999999800       -2.7417672829307951E-003
