   0.0000000000000000        7.8178741235233763E-003
   1.0101010101010102E-002   1.7072636459740005E-002
   2.0202020202020204E-002   2.6098605876956196E-002
   3.0303030303030304E-002   3.5063164589227459E-002
   4.0404040404040407E-002   4.3997714723433008E-002
   5.0505050505050511E-002   5.2912484727377258E-002
   6.0606060606060615E-002   6.1812502564088420E-002
   7.0707070707070718E-002   7.0700943824388407E-002
   8.0808080808080815E-002   7.9580064766191824E-002
   9.0909090909090912E-002   8.8451547511314760E-002
  0.10101010101010101        9.7316669275902976E-002
  0.11111111111111110       0.10617640542275342     
  0.12121212121212120       0.11503150067828516     
  0.13131313131313130       0.12388252148947748     
  0.14141414141414141       0.13272989562031828     
  0.15151515151515152       0.14157394249509528     
  0.16161616161616163       0.15041489660776827     
  0.17171717171717174       0.15925292565454990     
  0.18181818181818185       0.16808814461940258     
  0.19191919191919196       0.17692062674131637     
  0.20202020202020207       0.18575041207106935     
  0.21212121212121218       0.19457751415924301     
  0.22222222222222229       0.20340192529158410     
  0.23232323232323240       0.21222362059214969     
  0.24242424242424251       0.22104256124163918     
  0.25252525252525260       0.22985869700242262     
  0.26262626262626271       0.23867196819888772     
  0.27272727272727282       0.24748230726874232     
  0.28282828282828293       0.25628963997546861     
  0.29292929292929304       0.26509388635245246     
  0.30303030303030315       0.27389496143405317     
  0.31313131313131326       0.28269277581701246     
  0.32323232323232337       0.29148723608634680     
  0.33333333333333348       0.30027824513262596     
  0.34343434343434359       0.30906570238186326     
  0.35353535353535370       0.31784950395477418     
  0.36363636363636381       0.32662954276863998     
  0.37373737373737392       0.33540570859222324     
  0.38383838383838403       0.34417788806197408     
  0.39393939393939414       0.35294596466600792     
  0.40404040404040426       0.36170981870093383     
  0.41414141414141437       0.37046932720548964     
  0.42424242424242448       0.37922436387402497     
  0.43434343434343459       0.38797479895131293     
  0.44444444444444470       0.39672049895647482     
  0.45454545454545481       0.40546132087495412     
  0.46464646464646492       0.41419539404523326     
  0.47474747474747503       0.42287986488865836     
  0.48484848484848514       0.40539126133251313     
  0.49494949494949525       0.29311096445162405     
  0.50505050505050531      -0.29311096445169366     
  0.51515151515151536      -0.40539126133253117     
  0.52525252525252542      -0.42287986488866003     
  0.53535353535353547      -0.41419539404523487     
  0.54545454545454553      -0.40546132087495579     
  0.55555555555555558      -0.39672049895647643     
  0.56565656565656564      -0.38797479895131459     
  0.57575757575757569      -0.37922436387402658     
  0.58585858585858575      -0.37046932720549125     
  0.59595959595959580      -0.36170981870093533     
  0.60606060606060586      -0.35294596466600942     
  0.61616161616161591      -0.34417788806197563     
  0.62626262626262597      -0.33540570859222485     
  0.63636363636363602      -0.32662954276864159     
  0.64646464646464608      -0.31784950395477579     
  0.65656565656565613      -0.30906570238186493     
  0.66666666666666619      -0.30027824513262769     
  0.67676767676767624      -0.29148723608634841     
  0.68686868686868630      -0.28269277581701407     
  0.69696969696969635      -0.27389496143405484     
  0.70707070707070641      -0.26509388635245412     
  0.71717171717171646      -0.25628963997547022     
  0.72727272727272652      -0.24748230726874390     
  0.73737373737373657      -0.23867196819888933     
  0.74747474747474663      -0.22985869700242426     
  0.75757575757575668      -0.22104256124164084     
  0.76767676767676674      -0.21222362059215136     
  0.77777777777777679      -0.20340192529158577     
  0.78787878787878685      -0.19457751415924468     
  0.79797979797979690      -0.18575041207107104     
  0.80808080808080696      -0.17692062674131806     
  0.81818181818181701      -0.16808814461940427     
  0.82828282828282707      -0.15925292565455157     
  0.83838383838383712      -0.15041489660776997     
  0.84848484848484718      -0.14157394249509700     
  0.85858585858585723      -0.13272989562031998     
  0.86868686868686729      -0.12388252148947917     
  0.87878787878787734      -0.11503150067828685     
  0.88888888888888740      -0.10617640542275517     
  0.89898989898989745       -9.7316669275904752E-002
  0.90909090909090751       -8.8451547511316578E-002
  0.91919191919191756       -7.9580064766193656E-002
  0.92929292929292762       -7.0700943824390280E-002
  0.93939393939393767       -6.1812502564090377E-002
  0.94949494949494773       -5.2912484727379298E-002
  0.95959595959595778       -4.3997714723435201E-002
  0.96969696969696784       -3.5063164589229860E-002
  0.97979797979797789       -2.6098605876958923E-002
  0.98989898989898795       -1.7072636459743249E-002
  0.99999999999999800       -7.8178741235275517E-003
