   0.0000000000000000        9.9148164834507949E-003
   1.0101010101010102E-002   2.7574663594084160E-002
   2.0202020202020204E-002   4.4940888446320069E-002
   3.0303030303030304E-002   6.2147922422814403E-002
   4.0404040404040407E-002   7.9262569223053553E-002
   5.0505050505050511E-002   9.6319750635176685E-002
   6.0606060606060615E-002  0.11333828295933712     
   7.0707070707070718E-002  0.13032842510189421     
   8.0808080808080815E-002  0.14729570273873394     
   9.0909090909090912E-002  0.16424293766609968     
  0.10101010101010101       0.18117136498220932     
  0.11111111111111110       0.19808126603420176     
  0.12121212121212120       0.21497233500852078     
  0.13131313131313130       0.23184389469594083     
  0.14141414141414141       0.24869502478945871     
  0.15151515151515152       0.26552463844324786     
  0.16161616161616163       0.28233152770919989     
  0.17171717171717174       0.29911438997367001     
  0.18181818181818185       0.31587184263059254     
  0.19191919191919196       0.33260243035971299     
  0.20202020202020207       0.34930462766718029     
  0.21212121212121218       0.36597683830898220     
  0.22222222222222229       0.38261739258133604     
  0.23232323232323240       0.39922454306659977     
  0.24242424242424251       0.41579645917409458     
  0.25252525252525260       0.43233122065562901     
  0.26262626262626271       0.44882681017082521     
  0.27272727272727282       0.46528110490610525     
  0.28282828282828293       0.48169186719991025     
  0.29292929292929304       0.49805673408672935     
  0.30303030303030315       0.51437320563809596     
  0.31313131313131326       0.53063863194591665     
  0.32323232323232337       0.54685019855939410     
  0.33333333333333348       0.56300491014901921     
  0.34343434343434359       0.57909957212741692     
  0.35353535353535370       0.59513076990498004     
  0.36363636363636381       0.61109484539565606     
  0.37373737373737392       0.62698787031187364     
  0.38383838383838403       0.64280561569355432     
  0.39393939393939414       0.65854351699949654     
  0.40404040404040426       0.67419663394369389     
  0.41414141414141437       0.68975960407579473     
  0.42424242424242448       0.70522658887255008     
  0.43434343434343459       0.72059121080905797     
  0.44444444444444470       0.73584647936990066     
  0.45454545454545481       0.75098469076342900     
  0.46464646464646492       0.76599600913149435     
  0.47474747474747503       0.78073067990085843     
  0.48484848484848514       0.76587020364826208     
  0.49494949494949525       0.46340374253514616     
  0.50505050505050531      -0.46340374253517003     
  0.51515151515151536      -0.76587020364826752     
  0.52525252525252542      -0.78073067990085998     
  0.53535353535353547      -0.76599600913149646     
  0.54545454545454553      -0.75098469076343122     
  0.55555555555555558      -0.73584647936990255     
  0.56565656565656564      -0.72059121080906030     
  0.57575757575757569      -0.70522658887255263     
  0.58585858585858575      -0.68975960407579695     
  0.59595959595959580      -0.67419663394369644     
  0.60606060606060586      -0.65854351699949898     
  0.61616161616161591      -0.64280561569355676     
  0.62626262626262597      -0.62698787031187619     
  0.63636363636363602      -0.61109484539565850     
  0.64646464646464608      -0.59513076990498270     
  0.65656565656565613      -0.57909957212741947     
  0.66666666666666619      -0.56300491014902165     
  0.67676767676767624      -0.54685019855939665     
  0.68686868686868630      -0.53063863194591954     
  0.69696969696969635      -0.51437320563809885     
  0.70707070707070641      -0.49805673408673212     
  0.71717171717171646      -0.48169186719991314     
  0.72727272727272652      -0.46528110490610813     
  0.73737373737373657      -0.44882681017082809     
  0.74747474747474663      -0.43233122065563190     
  0.75757575757575668      -0.41579645917409741     
  0.76767676767676674      -0.39922454306660266     
  0.77777777777777679      -0.38261739258133892     
  0.78787878787878685      -0.36597683830898509     
  0.79797979797979690      -0.34930462766718323     
  0.80808080808080696      -0.33260243035971593     
  0.81818181818181701      -0.31587184263059553     
  0.82828282828282707      -0.29911438997367307     
  0.83838383838383712      -0.28233152770920289     
  0.84848484848484718      -0.26552463844325092     
  0.85858585858585723      -0.24869502478946184     
  0.86868686868686729      -0.23184389469594399     
  0.87878787878787734      -0.21497233500852395     
  0.88888888888888740      -0.19808126603420489     
  0.89898989898989745      -0.18117136498221248     
  0.90909090909090751      -0.16424293766610290     
  0.91919191919191756      -0.14729570273873716     
  0.92929292929292762      -0.13032842510189749     
  0.93939393939393767      -0.11333828295934043     
  0.94949494949494773       -9.6319750635180043E-002
  0.95959595959595778       -7.9262569223057008E-002
  0.96969696969696784       -6.2147922422818053E-002
  0.97979797979797789       -4.4940888446324066E-002
  0.98989898989898795       -2.7574663594089013E-002
  0.99999999999999800       -9.9148164834582369E-003
