   0.0000000000000000        9.7013030973060951E-003
   1.0101010101010102E-002   2.5156096201671346E-002
   2.0202020202020204E-002   4.0408230989153436E-002
   3.0303030303030304E-002   5.5543767340879839E-002
   4.0404040404040407E-002   7.0606036682376347E-002
   5.0505050505050511E-002   8.5620153498385129E-002
   6.0606060606060615E-002  0.10060102915753026     
   7.0707070707070718E-002  0.11555760231016884     
   8.0808080808080815E-002  0.13049522697265367     
   9.0909090909090912E-002  0.14541705959025908     
  0.10101010101010101       0.16032488360840313     
  0.11111111111111110       0.17521960974377890     
  0.12121212121212120       0.19010158484531289     
  0.13131313131313130       0.20497078535781960     
  0.14141414141414141       0.21982693989334584     
  0.15151515151515152       0.23466960752606203     
  0.16161616161616163       0.24949822803171290     
  0.17171717171717174       0.26431215412284215     
  0.18181818181818185       0.27911067199802619     
  0.19191919191919196       0.29389301422560649     
  0.20202020202020207       0.30865836754626003     
  0.21212121212121218       0.32340587726880421     
  0.22222222222222229       0.33813464935003462     
  0.23232323232323240       0.35284375087099346     
  0.24242424242424251       0.36753220937423214     
  0.25252525252525260       0.38219901136274087     
  0.26262626262626271       0.39684310015175972     
  0.27272727272727282       0.41146337319074416     
  0.28282828282828293       0.42605867892207444     
  0.29292929292929304       0.44062781320764943     
  0.30303030303030315       0.45516951532896099     
  0.31313131313131326       0.46968246354704013     
  0.32323232323232337       0.48416527019335709     
  0.33333333333333348       0.49861647624965111     
  0.34343434343434359       0.51303454536253146     
  0.35353535353535370       0.52741785722660794     
  0.36363636363636381       0.54176470025712076     
  0.37373737373737392       0.55607326345889152     
  0.38383838383838403       0.57034162738227523     
  0.39393939393939414       0.58456775403798444     
  0.40404040404040426       0.59874947562044289     
  0.41414141414141437       0.61288448186281796     
  0.42424242424242448       0.62697030581500979     
  0.43434343434343459       0.64100430779592221     
  0.44444444444444470       0.65498365709532014     
  0.45454545454545481       0.66890529847943636     
  0.46464646464646492       0.68276470998339678     
  0.47474747474747503       0.69643195268856806     
  0.48484848484848514       0.68388229640707521     
  0.49494949494949525       0.41319944884945342     
  0.50505050505050531      -0.41319944884948739     
  0.51515151515151536      -0.68388229640708231     
  0.52525252525252542      -0.69643195268857039     
  0.53535353535353547      -0.68276470998339889     
  0.54545454545454553      -0.66890529847943869     
  0.55555555555555558      -0.65498365709532214     
  0.56565656565656564      -0.64100430779592432     
  0.57575757575757569      -0.62697030581501223     
  0.58585858585858575      -0.61288448186282030     
  0.59595959595959580      -0.59874947562044523     
  0.60606060606060586      -0.58456775403798678     
  0.61616161616161591      -0.57034162738227745     
  0.62626262626262597      -0.55607326345889374     
  0.63636363636363602      -0.54176470025712320     
  0.64646464646464608      -0.52741785722661039     
  0.65656565656565613      -0.51303454536253390     
  0.66666666666666619      -0.49861647624965366     
  0.67676767676767624      -0.48416527019335970     
  0.68686868686868630      -0.46968246354704268     
  0.69696969696969635      -0.45516951532896355     
  0.70707070707070641      -0.44062781320765204     
  0.71717171717171646      -0.42605867892207699     
  0.72727272727272652      -0.41146337319074666     
  0.73737373737373657      -0.39684310015176227     
  0.74747474747474663      -0.38219901136274348     
  0.75757575757575668      -0.36753220937423475     
  0.76767676767676674      -0.35284375087099606     
  0.77777777777777679      -0.33813464935003723     
  0.78787878787878685      -0.32340587726880682     
  0.79797979797979690      -0.30865836754626264     
  0.80808080808080696      -0.29389301422560909     
  0.81818181818181701      -0.27911067199802891     
  0.82828282828282707      -0.26431215412284487     
  0.83838383838383712      -0.24949822803171562     
  0.84848484848484718      -0.23466960752606475     
  0.85858585858585723      -0.21982693989334859     
  0.86868686868686729      -0.20497078535782240     
  0.87878787878787734      -0.19010158484531570     
  0.88888888888888740      -0.17521960974378170     
  0.89898989898989745      -0.16032488360840594     
  0.90909090909090751      -0.14541705959026191     
  0.91919191919191756      -0.13049522697265656     
  0.92929292929292762      -0.11555760231017174     
  0.93939393939393767      -0.10060102915753320     
  0.94949494949494773       -8.5620153498388141E-002
  0.95959595959595778       -7.0606036682379483E-002
  0.96969696969696784       -5.5543767340883170E-002
  0.97979797979797789       -4.0408230989157135E-002
  0.98989898989898795       -2.5156096201675870E-002
  0.99999999999999800       -9.7013030973128241E-003
