   0.0000000000000000        9.7878260865339722E-003
   1.0101010101010102E-002   2.5936934872127008E-002
   2.0202020202020204E-002   4.1860251974270783E-002
   3.0303030303030304E-002   5.7654184289623184E-002
   4.0404040404040407E-002   7.3368722512460224E-002
   5.0505050505050511E-002   8.9032025205478163E-002
   6.0606060606060615E-002  0.10466031374347549     
   7.0707070707070718E-002  0.12026302982657666     
   8.0808080808080815E-002  0.13584565274457966     
   9.0909090909090912E-002  0.15141128806027565     
  0.10101010101010101       0.16696158838050112     
  0.11111111111111110       0.18249729959746394     
  0.12121212121212120       0.19801859123993645     
  0.13131313131313130       0.21352525935045541     
  0.14141414141414141       0.22901685251920592     
  0.15151515151515152       0.24449275076459534     
  0.16161616161616163       0.25995221503258548     
  0.17171717171717174       0.27539441814202259     
  0.18181818181818185       0.29081846387121241     
  0.19191919191919196       0.30622339837717205     
  0.20202020202020207       0.32160821659722233     
  0.21212121212121218       0.33697186531969486     
  0.22222222222222229       0.35231324400159542     
  0.23232323232323240       0.36763120402159660     
  0.24242424242424251       0.38292454680497351     
  0.25252525252525260       0.39819202109260304     
  0.26262626262626271       0.41343231951736309     
  0.27272727272727282       0.42864407457820936     
  0.28282828282828293       0.44382585405205588     
  0.29292929292929304       0.45897615584802764     
  0.30303030303030315       0.47409340228221331     
  0.31313131313131326       0.48917593373005730     
  0.32323232323232337       0.50422200159547781     
  0.33333333333333348       0.51922976051888503     
  0.34343434343434359       0.53419725972915066     
  0.35353535353535370       0.54912243342615308     
  0.36363636363636381       0.56400309005979399     
  0.37373737373737392       0.57883690034739765     
  0.38383838383838403       0.59362138384310681     
  0.39393939393939414       0.60835389383906913     
  0.40404040404040426       0.62303160033742822     
  0.41414141414141437       0.63765147078258178     
  0.42424242424242448       0.65221024818256257     
  0.43434343434343459       0.66670442617246362     
  0.44444444444444470       0.68113022035091986     
  0.45454545454545481       0.69548352249038470     
  0.46464646464646492       0.70975860758414588     
  0.47474747474747503       0.72381986626597228     
  0.48484848484848514       0.71055788825282695     
  0.49494949494949525       0.42963097532791222     
  0.50505050505050531      -0.42963097532794248     
  0.51515151515151536      -0.71055788825283328     
  0.52525252525252542      -0.72381986626597450     
  0.53535353535353547      -0.70975860758414844     
  0.54545454545454553      -0.69548352249038692     
  0.55555555555555558      -0.68113022035092208     
  0.56565656565656564      -0.66670442617246595     
  0.57575757575757569      -0.65221024818256468     
  0.58585858585858575      -0.63765147078258400     
  0.59595959595959580      -0.62303160033743066     
  0.60606060606060586      -0.60835389383907168     
  0.61616161616161591      -0.59362138384310925     
  0.62626262626262597      -0.57883690034739999     
  0.63636363636363602      -0.56400309005979632     
  0.64646464646464608      -0.54912243342615563     
  0.65656565656565613      -0.53419725972915322     
  0.66666666666666619      -0.51922976051888758     
  0.67676767676767624      -0.50422200159548058     
  0.68686868686868630      -0.48917593373005996     
  0.69696969696969635      -0.47409340228221591     
  0.70707070707070641      -0.45897615584803031     
  0.71717171717171646      -0.44382585405205854     
  0.72727272727272652      -0.42864407457821202     
  0.73737373737373657      -0.41343231951736570     
  0.74747474747474663      -0.39819202109260571     
  0.75757575757575668      -0.38292454680497623     
  0.76767676767676674      -0.36763120402159927     
  0.77777777777777679      -0.35231324400159814     
  0.78787878787878685      -0.33697186531969758     
  0.79797979797979690      -0.32160821659722505     
  0.80808080808080696      -0.30622339837717477     
  0.81818181818181701      -0.29081846387121518     
  0.82828282828282707      -0.27539441814202542     
  0.83838383838383712      -0.25995221503258831     
  0.84848484848484718      -0.24449275076459823     
  0.85858585858585723      -0.22901685251920878     
  0.86868686868686729      -0.21352525935045830     
  0.87878787878787734      -0.19801859123993934     
  0.88888888888888740      -0.18249729959746686     
  0.89898989898989745      -0.16696158838050404     
  0.90909090909090751      -0.15141128806027859     
  0.91919191919191756      -0.13584565274458266     
  0.92929292929292762      -0.12026302982657967     
  0.93939393939393767      -0.10466031374347856     
  0.94949494949494773       -8.9032025205481286E-002
  0.95959595959595778       -7.3368722512463458E-002
  0.96969696969696784       -5.7654184289626612E-002
  0.97979797979797789       -4.1860251974274579E-002
  0.98989898989898795       -2.5936934872131643E-002
  0.99999999999999800       -9.7878260865409353E-003
