   0.0000000000000000        9.4279617465436154E-003
   1.0101010101010102E-002   2.3303951109210748E-002
   2.0202020202020204E-002   3.7009750234571884E-002
   3.0303030303030304E-002   5.0624708542805916E-002
   4.0404040404040407E-002   6.4180269631543385E-002
   5.0505050505050511E-002   7.7695123209971947E-002
   6.0606060606060615E-002   9.1181068869006607E-002
   7.0707070707070718E-002  0.10464565451958673     
   8.0808080808080815E-002  0.11809371932922055     
   9.0909090909090912E-002  0.13152834809582822     
  0.10101010101010101       0.14495147391440363     
  0.11111111111111110       0.15836426430377396     
  0.12121212121212120       0.17176737176229137     
  0.13131313131313130       0.18516109821162477     
  0.14141414141414141       0.19854550399610699     
  0.15151515151515152       0.21192048072650044     
  0.16161616161616163       0.22528580026860009     
  0.17171717171717174       0.23864114782329179     
  0.18181818181818185       0.25198614429394850     
  0.19191919191919196       0.26532036137562620     
  0.20202020202020207       0.27864333165827959     
  0.21212121212121218       0.29195455528678382     
  0.22222222222222229       0.30525350422351211     
  0.23232323232323240       0.31853962482631681     
  0.24242424242424251       0.33181233922975489     
  0.25252525252525260       0.34507104586405446     
  0.26262626262626271       0.35831511934098353     
  0.27272727272727282       0.37154390986287372     
  0.28282828282828293       0.38475674226019185     
  0.29292929292929304       0.39795291472727162     
  0.30303030303030315       0.41113169730037136     
  0.31313131313131326       0.42429233010389233     
  0.32323232323232337       0.43743402137712800     
  0.33333333333333348       0.45055594528376985     
  0.34343434343434359       0.46365723949847165     
  0.35353535353535370       0.47673700255828227     
  0.36363636363636381       0.48979429096114269     
  0.37373737373737392       0.50282811598845778     
  0.38383838383838403       0.51583744022368838     
  0.39393939393939414       0.52882117373368154     
  0.40404040404040426       0.54177816987383065     
  0.41414141414141437       0.55470722067192346     
  0.42424242424242448       0.56760705173844839     
  0.43434343434343459       0.58047631664161814     
  0.44444444444444470       0.59331359054801969     
  0.45454545454545481       0.60611735148652846     
  0.46464646464646492       0.61888479991063794     
  0.47474747474747503       0.63150430624696485     
  0.48484848484848514       0.61972495755329693     
  0.49494949494949525       0.37819665925769624     
  0.50505050505050531      -0.37819665925773899     
  0.51515151515151536      -0.61972495755330548     
  0.52525252525252542      -0.63150430624696696     
  0.53535353535353547      -0.61888479991064016     
  0.54545454545454553      -0.60611735148653079     
  0.55555555555555558      -0.59331359054802180     
  0.56565656565656564      -0.58047631664162025     
  0.57575757575757569      -0.56760705173845050     
  0.58585858585858575      -0.55470722067192535     
  0.59595959595959580      -0.54177816987383276     
  0.60606060606060586      -0.52882117373368387     
  0.61616161616161591      -0.51583744022369060     
  0.62626262626262597      -0.50282811598846000     
  0.63636363636363602      -0.48979429096114496     
  0.64646464646464608      -0.47673700255828455     
  0.65656565656565613      -0.46365723949847398     
  0.66666666666666619      -0.45055594528377224     
  0.67676767676767624      -0.43743402137713028     
  0.68686868686868630      -0.42429233010389461     
  0.69696969696969635      -0.41113169730037363     
  0.70707070707070641      -0.39795291472727390     
  0.71717171717171646      -0.38475674226019418     
  0.72727272727272652      -0.37154390986287611     
  0.73737373737373657      -0.35831511934098592     
  0.74747474747474663      -0.34507104586405668     
  0.75757575757575668      -0.33181233922975722     
  0.76767676767676674      -0.31853962482631920     
  0.77777777777777679      -0.30525350422351449     
  0.78787878787878685      -0.29195455528678621     
  0.79797979797979690      -0.27864333165828209     
  0.80808080808080696      -0.26532036137562864     
  0.81818181818181701      -0.25198614429395094     
  0.82828282828282707      -0.23864114782329426     
  0.83838383838383712      -0.22528580026860259     
  0.84848484848484718      -0.21192048072650294     
  0.85858585858585723      -0.19854550399610951     
  0.86868686868686729      -0.18516109821162732     
  0.87878787878787734      -0.17176737176229392     
  0.88888888888888740      -0.15836426430377648     
  0.89898989898989745      -0.14495147391440619     
  0.90909090909090751      -0.13152834809583080     
  0.91919191919191756      -0.11809371932922315     
  0.92929292929292762      -0.10464565451958936     
  0.93939393939393767       -9.1181068869009313E-002
  0.94949494949494773       -7.7695123209974723E-002
  0.95959595959595778       -6.4180269631546272E-002
  0.96969696969696784       -5.0624708542809010E-002
  0.97979797979797789       -3.7009750234575360E-002
  0.98989898989898795       -2.3303951109215008E-002
  0.99999999999999800       -9.4279617465497737E-003
