   0.0000000000000000        9.8154873401631263E-003
   1.0101010101010102E-002   3.3264415107579604E-002
   2.0202020202020204E-002   5.5982716182201617E-002
   3.0303030303030304E-002   7.8423551786575618E-002
   4.0404040404040407E-002  0.10073155577631253     
   5.0505050505050511E-002  0.12296351316662583     
   6.0606060606060615E-002  0.14514305485634843     
   7.0707070707070718E-002  0.16727961667472965     
   8.0808080808080815E-002  0.18937607793847797     
   9.0909090909090912E-002  0.21143211964325703     
  0.10101010101010101       0.23344578415931777     
  0.11111111111111110       0.25541422436716493     
  0.12121212121212120       0.27733406900036967     
  0.13131313131313130       0.29920159956823217     
  0.14141414141414141       0.32101283213586096     
  0.15151515151515152       0.34276354984459678     
  0.16161616161616163       0.36444930918214680     
  0.17171717171717174       0.38606543163584478     
  0.18181818181818185       0.40760698656907135     
  0.19191919191919196       0.42906876815060913     
  0.20202020202020207       0.45044526756950454     
  0.21212121212121218       0.47173064089461841     
  0.22222222222222229       0.49291867243349302     
  0.23232323232323240       0.51400273312246825     
  0.24242424242424251       0.53497573323795666     
  0.25252525252525260       0.55583006850015770     
  0.26262626262626271       0.57655755840996126     
  0.27272727272727282       0.59714937539210444     
  0.28282828282828293       0.61759596299061614     
  0.29292929292929304       0.63788694095254150     
  0.30303030303030315       0.65801099451400158     
  0.31313131313131326       0.67795574453102581     
  0.32323232323232337       0.69770759422489848     
  0.33333333333333348       0.71725154716668638     
  0.34343434343434359       0.73657098960759715     
  0.35353535353535370       0.75564742822700259     
  0.36363636363636381       0.77446017160960035     
  0.37373737373737392       0.79298593996962163     
  0.38383838383838403       0.81119838235207886     
  0.39393939393939414       0.82906747305499662     
  0.40404040404040426       0.84655874823638078     
  0.41414141414141437       0.86363232785073119     
  0.42424242424242448       0.88024164435606911     
  0.43434343434343459       0.89633176327391795     
  0.44444444444444470       0.91183712334181088     
  0.45454545454545481       0.92667842220766594     
  0.46464646464646492       0.94075691722903609     
  0.47474747474747503       0.95375410616325917     
  0.48484848484848514       0.92978912342442011     
  0.49494949494949525       0.56124677989402327     
  0.50505050505050531      -0.56124677989402927     
  0.51515151515151536      -0.92978912342442188     
  0.52525252525252542      -0.95375410616326095     
  0.53535353535353547      -0.94075691722903731     
  0.54545454545454553      -0.92667842220766761     
  0.55555555555555558      -0.91183712334181277     
  0.56565656565656564      -0.89633176327392006     
  0.57575757575757569      -0.88024164435607100     
  0.58585858585858575      -0.86363232785073329     
  0.59595959595959580      -0.84655874823638289     
  0.60606060606060586      -0.82906747305499873     
  0.61616161616161591      -0.81119838235208130     
  0.62626262626262597      -0.79298593996962397     
  0.63636363636363602      -0.77446017160960301     
  0.64646464646464608      -0.75564742822700526     
  0.65656565656565613      -0.73657098960760004     
  0.66666666666666619      -0.71725154716668904     
  0.67676767676767624      -0.69770759422490136     
  0.68686868686868630      -0.67795574453102891     
  0.69696969696969635      -0.65801099451400458     
  0.70707070707070641      -0.63788694095254461     
  0.71717171717171646      -0.61759596299061936     
  0.72727272727272652      -0.59714937539210766     
  0.73737373737373657      -0.57655755840996448     
  0.74747474747474663      -0.55583006850016103     
  0.75757575757575668      -0.53497573323796033     
  0.76767676767676674      -0.51400273312247191     
  0.77777777777777679      -0.49291867243349669     
  0.78787878787878685      -0.47173064089462202     
  0.79797979797979690      -0.45044526756950820     
  0.80808080808080696      -0.42906876815061284     
  0.81818181818181701      -0.40760698656907507     
  0.82828282828282707      -0.38606543163584861     
  0.83838383838383712      -0.36444930918215068     
  0.84848484848484718      -0.34276354984460067     
  0.85858585858585723      -0.32101283213586490     
  0.86868686868686729      -0.29920159956823605     
  0.87878787878787734      -0.27733406900037361     
  0.88888888888888740      -0.25541422436716904     
  0.89898989898989745      -0.23344578415932188     
  0.90909090909090751      -0.21143211964326114     
  0.91919191919191756      -0.18937607793848210     
  0.92929292929292762      -0.16727961667473379     
  0.93939393939393767      -0.14514305485635265     
  0.94949494949494773      -0.12296351316663014     
  0.95959595959595778      -0.10073155577631687     
  0.96969696969696784       -7.8423551786580115E-002
  0.97979797979797789       -5.5982716182206391E-002
  0.98989898989898795       -3.3264415107585196E-002
  0.99999999999999800       -9.8154873401720931E-003
