   0.0000000000000000        9.8580606774647563E-003
   1.0101010101010102E-002   3.2732734243033669E-002
   2.0202020202020204E-002   5.4929851889923116E-002
   3.0303030303030304E-002   7.6860588904302363E-002
   4.0404040404040407E-002   9.8661718074748522E-002
   5.0505050505050511E-002  0.12038838923134737     
   6.0606060606060615E-002  0.14206418053285771     
   7.0707070707070718E-002  0.16369889313100580     
   8.0808080808080815E-002  0.18529585913644350     
   9.0909090909090912E-002  0.20685520900413093     
  0.10101010101010101       0.22837541392159247     
  0.11111111111111110       0.24985403929532171     
  0.12121212121212120       0.27128811937463998     
  0.13131313131313130       0.29267434324967606     
  0.14141414141414141       0.31400914427712384     
  0.15151515151515152       0.33528873885827826     
  0.16161616161616163       0.35650913796031869     
  0.17171717171717174       0.37766614342502575     
  0.18181818181818185       0.39875533525634188     
  0.19191919191919196       0.41977205299814824     
  0.20202020202020207       0.44071137266094695     
  0.21212121212121218       0.46156807974688102     
  0.22222222222222229       0.48233663840071156     
  0.23232323232323240       0.50301115639066096     
  0.24242424242424251       0.52358534539426782     
  0.25252525252525260       0.54405247587237326     
  0.26262626262626271       0.56440532562406476     
  0.27272727272727282       0.58463612090320105     
  0.28282828282828293       0.60473646872397879     
  0.29292929292929304       0.62469727867013780     
  0.30303030303030315       0.64450867212827490     
  0.31313131313131326       0.66415987636304064     
  0.32323232323232337       0.68363910020437513     
  0.33333333333333348       0.70293338727470633     
  0.34343434343434359       0.72202844157796719     
  0.35353535353535370       0.74090841880464986     
  0.36363636363636381       0.75955567473789276     
  0.37373737373737392       0.77795045947132535     
  0.38383838383838403       0.79607054246979125     
  0.39393939393939414       0.81389074836831055     
  0.40404040404040426       0.83138237612353882     
  0.41414141414141437       0.84851246363017530     
  0.42424242424242448       0.86524284447697697     
  0.43434343434343459       0.88152892033787167     
  0.44444444444444470       0.89731803679052813     
  0.45454545454545481       0.91254728435423094     
  0.46464646464646492       0.92713914884174720     
  0.47474747474747503       0.94081469495584136     
  0.48484848484848514       0.91814880888724937     
  0.49494949494949525       0.55473730104339425     
  0.50505050505050531      -0.55473730104340124     
  0.51515151515151536      -0.91814880888725203     
  0.52525252525252542      -0.94081469495584247     
  0.53535353535353547      -0.92713914884174886     
  0.54545454545454553      -0.91254728435423282     
  0.55555555555555558      -0.89731803679053024     
  0.56565656565656564      -0.88152892033787356     
  0.57575757575757569      -0.86524284447697897     
  0.58585858585858575      -0.84851246363017752     
  0.59595959595959580      -0.83138237612354082     
  0.60606060606060586      -0.81389074836831299     
  0.61616161616161591      -0.79607054246979359     
  0.62626262626262597      -0.77795045947132790     
  0.63636363636363602      -0.75955567473789520     
  0.64646464646464608      -0.74090841880465275     
  0.65656565656565613      -0.72202844157796986     
  0.66666666666666619      -0.70293338727470911     
  0.67676767676767624      -0.68363910020437813     
  0.68686868686868630      -0.66415987636304363     
  0.69696969696969635      -0.64450867212827789     
  0.70707070707070641      -0.62469727867014091     
  0.71717171717171646      -0.60473646872398201     
  0.72727272727272652      -0.58463612090320416     
  0.73737373737373657      -0.56440532562406787     
  0.74747474747474663      -0.54405247587237671     
  0.75757575757575668      -0.52358534539427137     
  0.76767676767676674      -0.50301115639066452     
  0.77777777777777679      -0.48233663840071506     
  0.78787878787878685      -0.46156807974688463     
  0.79797979797979690      -0.44071137266095056     
  0.80808080808080696      -0.41977205299815185     
  0.81818181818181701      -0.39875533525634554     
  0.82828282828282707      -0.37766614342502947     
  0.83838383838383712      -0.35650913796032246     
  0.84848484848484718      -0.33528873885828209     
  0.85858585858585723      -0.31400914427712767     
  0.86868686868686729      -0.29267434324967989     
  0.87878787878787734      -0.27128811937464387     
  0.88888888888888740      -0.24985403929532571     
  0.89898989898989745      -0.22837541392159649     
  0.90909090909090751      -0.20685520900413495     
  0.91919191919191756      -0.18529585913644755     
  0.92929292929292762      -0.16369889313100985     
  0.93939393939393767      -0.14206418053286185     
  0.94949494949494773      -0.12038838923135158     
  0.95959595959595778       -9.8661718074752783E-002
  0.96969696969696784       -7.6860588904306776E-002
  0.97979797979797789       -5.4929851889927807E-002
  0.98989898989898795       -3.2732734243039192E-002
  0.99999999999999800       -9.8580606774735912E-003
