   0.0000000000000000        8.8579093172063052E-003
   1.0101010101010102E-002   2.0604368597930741E-002
   2.0202020202020204E-002   3.2179287670897803E-002
   3.0303030303030304E-002   4.3687330359409839E-002
   4.0404040404040407E-002   5.5152910943379471E-002
   5.0505050505050511E-002   6.6588235134308504E-002
   6.0606060606060615E-002   7.8001137357928949E-002
   7.0707070707070718E-002   8.9396980420591202E-002
   8.0808080808080815E-002  0.10077949568987636     
   9.0909090909090912E-002  0.11215128637690006     
  0.10101010101010101       0.12351416209452812     
  0.11111111111111110       0.13486936891760951     
  0.12121212121212120       0.14621774977763768     
  0.13131313131313130       0.15755985720723928     
  0.14141414141414141       0.16889603310902204     
  0.15151515151515152       0.18022646552218666     
  0.16161616161616163       0.19155122923154524     
  0.17171717171717174       0.20287031495072516     
  0.18181818181818185       0.21418365037304529     
  0.19191919191919196       0.22549111539792743     
  0.20202020202020207       0.23679255316078787     
  0.21212121212121218       0.24808777802211293     
  0.22222222222222229       0.25937658134114866     
  0.23232323232323240       0.27065873562705917     
  0.24242424242424251       0.28193399749553494     
  0.25252525252525260       0.29320210974119104     
  0.26262626262626271       0.30446280275164800     
  0.27272727272727282       0.31571579542820100     
  0.28282828282828293       0.32696079573370451     
  0.29292929292929304       0.33819750095597279     
  0.30303030303030315       0.34942559775127663     
  0.31313131313131326       0.36064476201502343     
  0.32323232323232337       0.37185465861373318     
  0.33333333333333348       0.38305494100275167     
  0.34343434343434359       0.39424525074687766     
  0.35353535353535370       0.40542521695558542     
  0.36363636363636381       0.41659445564032233     
  0.37373737373737392       0.42775256899810404     
  0.38383838383838403       0.43889914462306145     
  0.39393939393939414       0.45003375464552126     
  0.40404040404040426       0.46115595479647525     
  0.41414141414141437       0.47226528339381002     
  0.42424242424242448       0.48336126024531628     
  0.43434343434343459       0.49444338546103128     
  0.44444444444444470       0.50551113804554404     
  0.45454545454545481       0.51656396458936005     
  0.46464646464646492       0.52760018060873370     
  0.47474747474747503       0.53853260943326131     
  0.48484848484848514       0.52754494082987080     
  0.49494949494949525       0.32826115454171062     
  0.50505050505050531      -0.32826115454176663     
  0.51515151515151536      -0.52754494082988168     
  0.52525252525252542      -0.53853260943326342     
  0.53535353535353547      -0.52760018060873559     
  0.54545454545454553      -0.51656396458936193     
  0.55555555555555558      -0.50551113804554615     
  0.56565656565656564      -0.49444338546103317     
  0.57575757575757569      -0.48336126024531822     
  0.58585858585858575      -0.47226528339381207     
  0.59595959595959580      -0.46115595479647720     
  0.60606060606060586      -0.45003375464552320     
  0.61616161616161591      -0.43889914462306345     
  0.62626262626262597      -0.42775256899810604     
  0.63636363636363602      -0.41659445564032438     
  0.64646464646464608      -0.40542521695558742     
  0.65656565656565613      -0.39424525074687966     
  0.66666666666666619      -0.38305494100275372     
  0.67676767676767624      -0.37185465861373518     
  0.68686868686868630      -0.36064476201502532     
  0.69696969696969635      -0.34942559775127857     
  0.70707070707070641      -0.33819750095597473     
  0.71717171717171646      -0.32696079573370651     
  0.72727272727272652      -0.31571579542820305     
  0.73737373737373657      -0.30446280275165005     
  0.74747474747474663      -0.29320210974119315     
  0.75757575757575668      -0.28193399749553699     
  0.76767676767676674      -0.27065873562706133     
  0.77777777777777679      -0.25937658134115077     
  0.78787878787878685      -0.24808777802211507     
  0.79797979797979690      -0.23679255316078998     
  0.80808080808080696      -0.22549111539792954     
  0.81818181818181701      -0.21418365037304743     
  0.82828282828282707      -0.20287031495072730     
  0.83838383838383712      -0.19155122923154741     
  0.84848484848484718      -0.18022646552218882     
  0.85858585858585723      -0.16889603310902418     
  0.86868686868686729      -0.15755985720724142     
  0.87878787878787734      -0.14621774977763985     
  0.88888888888888740      -0.13486936891761167     
  0.89898989898989745      -0.12351416209453030     
  0.90909090909090751      -0.11215128637690226     
  0.91919191919191756      -0.10077949568987862     
  0.92929292929292762       -8.9396980420593491E-002
  0.93939393939393767       -7.8001137357931294E-002
  0.94949494949494773       -6.6588235134310947E-002
  0.95959595959595778       -5.5152910943382046E-002
  0.96969696969696784       -4.3687330359412621E-002
  0.97979797979797789       -3.2179287670900961E-002
  0.98989898989898795       -2.0604368597934589E-002
  0.99999999999999800       -8.8579093172116100E-003
