   0.0000000000000000        9.2988791001229736E-003
   1.0101010101010102E-002   2.2600177134850307E-002
   2.0202020202020204E-002   3.5735981763625774E-002
   3.0303030303030304E-002   4.8788833103881851E-002
   4.0404040404040407E-002   6.1787164749270249E-002
   5.0505050505050511E-002   7.4747604690022354E-002
   6.0606060606060615E-002   8.7680822354824633E-002
   7.0707070707070718E-002  0.10059379470711088     
   8.0808080808080815E-002  0.11349110156092020     
   9.0909090909090912E-002  0.12637573864123086     
  0.10101010101010101       0.13924964195069719     
  0.11111111111111110       0.15211403075238941     
  0.12121212121212120       0.16496963444487450     
  0.13131313131313130       0.17781684415108023     
  0.14141414141414141       0.19065581491758377     
  0.15151515151515152       0.20348653515179319     
  0.16161616161616163       0.21630887409811550     
  0.17171717171717174       0.22912261444924389     
  0.18181818181818185       0.24192747480498508     
  0.19191919191919196       0.25472312513949624     
  0.20202020202020207       0.26750919741650303     
  0.21212121212121218       0.28028529281260062     
  0.22222222222222229       0.29305098655215872     
  0.23232323232323240       0.30580583104767933     
  0.24242424242424251       0.31854935782761501     
  0.25252525252525260       0.33128107858758044     
  0.26262626262626271       0.34400048559941188     
  0.27272727272727282       0.35670705164153799     
  0.28282828282828293       0.36940022956411300     
  0.29292929292929304       0.38207945156688083     
  0.30303030303030315       0.39474412824236499     
  0.31313131313131326       0.40739364741866602     
  0.32323232323232337       0.42002737282276353     
  0.33333333333333348       0.43264464257528140     
  0.34343434343434359       0.44524476752013070     
  0.35353535353535370       0.45782702938652908     
  0.36363636363636381       0.47039067877607887     
  0.37373737373737392       0.48293493296345918     
  0.38383838383838403       0.49545897349555240     
  0.39393939393939414       0.50796194357024782     
  0.40404040404040426       0.52044294517256129     
  0.41414141414141437       0.53290103594191141     
  0.42424242424242448       0.54533522574024906     
  0.43434343434343459       0.55774447288478324     
  0.44444444444444470       0.57012767987786361     
  0.45454545454545481       0.58248367743066087     
  0.46464646464646492       0.59481007342054149     
  0.47474747474747503       0.60700107006286452     
  0.48484848484848514       0.59556901215899127     
  0.49494949494949525       0.36446882843708717     
  0.50505050505050531      -0.36446882843713330     
  0.51515151515151536      -0.59556901215900060     
  0.52525252525252542      -0.60700107006286685     
  0.53535353535353547      -0.59481007342054359     
  0.54545454545454553      -0.58248367743066298     
  0.55555555555555558      -0.57012767987786550     
  0.56565656565656564      -0.55774447288478513     
  0.57575757575757569      -0.54533522574025117     
  0.58585858585858575      -0.53290103594191363     
  0.59595959595959580      -0.52044294517256351     
  0.60606060606060586      -0.50796194357025004     
  0.61616161616161591      -0.49545897349555451     
  0.62626262626262597      -0.48293493296346141     
  0.63636363636363602      -0.47039067877608109     
  0.64646464646464608      -0.45782702938653136     
  0.65656565656565613      -0.44524476752013292     
  0.66666666666666619      -0.43264464257528351     
  0.67676767676767624      -0.42002737282276575     
  0.68686868686868630      -0.40739364741866829     
  0.69696969696969635      -0.39474412824236721     
  0.70707070707070641      -0.38207945156688311     
  0.71717171717171646      -0.36940022956411533     
  0.72727272727272652      -0.35670705164154021     
  0.73737373737373657      -0.34400048559941404     
  0.74747474747474663      -0.33128107858758266     
  0.75757575757575668      -0.31854935782761734     
  0.76767676767676674      -0.30580583104768161     
  0.77777777777777679      -0.29305098655216105     
  0.78787878787878685      -0.28028529281260295     
  0.79797979797979690      -0.26750919741650542     
  0.80808080808080696      -0.25472312513949863     
  0.81818181818181701      -0.24192747480498741     
  0.82828282828282707      -0.22912261444924628     
  0.83838383838383712      -0.21630887409811791     
  0.84848484848484718      -0.20348653515179560     
  0.85858585858585723      -0.19065581491758621     
  0.86868686868686729      -0.17781684415108268     
  0.87878787878787734      -0.16496963444487692     
  0.88888888888888740      -0.15211403075239185     
  0.89898989898989745      -0.13924964195069967     
  0.90909090909090751      -0.12637573864123333     
  0.91919191919191756      -0.11349110156092268     
  0.92929292929292762      -0.10059379470711344     
  0.93939393939393767       -8.7680822354827243E-002
  0.94949494949494773       -7.4747604690025032E-002
  0.95959595959595778       -6.1787164749273052E-002
  0.96969696969696784       -4.8788833103884863E-002
  0.97979797979797789       -3.5735981763629167E-002
  0.98989898989898795       -2.2600177134854463E-002
  0.99999999999999800       -9.2988791001289116E-003
