   0.0000000000000000        9.0128425322075559E-003
   1.0101010101010102E-002   2.1251159505148016E-002
   2.0202020202020204E-002   3.3322726177167632E-002
   3.0303030303030304E-002   4.5323251539887768E-002
   4.0404040404040407E-002   5.7277736357397212E-002
   5.0505050505050511E-002   6.9199572176269222E-002
   6.0606060606060615E-002   8.1097437496861255E-002
   7.0707070707070718E-002   9.2977207538323281E-002
   8.0808080808080815E-002  0.10484290075993011     
   9.0909090909090912E-002  0.11669726648806772     
  0.10101010101010101       0.12854217481158278     
  0.11111111111111110       0.14037888108496865     
  0.12121212121212120       0.15220820736318771     
  0.13131313131313130       0.16403066787697532     
  0.14141414141414141       0.17584655643160416     
  0.15151515151515152       0.18765600767855736     
  0.16161616161616163       0.19945904031616801     
  0.17171717171717174       0.21125558769489655     
  0.18181818181818185       0.22304551957899652     
  0.19191919191919196       0.23482865765541924     
  0.20202020202020207       0.24660478659268265     
  0.21212121212121218       0.25837366191298944     
  0.22222222222222229       0.27013501556867703     
  0.23232323232323240       0.28188855985526606     
  0.24242424242424251       0.29363399011206220     
  0.25252525252525260       0.30537098653335776     
  0.26262626262626271       0.31709921532243995     
  0.27272727272727282       0.32881832935570271     
  0.28282828282828293       0.34052796847749406     
  0.29292929292929304       0.35222775951259527     
  0.30303030303030315       0.36391731605869770     
  0.31313131313131326       0.37559623810330173     
  0.32323232323232337       0.38726411149625733     
  0.33333333333333348       0.39892050729937012     
  0.34343434343434359       0.41056498102716499     
  0.35353535353535370       0.42219707178734645     
  0.36363636363636381       0.43381630132521437     
  0.37373737373737392       0.44542217297293341     
  0.38383838383838403       0.45701417050182758     
  0.39393939393939414       0.46859175687359078     
  0.40404040404040426       0.48015437288430379     
  0.41414141414141437       0.49170143569332142     
  0.42424242424242448       0.50323233722731597     
  0.43434343434343459       0.51474644244673706     
  0.44444444444444470       0.52624308733796132     
  0.45454545454545481       0.53772156640027247     
  0.46464646464646492       0.54918002447140468     
  0.47474747474747503       0.56052476816239538     
  0.48484848484848514       0.54950985014004028     
  0.49494949494949525       0.33939601962670157     
  0.50505050505050531      -0.33939601962675481     
  0.51515151515151536      -0.54950985014005060     
  0.52525252525252542      -0.56052476816239716     
  0.53535353535353547      -0.54918002447140646     
  0.54545454545454553      -0.53772156640027458     
  0.55555555555555558      -0.52624308733796321     
  0.56565656565656564      -0.51474644244673917     
  0.57575757575757569      -0.50323233722731797     
  0.58585858585858575      -0.49170143569332342     
  0.59595959595959580      -0.48015437288430585     
  0.60606060606060586      -0.46859175687359289     
  0.61616161616161591      -0.45701417050182963     
  0.62626262626262597      -0.44542217297293546     
  0.63636363636363602      -0.43381630132521637     
  0.64646464646464608      -0.42219707178734861     
  0.65656565656565613      -0.41056498102716710     
  0.66666666666666619      -0.39892050729937217     
  0.67676767676767624      -0.38726411149625944     
  0.68686868686868630      -0.37559623810330378     
  0.69696969696969635      -0.36391731605869976     
  0.70707070707070641      -0.35222775951259733     
  0.71717171717171646      -0.34052796847749606     
  0.72727272727272652      -0.32881832935570476     
  0.73737373737373657      -0.31709921532244206     
  0.74747474747474663      -0.30537098653335992     
  0.75757575757575668      -0.29363399011206437     
  0.76767676767676674      -0.28188855985526817     
  0.77777777777777679      -0.27013501556867925     
  0.78787878787878685      -0.25837366191299166     
  0.79797979797979690      -0.24660478659268487     
  0.80808080808080696      -0.23482865765542144     
  0.81818181818181701      -0.22304551957899871     
  0.82828282828282707      -0.21125558769489880     
  0.83838383838383712      -0.19945904031617026     
  0.84848484848484718      -0.18765600767855964     
  0.85858585858585723      -0.17584655643160640     
  0.86868686868686729      -0.16403066787697754     
  0.87878787878787734      -0.15220820736318993     
  0.88888888888888740      -0.14037888108497090     
  0.89898989898989745      -0.12854217481158506     
  0.90909090909090751      -0.11669726648807001     
  0.91919191919191756      -0.10484290075993244     
  0.92929292929292762       -9.2977207538325654E-002
  0.93939393939393767       -8.1097437496863684E-002
  0.94949494949494773       -6.9199572176271734E-002
  0.95959595959595778       -5.7277736357399855E-002
  0.96969696969696784       -4.5323251539890620E-002
  0.97979797979797789       -3.3322726177170872E-002
  0.98989898989898795       -2.1251159505151967E-002
  0.99999999999999800       -9.0128425322130654E-003
