   0.0000000000000000        9.6528509081612191E-003
   1.0101010101010102E-002   2.4774546430951581E-002
   2.0202020202020204E-002   3.9702793090719987E-002
   3.0303030303030304E-002   5.4520299113836525E-002
   4.0404040404040407E-002   6.9267487594122060E-002
   5.0505050505050511E-002   8.3968048050941019E-002
   6.0606060606060615E-002   9.8636245475536524E-002
   7.0707070707070718E-002  0.11328075156832570     
   8.0808080808080815E-002  0.12790683765124430     
   9.0909090909090912E-002  0.14251766663787058     
  0.10101010101010101       0.15711507076243533     
  0.11111111111111110       0.17170002869912657     
  0.12121212121212120       0.18627296313382183     
  0.13131313131313130       0.20083392895586763     
  0.14141414141414141       0.21538273361872520     
  0.15151515151515152       0.22991901476514287     
  0.16161616161616163       0.24444229054947414     
  0.17171717171717174       0.25895199230028182     
  0.18181818181818185       0.27344748563372295     
  0.19191919191919196       0.28792808393669816     
  0.20202020202020207       0.30239305675885603     
  0.21212121212121218       0.31684163477203608     
  0.22222222222222229       0.33127301238713786     
  0.23232323232323240       0.34568634874725757     
  0.24242424242424251       0.36008076757127910     
  0.25252525252525260       0.37445535615932934     
  0.26262626262626271       0.38880916376219832     
  0.27272727272727282       0.40314119944267635     
  0.28282828282828293       0.41745042950583761     
  0.29292929292929304       0.43173577453975565     
  0.30303030303030315       0.44599610608273221     
  0.31313131313131326       0.46023024291434944     
  0.32323232323232337       0.47443694695310218     
  0.33333333333333348       0.48861491873137808     
  0.34343434343434359       0.50276279240792732     
  0.35353535353535370       0.51687913026783261     
  0.36363636363636381       0.53096241664966570     
  0.37373737373737392       0.54501105122841920     
  0.38383838383838403       0.55902334157042433     
  0.39393939393939414       0.57299749486227858     
  0.40404040404040426       0.58693160869924976     
  0.41414141414141437       0.60082366079909288     
  0.42424242424242448       0.61467149748391203     
  0.43434343434343459       0.62847282074338895     
  0.44444444444444470       0.64222517352831787     
  0.45454545454545481       0.65592591078669304     
  0.46464646464646492       0.66957094892705482     
  0.47474747474747503       0.68303681809166916     
  0.48484848484848514       0.67033827675080393     
  0.49494949494949525       0.40765621150544978     
  0.50505050505050531      -0.40765621150548548     
  0.51515151515151536      -0.67033827675081148     
  0.52525252525252542      -0.68303681809167127     
  0.53535353535353547      -0.66957094892705715     
  0.54545454545454553      -0.65592591078669504     
  0.55555555555555558      -0.64222517352831998     
  0.56565656565656564      -0.62847282074339128     
  0.57575757575757569      -0.61467149748391436     
  0.58585858585858575      -0.60082366079909533     
  0.59595959595959580      -0.58693160869925198     
  0.60606060606060586      -0.57299749486228069     
  0.61616161616161591      -0.55902334157042655     
  0.62626262626262597      -0.54501105122842142     
  0.63636363636363602      -0.53096241664966815     
  0.64646464646464608      -0.51687913026783505     
  0.65656565656565613      -0.50276279240792976     
  0.66666666666666619      -0.48861491873138058     
  0.67676767676767624      -0.47443694695310468     
  0.68686868686868630      -0.46023024291435194     
  0.69696969696969635      -0.44599610608273477     
  0.70707070707070641      -0.43173577453975814     
  0.71717171717171646      -0.41745042950584010     
  0.72727272727272652      -0.40314119944267884     
  0.73737373737373657      -0.38880916376220087     
  0.74747474747474663      -0.37445535615933190     
  0.75757575757575668      -0.36008076757128166     
  0.76767676767676674      -0.34568634874726012     
  0.77777777777777679      -0.33127301238714041     
  0.78787878787878685      -0.31684163477203864     
  0.79797979797979690      -0.30239305675885864     
  0.80808080808080696      -0.28792808393670077     
  0.81818181818181701      -0.27344748563372562     
  0.82828282828282707      -0.25895199230028448     
  0.83838383838383712      -0.24444229054947680     
  0.84848484848484718      -0.22991901476514554     
  0.85858585858585723      -0.21538273361872792     
  0.86868686868686729      -0.20083392895587038     
  0.87878787878787734      -0.18627296313382458     
  0.88888888888888740      -0.17170002869912931     
  0.89898989898989745      -0.15711507076243808     
  0.90909090909090751      -0.14251766663787338     
  0.91919191919191756      -0.12790683765124711     
  0.92929292929292762      -0.11328075156832855     
  0.93939393939393767       -9.8636245475539411E-002
  0.94949494949494773       -8.3968048050943975E-002
  0.95959595959595778       -6.9267487594125141E-002
  0.96969696969696784       -5.4520299113839807E-002
  0.97979797979797789       -3.9702793090723637E-002
  0.98989898989898795       -2.4774546430956050E-002
  0.99999999999999800       -9.6528509081678319E-003
