   0.0000000000000000        9.3646908969238548E-003
   1.0101010101010102E-002   2.2949535763668382E-002
   2.0202020202020204E-002   3.6367047019741354E-002
   3.0303030303030304E-002   4.9697828527360613E-002
   4.0404040404040407E-002   6.2971702915010627E-002
   5.0505050505050511E-002   7.6206291926620207E-002
   6.0606060606060615E-002   8.9412819977848779E-002
   7.0707070707070718E-002  0.10259854893542648     
   8.0808080808080815E-002  0.11576819092289345     
   9.0909090909090912E-002  0.12892478967431012     
  0.10101010101010101       0.14207028319055415     
  0.11111111111111110       0.15520586802542677     
  0.12121212121212120       0.16833223796407124     
  0.13131313131313130       0.18144974208655518     
  0.14141414141414141       0.19455849043794882     
  0.15151515151515152       0.20765842523899258     
  0.16161616161616163       0.22074936917972868     
  0.17171717171717174       0.23383105831570941     
  0.18181818181818185       0.24690316452179509     
  0.19191919191919196       0.25996531080293511     
  0.20202020202020207       0.27301708167967581     
  0.21212121212121218       0.28605803015151299     
  0.22222222222222229       0.29908768226414034     
  0.23232323232323240       0.31210553998509466     
  0.24242424242424251       0.32511108287365259     
  0.25252525252525260       0.33810376888093652     
  0.26262626262626271       0.35108303451264222     
  0.27272727272727282       0.36404829451474541     
  0.28282828282828293       0.37699894119203731     
  0.29292929292929304       0.38993434343365901     
  0.30303030303030315       0.40285384549437586     
  0.31313131313131326       0.41575676556200025     
  0.32323232323232337       0.42864239412796307     
  0.33333333333333348       0.44150999216801801     
  0.34343434343434359       0.45435878913236966     
  0.35353535353535370       0.46718798073837109     
  0.36363636363636381       0.47999672655379017     
  0.37373737373737392       0.49278414735408033     
  0.38383838383838403       0.50554932223279725     
  0.39393939393939414       0.51829128544003278     
  0.40404040404040426       0.53100902291928298     
  0.41414141414141437       0.54370146850834122     
  0.42424242424242448       0.55636749976442246     
  0.43434343434343459       0.56900593336623972     
  0.44444444444444470       0.58161551991657379     
  0.45454545454545481       0.59419492614121150     
  0.46464646464646492       0.60674163807156556     
  0.47474747474747503       0.61913891141427557     
  0.48484848484848514       0.60857712053747115     
  0.49494949494949525       0.36587562234221183     
  0.50505050505050531      -0.36587562234225646     
  0.51515151515151536      -0.60857712053747981     
  0.52525252525252542      -0.61913891141427779     
  0.53535353535353547      -0.60674163807156789     
  0.54545454545454553      -0.59419492614121361     
  0.55555555555555558      -0.58161551991657590     
  0.56565656565656564      -0.56900593336624172     
  0.57575757575757569      -0.55636749976442434     
  0.58585858585858575      -0.54370146850834333     
  0.59595959595959580      -0.53100902291928520     
  0.60606060606060586      -0.51829128544003500     
  0.61616161616161591      -0.50554932223279947     
  0.62626262626262597      -0.49278414735408255     
  0.63636363636363602      -0.47999672655379244     
  0.64646464646464608      -0.46718798073837331     
  0.65656565656565613      -0.45435878913237199     
  0.66666666666666619      -0.44150999216802023     
  0.67676767676767624      -0.42864239412796529     
  0.68686868686868630      -0.41575676556200253     
  0.69696969696969635      -0.40285384549437814     
  0.70707070707070641      -0.38993434343366129     
  0.71717171717171646      -0.37699894119203964     
  0.72727272727272652      -0.36404829451474774     
  0.73737373737373657      -0.35108303451264444     
  0.74747474747474663      -0.33810376888093874     
  0.75757575757575668      -0.32511108287365492     
  0.76767676767676674      -0.31210553998509699     
  0.77777777777777679      -0.29908768226414267     
  0.78787878787878685      -0.28605803015151537     
  0.79797979797979690      -0.27301708167967825     
  0.80808080808080696      -0.25996531080293755     
  0.81818181818181701      -0.24690316452179747     
  0.82828282828282707      -0.23383105831571183     
  0.83838383838383712      -0.22074936917973112     
  0.84848484848484718      -0.20765842523899505     
  0.85858585858585723      -0.19455849043795131     
  0.86868686868686729      -0.18144974208655767     
  0.87878787878787734      -0.16833223796407371     
  0.88888888888888740      -0.15520586802542924     
  0.89898989898989745      -0.14207028319055665     
  0.90909090909090751      -0.12892478967431265     
  0.91919191919191756      -0.11576819092289599     
  0.92929292929292762      -0.10259854893542908     
  0.93939393939393767       -8.9412819977851443E-002
  0.94949494949494773       -7.6206291926622940E-002
  0.95959595959595778       -6.2971702915013472E-002
  0.96969696969696784       -4.9697828527363666E-002
  0.97979797979797789       -3.6367047019744789E-002
  0.98989898989898795       -2.2949535763672591E-002
  0.99999999999999800       -9.3646908969299020E-003
