   0.0000000000000000        9.4725360955710998E-003
   1.0101010101010102E-002   3.6174967637534000E-002
   2.0202020202020204E-002   6.1820934260065311E-002
   3.0303030303030304E-002   8.7132651408711972E-002
   4.0404040404040407E-002  0.11229639318446787     
   5.0505050505050511E-002  0.13737516656760609     
   6.0606060606060615E-002  0.16239103274556924     
   7.0707070707070718E-002  0.18735023881667512     
   8.0808080808080815E-002  0.21225236226224653     
   9.0909090909090912E-002  0.23709396936040114     
  0.10101010101010101       0.26187015906009403     
  0.11111111111111110       0.28657522947849406     
  0.12121212121212120       0.31120296181894808     
  0.13131313131313130       0.33574673136603211     
  0.14141414141414141       0.36019953782177949     
  0.15151515151515152       0.38455399645249438     
  0.16161616161616163       0.40880230873447221     
  0.17171717171717174       0.43293622069665910     
  0.18181818181818185       0.45694697221909414     
  0.19191919191919196       0.48082523815390471     
  0.20202020202020207       0.50456106091062425     
  0.21212121212121218       0.52814377343965058     
  0.22222222222222229       0.55156191104240571     
  0.23232323232323240       0.57480310997522444     
  0.24242424242424251       0.59785399030752695     
  0.25252525252525260       0.62070001988324419     
  0.26262626262626271       0.64332535546401071     
  0.27272727272727282       0.66571265614258202     
  0.28282828282828293       0.68784286282691043     
  0.29292929292929304       0.70969493590210719     
  0.30303030303030315       0.73124554092824934     
  0.31313131313131326       0.75246866921061428     
  0.32323232323232337       0.77333517597132317     
  0.33333333333333348       0.79381221319363970     
  0.34343434343434359       0.81386252630558542     
  0.35353535353535370       0.83344357265244806     
  0.36363636363636381       0.85250640351510698     
  0.37373737373737392       0.87099422760957912     
  0.38383838383838403       0.88884053821484299     
  0.39393939393939414       0.90596663102125430     
  0.40404040404040426       0.92227825291132537     
  0.41414141414141437       0.93766097934920856     
  0.42424242424242448       0.95197368732805110     
  0.43434343434343459       0.96503898723487924     
  0.44444444444444470       0.97662929845913904     
  0.45454545454545481       0.98644079763775383     
  0.46464646464646492       0.99407284584321964     
  0.47474747474747503       0.99832586326965700     
  0.48484848484848514       0.96107971377309764     
  0.49494949494949525       0.57597103234713620     
  0.50505050505050531      -0.57597103234714053     
  0.51515151515151536      -0.96107971377309798     
  0.52525252525252542      -0.99832586326965722     
  0.53535353535353547      -0.99407284584322020     
  0.54545454545454553      -0.98644079763775439     
  0.55555555555555558      -0.97662929845914004     
  0.56565656565656564      -0.96503898723488035     
  0.57575757575757569      -0.95197368732805288     
  0.58585858585858575      -0.93766097934921000     
  0.59595959595959580      -0.92227825291132726     
  0.60606060606060586      -0.90596663102125652     
  0.61616161616161591      -0.88884053821484532     
  0.62626262626262597      -0.87099422760958134     
  0.63636363636363602      -0.85250640351510931     
  0.64646464646464608      -0.83344357265245028     
  0.65656565656565613      -0.81386252630558786     
  0.66666666666666619      -0.79381221319364248     
  0.67676767676767624      -0.77333517597132595     
  0.68686868686868630      -0.75246866921061717     
  0.69696969696969635      -0.73124554092825245     
  0.70707070707070641      -0.70969493590211041     
  0.71717171717171646      -0.68784286282691365     
  0.72727272727272652      -0.66571265614258535     
  0.73737373737373657      -0.64332535546401415     
  0.74747474747474663      -0.62070001988324774     
  0.75757575757575668      -0.59785399030753061     
  0.76767676767676674      -0.57480310997522810     
  0.77777777777777679      -0.55156191104240948     
  0.78787878787878685      -0.52814377343965446     
  0.79797979797979690      -0.50456106091062836     
  0.80808080808080696      -0.48082523815390871     
  0.81818181818181701      -0.45694697221909819     
  0.82828282828282707      -0.43293622069666321     
  0.83838383838383712      -0.40880230873447643     
  0.84848484848484718      -0.38455399645249866     
  0.85858585858585723      -0.36019953782178382     
  0.86868686868686729      -0.33574673136603650     
  0.87878787878787734      -0.31120296181895246     
  0.88888888888888740      -0.28657522947849851     
  0.89898989898989745      -0.26187015906009858     
  0.90909090909090751      -0.23709396936040575     
  0.91919191919191756      -0.21225236226225119     
  0.92929292929292762      -0.18735023881667978     
  0.93939393939393767      -0.16239103274557395     
  0.94949494949494773      -0.13737516656761090     
  0.95959595959595778      -0.11229639318447272     
  0.96969696969696784       -8.7132651408716968E-002
  0.97979797979797789       -6.1820934260070542E-002
  0.98989898989898795       -3.6174967637539981E-002
  0.99999999999999800       -9.4725360955807535E-003
