   0.0000000000000000        9.8255798520003167E-003
   1.0101010101010102E-002   2.6336567302197161E-002
   2.0202020202020204E-002   4.2607648467000013E-002
   3.0303030303030304E-002   5.8742417853182918E-002
   4.0404040404040407E-002   7.4794627322771229E-002
   5.0505050505050511E-002   9.0794048100171901E-002
   6.0606060606060615E-002  0.10675755885793452     
   7.0707070707070718E-002  0.12269483290662606     
   8.0808080808080815E-002  0.13861138909510853     
   9.0909090909090912E-002  0.15451028648479551     
  0.10101010101010101       0.17039309407349781     
  0.11111111111111110       0.18626045958874371     
  0.12121212121212120       0.20211244987418914     
  0.13131313131313130       0.21794875780850906     
  0.14141414141414141       0.23376882953207462     
  0.15151515151515152       0.24957194320891071     
  0.16161616161616163       0.26535725784812675     
  0.17171717171717174       0.28112384337337748     
  0.18181818181818185       0.29687069880073919     
  0.19191919191919196       0.31259676278330834     
  0.20202020202020207       0.32830091919066773     
  0.21212121212121218       0.34398199940555801     
  0.22222222222222229       0.35963878240115860     
  0.23232323232323240       0.37526999326928084     
  0.24242424242424251       0.39087430061734363     
  0.25252525252525260       0.40645031308801222     
  0.26262626262626271       0.42199657514737088     
  0.27272727272727282       0.43751156221501691     
  0.28282828282828293       0.45299367515947314     
  0.29292929292929304       0.46844123414638406     
  0.30303030303030315       0.48385247179955643     
  0.31313131313131326       0.49922552561230948     
  0.32323232323232337       0.51455842952624742     
  0.33333333333333348       0.52984910457457624     
  0.34343434343434359       0.54509534846601393     
  0.35353535353535370       0.56029482396192065     
  0.36363636363636381       0.57544504587232770     
  0.37373737373737392       0.59054336646482786     
  0.38383838383838403       0.60558695904238502     
  0.39393939393939414       0.62057279940036614     
  0.40404040404040426       0.63549764481740845     
  0.41414141414141437       0.65035801016648909     
  0.42424242424242448       0.66515014064838107     
  0.43434343434343459       0.67986998054386272     
  0.44444444444444470       0.69451313711993490     
  0.45454545454545481       0.70907482614265749     
  0.46464646464646492       0.72354853351420756     
  0.47474747474747503       0.73779772132021937     
  0.48484848484848514       0.72389057216964492     
  0.49494949494949525       0.43937142201678070     
  0.50505050505050531      -0.43937142201680940     
  0.51515151515151536      -0.72389057216965103     
  0.52525252525252542      -0.73779772132022126     
  0.53535353535353547      -0.72354853351420978     
  0.54545454545454553      -0.70907482614266004     
  0.55555555555555558      -0.69451313711993712     
  0.56565656565656564      -0.67986998054386494     
  0.57575757575757569      -0.66515014064838340     
  0.58585858585858575      -0.65035801016649131     
  0.59595959595959580      -0.63549764481741078     
  0.60606060606060586      -0.62057279940036858     
  0.61616161616161591      -0.60558695904238757     
  0.62626262626262597      -0.59054336646483030     
  0.63636363636363602      -0.57544504587233003     
  0.64646464646464608      -0.56029482396192298     
  0.65656565656565613      -0.54509534846601659     
  0.66666666666666619      -0.52984910457457890     
  0.67676767676767624      -0.51455842952625008     
  0.68686868686868630      -0.49922552561231226     
  0.69696969696969635      -0.48385247179955909     
  0.70707070707070641      -0.46844123414638678     
  0.71717171717171646      -0.45299367515947586     
  0.72727272727272652      -0.43751156221501963     
  0.73737373737373657      -0.42199657514737354     
  0.74747474747474663      -0.40645031308801488     
  0.75757575757575668      -0.39087430061734635     
  0.76767676767676674      -0.37526999326928362     
  0.77777777777777679      -0.35963878240116132     
  0.78787878787878685      -0.34398199940556079     
  0.79797979797979690      -0.32830091919067050     
  0.80808080808080696      -0.31259676278331111     
  0.81818181818181701      -0.29687069880074196     
  0.82828282828282707      -0.28112384337338037     
  0.83838383838383712      -0.26535725784812964     
  0.84848484848484718      -0.24957194320891365     
  0.85858585858585723      -0.23376882953207756     
  0.86868686868686729      -0.21794875780851200     
  0.87878787878787734      -0.20211244987419208     
  0.88888888888888740      -0.18626045958874668     
  0.89898989898989745      -0.17039309407350078     
  0.90909090909090751      -0.15451028648479850     
  0.91919191919191756      -0.13861138909511156     
  0.92929292929292762      -0.12269483290662914     
  0.93939393939393767      -0.10675755885793764     
  0.94949494949494773       -9.0794048100175079E-002
  0.95959595959595778       -7.4794627322774518E-002
  0.96969696969696784       -5.8742417853186402E-002
  0.97979797979797789       -4.2607648467003857E-002
  0.98989898989898795       -2.6336567302201852E-002
  0.99999999999999800       -9.8255798520073979E-003
