   0.0000000000000000        5.8304061440123869E-003
   1.0101010101010102E-002   4.9977865953846068E-002
   2.0202020202020204E-002   9.1502717820747217E-002
   3.0303030303030304E-002  0.13261907035728177     
   4.0404040404040407E-002  0.17352051036176058     
   5.0505050505050511E-002  0.21420449307802319     
   6.0606060606060615E-002  0.25463600153019850     
   7.0707070707070718E-002  0.29477310064473183     
   8.0808080808080815E-002  0.33457132552189650     
   9.0909090909090912E-002  0.37398422319878605     
  0.10101010101010101       0.41296317162158364     
  0.11111111111111110       0.45145705528718699     
  0.12121212121212120       0.48941189229111692     
  0.13131313131313130       0.52677042025605147     
  0.14141414141414141       0.56347163520756538     
  0.15151515151515152       0.59945027532330275     
  0.16161616161616163       0.63463624023494691     
  0.17171717171717174       0.66895393510553403     
  0.18181818181818185       0.70232152701793593     
  0.19191919191919196       0.73465009928017455     
  0.20202020202020207       0.76584268707945058     
  0.21212121212121218       0.79579317552385809     
  0.22222222222222229       0.82438503856581502     
  0.23232323232323240       0.85148989474182313     
  0.24242424242424251       0.87696585333967036     
  0.25252525252525260       0.90065562294512336     
  0.26262626262626271       0.92238435399226382     
  0.27272727272727282       0.94195718927525296     
  0.28282828282828293       0.95915649895057065     
  0.29292929292929304       0.97373881541438156     
  0.30303030303030315       0.98543110144552426     
  0.31313131313131326       0.99392873861584152     
  0.32323232323232337       0.99884865965609049     
  0.33333333333333348       0.99973874093373238     
  0.34343434343434359       0.99625272445503088     
  0.35353535353535370       0.98792102165873208     
  0.36363636363636381       0.97422529220419729     
  0.37373737373737392       0.95460518535628658     
  0.38383838383838403       0.92846593208484474     
  0.39393939393939414       0.89519222461624282     
  0.40404040404040426       0.85417034371461109     
  0.41414141414141437       0.80482041120965275     
  0.42424242424242448       0.74664010448546625     
  0.43434343434343459       0.67925997564907903     
  0.44444444444444470       0.60250853963555628     
  0.45454545454545481       0.51648256261711256     
  0.46464646464646492       0.42161442204922367     
  0.47474747474747503       0.31871187636759102     
  0.48484848484848514       0.20864418111731736     
  0.49494949494949525        8.7282380060661344E-002
  0.50505050505050531       -8.7282380060667936E-002
  0.51515151515151536      -0.20864418111732128     
  0.52525252525252542      -0.31871187636759357     
  0.53535353535353547      -0.42161442204922522     
  0.54545454545454553      -0.51648256261711323     
  0.55555555555555558      -0.60250853963555606     
  0.56565656565656564      -0.67925997564907825     
  0.57575757575757569      -0.74664010448546503     
  0.58585858585858575      -0.80482041120965131     
  0.59595959595959580      -0.85417034371460965     
  0.60606060606060586      -0.89519222461624137     
  0.61616161616161591      -0.92846593208484340     
  0.62626262626262597      -0.95460518535628525     
  0.63636363636363602      -0.97422529220419640     
  0.64646464646464608      -0.98792102165873130     
  0.65656565656565613      -0.99625272445503088     
  0.66666666666666619      -0.99973874093373205     
  0.67676767676767624      -0.99884865965609082     
  0.68686868686868630      -0.99392873861584208     
  0.69696969696969635      -0.98543110144552515     
  0.70707070707070641      -0.97373881541438301     
  0.71717171717171646      -0.95915649895057231     
  0.72727272727272652      -0.94195718927525485     
  0.73737373737373657      -0.92238435399226637     
  0.74747474747474663      -0.90065562294512580     
  0.75757575757575668      -0.87696585333967347     
  0.76767676767676674      -0.85148989474182635     
  0.77777777777777679      -0.82438503856581880     
  0.78787878787878685      -0.79579317552386197     
  0.79797979797979690      -0.76584268707945502     
  0.80808080808080696      -0.73465009928017910     
  0.81818181818181701      -0.70232152701794059     
  0.82828282828282707      -0.66895393510553902     
  0.83838383838383712      -0.63463624023495213     
  0.84848484848484718      -0.59945027532330830     
  0.85858585858585723      -0.56347163520757115     
  0.86868686868686729      -0.52677042025605747     
  0.87878787878787734      -0.48941189229112320     
  0.88888888888888740      -0.45145705528719354     
  0.89898989898989745      -0.41296317162159041     
  0.90909090909090751      -0.37398422319879299     
  0.91919191919191756      -0.33457132552190361     
  0.92929292929292762      -0.29477310064473911     
  0.93939393939393767      -0.25463600153020594     
  0.94949494949494773      -0.21420449307803080     
  0.95959595959595778      -0.17352051036176830     
  0.96969696969696784      -0.13261907035728962     
  0.97979797979797789       -9.1502717820755225E-002
  0.98989898989898795       -4.9977865953854422E-002
  0.99999999999999800       -5.8304061440243322E-003
