   0.0000000000000000        6.6939541951615781E-003
   1.0101010101010102E-002   4.7471353425515901E-002
   2.0202020202020204E-002   8.5811349241373125E-002
   3.0303030303030304E-002  0.12372923912792273     
   4.0404040404040407E-002  0.16145438276666912     
   5.0505050505050511E-002  0.19900916103369720     
   6.0606060606060615E-002  0.23637542251217811     
   7.0707070707070718E-002  0.27352524387163274     
   8.0808080808080815E-002  0.31042756478985783     
   9.0909090909090912E-002  0.34704956199180742     
  0.10101010101010101       0.38335678326280559     
  0.11111111111111110       0.41931297798213529     
  0.12121212121212120       0.45487984146014371     
  0.13131313131313130       0.49001671718381928     
  0.14141414141414141       0.52468026054005290     
  0.15151515151515152       0.55882405845756100     
  0.16161616161616163       0.59239819680837891     
  0.17171717171717174       0.62534876565076025     
  0.18181818181818185       0.65761729036361871     
  0.19191919191919196       0.68914007420456336     
  0.20202020202020207       0.71984743469537116     
  0.21212121212121218       0.74966281234411425     
  0.22222222222222229       0.77850172535536699     
  0.23232323232323240       0.80627053791339132     
  0.24242424242424251       0.83286500204496783     
  0.25252525252525260       0.85816852361238971     
  0.26262626262626271       0.88205009122393729     
  0.27272727272727282       0.90436179230784297     
  0.28282828282828293       0.92493582272905306     
  0.29292929292929304       0.94358087535652302     
  0.30303030303030315       0.96007776026466807     
  0.31313131313131326       0.97417413405508935     
  0.32323232323232337       0.98557749870378797     
  0.33333333333333348       0.99395005796969571     
  0.34343434343434359       0.99884287703606189     
  0.35353535353535370       0.99969678233768522     
  0.36363636363636381       0.99606027513382789     
  0.37373737373737392       0.98728899115887436     
  0.38383838383838403       0.97262358169156471     
  0.39393939393939414       0.95118103367846540     
  0.40404040404040426       0.92194663423555778     
  0.41414141414141437       0.88377691423607974     
  0.42424242424242448       0.83542247747001841     
  0.43434343434343459       0.77558276125870151     
  0.44444444444444470       0.70300672333870262     
  0.45454545454545481       0.61665176054156334     
  0.46464646464646492       0.51590286526458717     
  0.47474747474747503       0.40079240551907447     
  0.48484848484848514       0.27142120373806194     
  0.49494949494949525       0.11861049693972407     
  0.50505050505050531      -0.11861049693973205     
  0.51515151515151536      -0.27142120373806600     
  0.52525252525252542      -0.40079240551907658     
  0.53535353535353547      -0.51590286526458795     
  0.54545454545454553      -0.61665176054156301     
  0.55555555555555558      -0.70300672333870151     
  0.56565656565656564      -0.77558276125869996     
  0.57575757575757569      -0.83542247747001674     
  0.58585858585858575      -0.88377691423607829     
  0.59595959595959580      -0.92194663423555634     
  0.60606060606060586      -0.95118103367846407     
  0.61616161616161591      -0.97262358169156393     
  0.62626262626262597      -0.98728899115887347     
  0.63636363636363602      -0.99606027513382789     
  0.64646464646464608      -0.99969678233768489     
  0.65656565656565613      -0.99884287703606223     
  0.66666666666666619      -0.99395005796969627     
  0.67676767676767624      -0.98557749870378886     
  0.68686868686868630      -0.97417413405509079     
  0.69696969696969635      -0.96007776026466962     
  0.70707070707070641      -0.94358087535652491     
  0.71717171717171646      -0.92493582272905550     
  0.72727272727272652      -0.90436179230784541     
  0.73737373737373657      -0.88205009122394018     
  0.74747474747474663      -0.85816852361239282     
  0.75757575757575668      -0.83286500204497116     
  0.76767676767676674      -0.80627053791339487     
  0.77777777777777679      -0.77850172535537088     
  0.78787878787878685      -0.74966281234411847     
  0.79797979797979690      -0.71984743469537549     
  0.80808080808080696      -0.68914007420456791     
  0.81818181818181701      -0.65761729036362349     
  0.82828282828282707      -0.62534876565076525     
  0.83838383838383712      -0.59239819680838424     
  0.84848484848484718      -0.55882405845756633     
  0.85858585858585723      -0.52468026054005845     
  0.86868686868686729      -0.49001671718382517     
  0.87878787878787734      -0.45487984146014970     
  0.88888888888888740      -0.41931297798214157     
  0.89898989898989745      -0.38335678326281197     
  0.90909090909090751      -0.34704956199181392     
  0.91919191919191756      -0.31042756478986450     
  0.92929292929292762      -0.27352524387163951     
  0.93939393939393767      -0.23637542251218499     
  0.94949494949494773      -0.19900916103370425     
  0.95959595959595778      -0.16145438276667626     
  0.96969696969696784      -0.12372923912792999     
  0.97979797979797789       -8.5811349241380550E-002
  0.98989898989898795       -4.7471353425523735E-002
  0.99999999999999800       -6.6939541951732216E-003
