   0.0000000000000000        1.0057749953888153E-003
   1.0101010101010102E-002   6.1404286171459682E-002
   2.0202020202020204E-002  0.12057413327156372     
   3.0303030303030304E-002  0.17933107426769451     
   4.0404040404040407E-002  0.23748558654812590     
   5.0505050505050511E-002  0.29484864766584173     
   6.0606060606060615E-002  0.35123177006126532     
   7.0707070707070718E-002  0.40644707630297183     
   8.0808080808080815E-002  0.46030742554492299     
   9.0909090909090912E-002  0.51262660082890787     
  0.10101010101010101       0.56321956558912767     
  0.11111111111111110       0.61190279626385824     
  0.12121212121212120       0.65849469631160551     
  0.13131313131313130       0.70281609519351695     
  0.14141414141414141       0.74469083404969960     
  0.15151515151515152       0.78394643789588281     
  0.16161616161616163       0.82041487223121445     
  0.17171717171717174       0.85393338001119012     
  0.18181818181818185       0.88434539303531290     
  0.19191919191919196       0.91150150996015022     
  0.20202020202020207       0.93526053140717169     
  0.21212121212121218       0.95549054102183428     
  0.22222222222222229       0.97207001988456709     
  0.23232323232323240       0.98488898040192618     
  0.24242424242424251       0.99385010474064317     
  0.25252525252525260       0.99886531321255556     
  0.26262626262626271       0.99985947976186451     
  0.27272727272727282       0.99679081027768457     
  0.28282828282828293       0.98962433945195427     
  0.29292929292929304       0.97834244832430484     
  0.30303030303030315       0.96294618991589442     
  0.31313131313131326       0.94345599900240107     
  0.32323232323232337       0.91991227855476476     
  0.33333333333333348       0.89237584972626316     
  0.34343434343434359       0.86092825371580384     
  0.35353535353535370       0.82567189549422038     
  0.36363636363636381       0.78673002121915925     
  0.37373737373737392       0.74424652315804907     
  0.38383838383838403       0.69838556805837848     
  0.39393939393939414       0.64933104711854517     
  0.40404040404040426       0.59728584798781625     
  0.41414141414141437       0.54247095152623837     
  0.42424242424242448       0.48512435834985257     
  0.43434343434343459       0.42549985243851757     
  0.44444444444444470       0.36386561125875172     
  0.45454545454545481       0.30050267391905100     
  0.46464646464646492       0.23570328079854541     
  0.47474747474747503       0.16976909984212799     
  0.48484848484848514       0.10300935626938224     
  0.49494949494949525        3.5738883776847717E-002
  0.50505050505050531       -3.5738883776851284E-002
  0.51515151515151536      -0.10300935626938529     
  0.52525252525252542      -0.16976909984213076     
  0.53535353535353547      -0.23570328079854733     
  0.54545454545454553      -0.30050267391905255     
  0.55555555555555558      -0.36386561125875305     
  0.56565656565656564      -0.42549985243851846     
  0.57575757575757569      -0.48512435834985318     
  0.58585858585858575      -0.54247095152623870     
  0.59595959595959580      -0.59728584798781614     
  0.60606060606060586      -0.64933104711854472     
  0.61616161616161591      -0.69838556805837781     
  0.62626262626262597      -0.74424652315804807     
  0.63636363636363602      -0.78673002121915814     
  0.64646464646464608      -0.82567189549421938     
  0.65656565656565613      -0.86092825371580251     
  0.66666666666666619      -0.89237584972626216     
  0.67676767676767624      -0.91991227855476365     
  0.68686868686868630      -0.94345599900240007     
  0.69696969696969635      -0.96294618991589342     
  0.70707070707070641      -0.97834244832430406     
  0.71717171717171646      -0.98962433945195372     
  0.72727272727272652      -0.99679081027768424     
  0.73737373737373657      -0.99985947976186440     
  0.74747474747474663      -0.99886531321255589     
  0.75757575757575668      -0.99385010474064384     
  0.76767676767676674      -0.98488898040192729     
  0.77777777777777679      -0.97207001988456865     
  0.78787878787878685      -0.95549054102183617     
  0.79797979797979690      -0.93526053140717413     
  0.80808080808080696      -0.91150150996015311     
  0.81818181818181701      -0.88434539303531645     
  0.82828282828282707      -0.85393338001119423     
  0.83838383838383712      -0.82041487223121901     
  0.84848484848484718      -0.78394643789588780     
  0.85858585858585723      -0.74469083404970526     
  0.86868686868686729      -0.70281609519352317     
  0.87878787878787734      -0.65849469631161206     
  0.88888888888888740      -0.61190279626386568     
  0.89898989898989745      -0.56321956558913588     
  0.90909090909090751      -0.51262660082891653     
  0.91919191919191756      -0.46030742554493204     
  0.92929292929292762      -0.40644707630298132     
  0.93939393939393767      -0.35123177006127526     
  0.94949494949494773      -0.29484864766585211     
  0.95959595959595778      -0.23748558654813662     
  0.96969696969696784      -0.17933107426770559     
  0.97979797979797789      -0.12057413327157507     
  0.98989898989898795       -6.1404286171471319E-002
  0.99999999999999800       -1.0057749954014866E-003
