   0.0000000000000000        9.4885539331213357E-003
   1.0101010101010102E-002   2.3663531922594783E-002
   2.0202020202020204E-002   3.7664365020660659E-002
   3.0303030303030304E-002   5.1569905511589326E-002
   4.0404040404040407E-002   6.5413459041719441E-002
   5.0505050505050511E-002   7.9214857058850743E-002
   6.0606060606060615E-002   9.2986492806932552E-002
   7.0707070707070718E-002  0.10673619986974042     
   8.0808080808080815E-002  0.12046893806589630     
   9.0909090909090912E-002  0.13418782550153441     
  0.10101010101010101       0.14789478286933760     
  0.11111111111111110       0.16159094187163178     
  0.12121212121212120       0.17527690766844325     
  0.13131313131313130       0.18895292956688436     
  0.14141414141414141       0.20261901318172387     
  0.15151515151515152       0.21627499475463235     
  0.16161616161616163       0.22992059070417420     
  0.17171717171717174       0.24355543078148043     
  0.18181818181818185       0.25717908026511677     
  0.19191919191919196       0.27079105476019366     
  0.20202020202020207       0.28439082996403475     
  0.21212121212121218       0.29797784797704396     
  0.22222222222222229       0.31155152122108487     
  0.23232323232323240       0.32511123468403991     
  0.24242424242424251       0.33865634697837482     
  0.25252525252525260       0.35218619054514061     
  0.26262626262626271       0.36570007122802328     
  0.27272727272727282       0.37919726736850629     
  0.28282828282828293       0.39267702852214525     
  0.29292929292929304       0.40613857386014640     
  0.30303030303030315       0.41958109029502266     
  0.31313131313131326       0.43300373035074924     
  0.32323232323232337       0.44640560978427890     
  0.33333333333333348       0.45978580495491722     
  0.34343434343434359       0.47314334992977863     
  0.35353535353535370       0.48647723330656184     
  0.36363636363636381       0.49978639472858377     
  0.37373737373737392       0.51306972106098325     
  0.38383838383838403       0.52632604219085932     
  0.39393939393939414       0.53955412640757017     
  0.40404040404040426       0.55275267531219152     
  0.41414141414141437       0.56592031819696131     
  0.42424242424242448       0.57905560582610460     
  0.43434343434343459       0.59215700353705580     
  0.44444444444444470       0.60522288344296804     
  0.45454545454545481       0.61825150345401347     
  0.46464646464646492       0.63123986153784184     
  0.47474747474747503       0.64406741399924705     
  0.48484848484848514       0.63285275167122967     
  0.49494949494949525       0.38134063286661052     
  0.50505050505050531      -0.38134063286665176     
  0.51515151515151536      -0.63285275167123778     
  0.52525252525252542      -0.64406741399924905     
  0.53535353535353547      -0.63123986153784395     
  0.54545454545454553      -0.61825150345401569     
  0.55555555555555558      -0.60522288344297037     
  0.56565656565656564      -0.59215700353705802     
  0.57575757575757569      -0.57905560582610660     
  0.58585858585858575      -0.56592031819696342     
  0.59595959595959580      -0.55275267531219352     
  0.60606060606060586      -0.53955412640757239     
  0.61616161616161591      -0.52632604219086165     
  0.62626262626262597      -0.51306972106098558     
  0.63636363636363602      -0.49978639472858610     
  0.64646464646464608      -0.48647723330656412     
  0.65656565656565613      -0.47314334992978102     
  0.66666666666666619      -0.45978580495491955     
  0.67676767676767624      -0.44640560978428134     
  0.68686868686868630      -0.43300373035075157     
  0.69696969696969635      -0.41958109029502499     
  0.70707070707070641      -0.40613857386014873     
  0.71717171717171646      -0.39267702852214764     
  0.72727272727272652      -0.37919726736850873     
  0.73737373737373657      -0.36570007122802567     
  0.74747474747474663      -0.35218619054514294     
  0.75757575757575668      -0.33865634697837715     
  0.76767676767676674      -0.32511123468404235     
  0.77777777777777679      -0.31155152122108731     
  0.78787878787878685      -0.29797784797704635     
  0.79797979797979690      -0.28439082996403725     
  0.80808080808080696      -0.27079105476019616     
  0.81818181818181701      -0.25717908026511926     
  0.82828282828282707      -0.24355543078148295     
  0.83838383838383712      -0.22992059070417672     
  0.84848484848484718      -0.21627499475463491     
  0.85858585858585723      -0.20261901318172645     
  0.86868686868686729      -0.18895292956688695     
  0.87878787878787734      -0.17527690766844584     
  0.88888888888888740      -0.16159094187163436     
  0.89898989898989745      -0.14789478286934019     
  0.90909090909090751      -0.13418782550153704     
  0.91919191919191756      -0.12046893806589894     
  0.92929292929292762      -0.10673619986974311     
  0.93939393939393767       -9.2986492806935300E-002
  0.94949494949494773       -7.9214857058853561E-002
  0.95959595959595778       -6.5413459041722383E-002
  0.96969696969696784       -5.1569905511592462E-002
  0.97979797979797789       -3.7664365020664177E-002
  0.98989898989898795       -2.3663531922599096E-002
  0.99999999999999800       -9.4885539331276067E-003
