   0.0000000000000000        1.9168731321607463E-003
   1.0101010101010102E-002   5.9482579556726305E-002
   2.0202020202020204E-002  0.11517746318050816     
   3.0303030303030304E-002  0.17050159888501937     
   4.0404040404040407E-002  0.22534131648110745     
   5.0505050505050511E-002  0.27955069539843641     
   6.0606060606060615E-002  0.33298287578357344     
   7.0707070707070718E-002  0.38548975538308106     
   8.0808080808080815E-002  0.43692172156416720     
   9.0909090909090912E-002  0.48712742625089478     
  0.10101010101010101       0.53595361218407100     
  0.11111111111111110       0.58324499958404952     
  0.12121212121212120       0.62884424295477603     
  0.13131313131313130       0.67259196835494817     
  0.14141414141414141       0.71432690191340775     
  0.15151515151515152       0.75388610061268735     
  0.16161616161616163       0.79110529633769222     
  0.17171717171717174       0.82581936381808307     
  0.18181818181818185       0.85786292231996319     
  0.19191919191919196       0.88707107971006172     
  0.20202020202020207       0.91328032578058738     
  0.21212121212121218       0.93632957945753281     
  0.22222222222222229       0.95606139171055471     
  0.23232323232323240       0.97232330265162392     
  0.24242424242424251       0.98496933605136028     
  0.25252525252525260       0.99386170078588354     
  0.26262626262626271       0.99886322042027620     
  0.27272727272727282       0.99984423913476594     
  0.28282828282828293       0.99672404552680571     
  0.29292929292929304       0.98941759497364601     
  0.30303030303030315       0.97785665179802728     
  0.31313131313131326       0.96199279377416946     
  0.32323232323232337       0.94179935740616394     
  0.33333333333333348       0.91727328105888151     
  0.34343434343434359       0.88843680096984545     
  0.35353535353535370       0.85533895458026765     
  0.36363636363636381       0.81805684625139274     
  0.37373737373737392       0.77669663235731767     
  0.38383838383838403       0.73139418600471617     
  0.39393939393939414       0.68231540621464892     
  0.40404040404040426       0.62965614225443967     
  0.41414141414141437       0.57364171082187809     
  0.42424242424242448       0.51452599180550240     
  0.43434343434343459       0.45259009717505716     
  0.44444444444444470       0.38814061695880614     
  0.45454545454545481       0.32150745597181274     
  0.46464646464646492       0.25304128468267351     
  0.47474747474747503       0.18311063704556935     
  0.48484848484848514       0.11209869698005986     
  0.49494949494949525        4.0260344040004191E-002
  0.50505050505050531       -4.0260344040008056E-002
  0.51515151515151536      -0.11209869698006308     
  0.52525252525252542      -0.18311063704557207     
  0.53535353535353547      -0.25304128468267545     
  0.54545454545454553      -0.32150745597181429     
  0.55555555555555558      -0.38814061695880736     
  0.56565656565656564      -0.45259009717505794     
  0.57575757575757569      -0.51452599180550296     
  0.58585858585858575      -0.57364171082187809     
  0.59595959595959580      -0.62965614225443933     
  0.60606060606060586      -0.68231540621464837     
  0.61616161616161591      -0.73139418600471517     
  0.62626262626262597      -0.77669663235731656     
  0.63636363636363602      -0.81805684625139174     
  0.64646464646464608      -0.85533895458026632     
  0.65656565656565613      -0.88843680096984445     
  0.66666666666666619      -0.91727328105888029     
  0.67676767676767624      -0.94179935740616283     
  0.68686868686868630      -0.96199279377416858     
  0.69696969696969635      -0.97785665179802650     
  0.70707070707070641      -0.98941759497364545     
  0.71717171717171646      -0.99672404552680538     
  0.72727272727272652      -0.99984423913476583     
  0.73737373737373657      -0.99886322042027653     
  0.74747474747474663      -0.99386170078588409     
  0.75757575757575668      -0.98496933605136150     
  0.76767676767676674      -0.97232330265162548     
  0.77777777777777679      -0.95606139171055660     
  0.78787878787878685      -0.93632957945753514     
  0.79797979797979690      -0.91328032578059015     
  0.80808080808080696      -0.88707107971006505     
  0.81818181818181701      -0.85786292231996719     
  0.82828282828282707      -0.82581936381808740     
  0.83838383838383712      -0.79110529633769688     
  0.84848484848484718      -0.75388610061269268     
  0.85858585858585723      -0.71432690191341364     
  0.86868686868686729      -0.67259196835495427     
  0.87878787878787734      -0.62884424295478281     
  0.88888888888888740      -0.58324499958405707     
  0.89898989898989745      -0.53595361218407900     
  0.90909090909090751      -0.48712742625090316     
  0.91919191919191756      -0.43692172156417591     
  0.92929292929292762      -0.38548975538309016     
  0.93939393939393767      -0.33298287578358299     
  0.94949494949494773      -0.27955069539844624     
  0.95959595959595778      -0.22534131648111760     
  0.96969696969696784      -0.17050159888502983     
  0.97979797979797789      -0.11517746318051886     
  0.98989898989898795       -5.9482579556737261E-002
  0.99999999999999800       -1.9168731321733733E-003
