   0.0000000000000000        9.9590327632234042E-003
   1.0101010101010102E-002   3.0725936401795464E-002
   2.0202020202020204E-002   5.0994191180870799E-002
   3.0303030303030304E-002   7.1038636410308151E-002
   4.0404040404040407E-002   9.0966830179313896E-002
   5.0505050505050511E-002  0.11082674422355063     
   6.0606060606060615E-002  0.13064092892767051     
   7.0707070707070718E-002  0.15041999608045489     
   8.0808080808080815E-002  0.17016859064946374     
   9.0909090909090912E-002  0.18988823735744448     
  0.10101010101010101       0.20957876717153942     
  0.11111111111111110       0.22923905725453592     
  0.12121212121212120       0.24886742350344340     
  0.13131313131313130       0.26846183107959953     
  0.14141414141414141       0.28802000696641261     
  0.15151515151515152       0.30753949861024787     
  0.16161616161616163       0.32701770229419153     
  0.17171717171717174       0.34645187415636169     
  0.18181818181818185       0.36583913097196508     
  0.19191919191919196       0.38517644462920636     
  0.20202020202020207       0.40446063244235170     
  0.21212121212121218       0.42368834442725828     
  0.22222222222222229       0.44285604807331902     
  0.23232323232323240       0.46196001079230614     
  0.24242424242424251       0.48099628000293415     
  0.25252525252525260       0.49996066065926642     
  0.26262626262626271       0.51884868991560429     
  0.27272727272727282       0.53765560851836380     
  0.28282828282828293       0.55637632841238582     
  0.29292929292929304       0.57500539593469457     
  0.30303030303030315       0.59353694983407224     
  0.31313131313131326       0.61196467319104031     
  0.32323232323232337       0.63028173810983312     
  0.33333333333333348       0.64848074179914250     
  0.34343434343434359       0.66655363233550946     
  0.35353535353535370       0.68449162199043156     
  0.36363636363636381       0.70228508546991963     
  0.37373737373737392       0.71992343972250983     
  0.38383838383838403       0.73739500106155198     
  0.39393939393939414       0.75468681413927341     
  0.40404040404040426       0.77178444568795157     
  0.41414141414141437       0.78867173373934829     
  0.42424242424242448       0.80533047999892682     
  0.43434343434343459       0.82174006881232375     
  0.44444444444444470       0.83787699004714511     
  0.45454545454545481       0.85371422300223176     
  0.46464646464646492       0.86921910119956491     
  0.47474747474747503       0.88419400410936899     
  0.48484848484848514       0.86532231486840938     
  0.49494949494949525       0.52370822307002052     
  0.50505050505050531      -0.52370822307003295     
  0.51515151515151536      -0.86532231486841293     
  0.52525252525252542      -0.88419400410937088     
  0.53535353535353547      -0.86921910119956669     
  0.54545454545454553      -0.85371422300223399     
  0.55555555555555558      -0.83787699004714689     
  0.56565656565656564      -0.82174006881232597     
  0.57575757575757569      -0.80533047999892893     
  0.58585858585858575      -0.78867173373935040     
  0.59595959595959580      -0.77178444568795368     
  0.60606060606060586      -0.75468681413927585     
  0.61616161616161591      -0.73739500106155453     
  0.62626262626262597      -0.71992343972251238     
  0.63636363636363602      -0.70228508546992241     
  0.64646464646464608      -0.68449162199043423     
  0.65656565656565613      -0.66655363233551224     
  0.66666666666666619      -0.64848074179914539     
  0.67676767676767624      -0.63028173810983601     
  0.68686868686868630      -0.61196467319104331     
  0.69696969696969635      -0.59353694983407501     
  0.70707070707070641      -0.57500539593469757     
  0.71717171717171646      -0.55637632841238882     
  0.72727272727272652      -0.53765560851836691     
  0.73737373737373657      -0.51884868991560751     
  0.74747474747474663      -0.49996066065926970     
  0.75757575757575668      -0.48099628000293737     
  0.76767676767676674      -0.46196001079230942     
  0.77777777777777679      -0.44285604807332241     
  0.78787878787878685      -0.42368834442726167     
  0.79797979797979690      -0.40446063244235497     
  0.80808080808080696      -0.38517644462920969     
  0.81818181818181701      -0.36583913097196852     
  0.82828282828282707      -0.34645187415636519     
  0.83838383838383712      -0.32701770229419502     
  0.84848484848484718      -0.30753949861025143     
  0.85858585858585723      -0.28802000696641611     
  0.86868686868686729      -0.26846183107960309     
  0.87878787878787734      -0.24886742350344704     
  0.88888888888888740      -0.22923905725453958     
  0.89898989898989745      -0.20957876717154308     
  0.90909090909090751      -0.18988823735744817     
  0.91919191919191756      -0.17016859064946743     
  0.92929292929292762      -0.15041999608045864     
  0.93939393939393767      -0.13064092892767434     
  0.94949494949494773      -0.11082674422355447     
  0.95959595959595778       -9.0966830179317837E-002
  0.96969696969696784       -7.1038636410312259E-002
  0.97979797979797789       -5.0994191180875212E-002
  0.98989898989898795       -3.0725936401800730E-002
  0.99999999999999800       -9.9590327632317205E-003
