   0.0000000000000000        7.0649487626441672E-003
   1.0101010101010102E-002   4.6318458187854808E-002
   2.0202020202020204E-002   8.3247550598818137E-002
   3.0303030303030304E-002  0.11975180513140173     
   4.0404040404040407E-002  0.15607036313387163     
   5.0505050505050511E-002  0.19223515743221722     
   6.0606060606060615E-002  0.22823474992172743     
   7.0707070707070718E-002  0.26404663219660141     
   8.0808080808080815E-002  0.29964476738617907     
   9.0909090909090912E-002  0.33500136588068968     
  0.10101010101010101       0.37008719090191405     
  0.11111111111111110       0.40487147280101726     
  0.12121212121212120       0.43932170958673961     
  0.13131313131313130       0.47340342063568192     
  0.14141414141414141       0.50707986516198478     
  0.15151515151515152       0.54031172278155748     
  0.16161616161616163       0.57305672951339937     
  0.17171717171717174       0.60526926062811770     
  0.18181818181818185       0.63689984986481951     
  0.19191919191919196       0.66789463222053058     
  0.20202020202020207       0.69819469459601124     
  0.21212121212121218       0.72773531488403465     
  0.22222222222222229       0.75644506538130674     
  0.23232323232323240       0.78424475038980901     
  0.24242424242424251       0.81104614014565113     
  0.25252525252525260       0.83675045324076425     
  0.26262626262626271       0.86124652677943336     
  0.27272727272727282       0.88440859670576433     
  0.28282828282828293       0.90609358883482327     
  0.29292929292929304       0.92613779243354621     
  0.30303030303030315       0.94435275157224086     
  0.31313131313131326       0.96052015078298714     
  0.32323232323232337       0.97438548014940041     
  0.33333333333333348       0.98564932353866896     
  0.34343434343434359       0.99396051128921392     
  0.35353535353535370       0.99883977075649422     
  0.36363636363636381       0.99967415790191283     
  0.37373737373737392       0.99595515774516663     
  0.38383838383838403       0.98693789742760163     
  0.39393939393939414       0.97171373784894755     
  0.40404040404040426       0.94918361943322105     
  0.41414141414141437       0.91802823878596507     
  0.42424242424242448       0.87668890234904495     
  0.43434343434343459       0.82337565142509572     
  0.44444444444444470       0.75612929793966022     
  0.45454545454545481       0.67297386742309140     
  0.46464646464646492       0.57219551846762351     
  0.47474747474747503       0.45269601259215736     
  0.48484848484848514       0.31326198148550977     
  0.49494949494949525       0.14018641337449228     
  0.50505050505050531      -0.14018641337450105     
  0.51515151515151536      -0.31326198148551376     
  0.52525252525252542      -0.45269601259215908     
  0.53535353535353547      -0.57219551846762373     
  0.54545454545454553      -0.67297386742309051     
  0.55555555555555558      -0.75612929793965877     
  0.56565656565656564      -0.82337565142509395     
  0.57575757575757569      -0.87668890234904351     
  0.58585858585858575      -0.91802823878596362     
  0.59595959595959580      -0.94918361943321961     
  0.60606060606060586      -0.97171373784894677     
  0.61616161616161591      -0.98693789742760063     
  0.62626262626262597      -0.99595515774516674     
  0.63636363636363602      -0.99967415790191250     
  0.64646464646464608      -0.99883977075649455     
  0.65656565656565613      -0.99396051128921448     
  0.66666666666666619      -0.98564932353866974     
  0.67676767676767624      -0.97438548014940185     
  0.68686868686868630      -0.96052015078298869     
  0.69696969696969635      -0.94435275157224274     
  0.70707070707070641      -0.92613779243354855     
  0.71717171717171646      -0.90609358883482571     
  0.72727272727272652      -0.88440859670576721     
  0.73737373737373657      -0.86124652677943636     
  0.74747474747474663      -0.83675045324076736     
  0.75757575757575668      -0.81104614014565457     
  0.76767676767676674      -0.78424475038981278     
  0.77777777777777679      -0.75644506538131062     
  0.78787878787878685      -0.72773531488403875     
  0.79797979797979690      -0.69819469459601557     
  0.80808080808080696      -0.66789463222053513     
  0.81818181818181701      -0.63689984986482429     
  0.82828282828282707      -0.60526926062812270     
  0.83838383838383712      -0.57305672951340447     
  0.84848484848484718      -0.54031172278156281     
  0.85858585858585723      -0.50707986516199033     
  0.86868686868686729      -0.47340342063568769     
  0.87878787878787734      -0.43932170958674549     
  0.88888888888888740      -0.40487147280102337     
  0.89898989898989745      -0.37008719090192022     
  0.90909090909090751      -0.33500136588069596     
  0.91919191919191756      -0.29964476738618551     
  0.92929292929292762      -0.26404663219660796     
  0.93939393939393767      -0.22823474992173409     
  0.94949494949494773      -0.19223515743222400     
  0.95959595959595778      -0.15607036313387851     
  0.96969696969696784      -0.11975180513140872     
  0.97979797979797789       -8.3247550598825312E-002
  0.98989898989898795       -4.6318458187862413E-002
  0.99999999999999800       -7.0649487626556554E-003
