   0.0000000000000000        8.2236808669592237E-003
   1.0101010101010102E-002   4.2270479044242318E-002
   2.0202020202020204E-002   7.4474618298579875E-002
   3.0303030303030304E-002  0.10626554833112035     
   4.0404040404040407E-002  0.13788708885966447     
   5.0505050505050511E-002  0.16939477695488800     
   6.0606060606060615E-002  0.20079596384746440     
   7.0707070707070718E-002  0.23208323187750873     
   8.0808080808080815E-002  0.26324404013060654     
   9.0909090909090912E-002  0.29426373707751413     
  0.10101010101010101       0.32512649773647018     
  0.11111111111111110       0.35581556888998128     
  0.12121212121212120       0.38631327341056004     
  0.13131313131313130       0.41660092499626722     
  0.14141414141414141       0.44665870318402284     
  0.15151515151515152       0.47646550330170528     
  0.16161616161616163       0.50599876361438134     
  0.17171717171717174       0.53523426733671486     
  0.18181818181818185       0.56414591512973511     
  0.19191919191919196       0.59270546229083187     
  0.20202020202020207       0.62088221339727900     
  0.21212121212121218       0.64864266539326176     
  0.22222222222222229       0.67595008784225374     
  0.23232323232323240       0.70276402611838085     
  0.24242424242424251       0.72903970944245022     
  0.25252525252525260       0.75472734054597213     
  0.26262626262626271       0.77977123689447025     
  0.27272727272727282       0.80410878413626163     
  0.28282828282828293       0.82766914976889971     
  0.29292929292929304       0.85037168746087488     
  0.30303030303030315       0.87212393782252395     
  0.31313131313131326       0.89281909631569412     
  0.32323232323232337       0.91233276821115816     
  0.33333333333333348       0.93051875543916562     
  0.34343434343434359       0.94720350996318559     
  0.35353535353535370       0.96217869048858529     
  0.36363636363636381       0.97519116785815640     
  0.37373737373737392       0.98592759660732643     
  0.38383838383838403       0.99400084973053959     
  0.39393939393939414       0.99882559364880674     
  0.40404040404040426       0.99956954556291777     
  0.41414141414141437       0.99545460925078655     
  0.42424242424242448       0.98519760307617765     
  0.43434343434343459       0.96694404254329192     
  0.44444444444444470       0.93793129636998807     
  0.45454545454545481       0.89391087771182598     
  0.46464646464646492       0.82820826462607366     
  0.47474747474747503       0.73004295079718129     
  0.48484848484848514       0.57738325896730902     
  0.49494949494949525       0.29392097880464296     
  0.50505050505050531      -0.29392097880465423     
  0.51515151515151536      -0.57738325896731080     
  0.52525252525252542      -0.73004295079718007     
  0.53535353535353547      -0.82820826462607189     
  0.54545454545454553      -0.89391087771182409     
  0.55555555555555558      -0.93793129636998640     
  0.56565656565656564      -0.96694404254329103     
  0.57575757575757569      -0.98519760307617632     
  0.58585858585858575      -0.99545460925078688     
  0.59595959595959580      -0.99956954556291755     
  0.60606060606060586      -0.99882559364880696     
  0.61616161616161591      -0.99400084973054015     
  0.62626262626262597      -0.98592759660732709     
  0.63636363636363602      -0.97519116785815774     
  0.64646464646464608      -0.96217869048858673     
  0.65656565656565613      -0.94720350996318736     
  0.66666666666666619      -0.93051875543916773     
  0.67676767676767624      -0.91233276821116038     
  0.68686868686868630      -0.89281909631569667     
  0.69696969696969635      -0.87212393782252662     
  0.70707070707070641      -0.85037168746087766     
  0.71717171717171646      -0.82766914976890271     
  0.72727272727272652      -0.80410878413626474     
  0.73737373737373657      -0.77977123689447359     
  0.74747474747474663      -0.75472734054597568     
  0.75757575757575668      -0.72903970944245367     
  0.76767676767676674      -0.70276402611838473     
  0.77777777777777679      -0.67595008784225774     
  0.78787878787878685      -0.64864266539326587     
  0.79797979797979690      -0.62088221339728333     
  0.80808080808080696      -0.59270546229083632     
  0.81818181818181701      -0.56414591512973966     
  0.82828282828282707      -0.53523426733671964     
  0.83838383838383712      -0.50599876361438623     
  0.84848484848484718      -0.47646550330171034     
  0.85858585858585723      -0.44665870318402795     
  0.86868686868686729      -0.41660092499627244     
  0.87878787878787734      -0.38631327341056537     
  0.88888888888888740      -0.35581556888998667     
  0.89898989898989745      -0.32512649773647573     
  0.90909090909090751      -0.29426373707751974     
  0.91919191919191756      -0.26324404013061220     
  0.92929292929292762      -0.23208323187751453     
  0.93939393939393767      -0.20079596384747028     
  0.94949494949494773      -0.16939477695489394     
  0.95959595959595778      -0.13788708885967052     
  0.96969696969696784      -0.10626554833112649     
  0.97979797979797789       -7.4474618298586204E-002
  0.98989898989898795       -4.2270479044249215E-002
  0.99999999999999800       -8.2236808669700796E-003
