   0.0000000000000000        8.9362667695834699E-003
   1.0101010101010102E-002   2.0925523785713229E-002
   2.0202020202020204E-002   3.2745925595874907E-002
   3.0303030303030304E-002   4.4497509645809181E-002
   4.0404040404040407E-002   5.6204898084885289E-002
   5.0505050505050511E-002   6.7880854480866462E-002
   6.0606060606060615E-002   7.9533622057489553E-002
   7.0707070707070718E-002   9.1168815804149511E-002
   8.0808080808080815E-002  0.10279031046934625     
   9.0909090909090912E-002  0.11440078369144117     
  0.10101010101010101       0.12600207720739146     
  0.11111111111111110       0.13759544369795354     
  0.12121212121212120       0.14918171753039086     
  0.13131313131313130       0.16076143381665220     
  0.14141414141414141       0.17233491199851494     
  0.15151515151515152       0.18390231488939043     
  0.16161616161616163       0.19546369060830654     
  0.17171717171717174       0.20701900250312968     
  0.18181818181818185       0.21856815058294968     
  0.19191919191919196       0.23011098690819295     
  0.20202020202020207       0.24164732665388114     
  0.21212121212121218       0.25317695605597723     
  0.22222222222222229       0.26469963809963715     
  0.23232323232323240       0.27621511656248732     
  0.24242424242424251       0.28772311885290452     
  0.25252525252525260       0.29922335796043104     
  0.26262626262626271       0.31071553374774880     
  0.27272727272727282       0.32219933375062521     
  0.28282828282828293       0.33367443360672167     
  0.29292929292929304       0.34514049720108475     
  0.30303030303030315       0.35659717659198165     
  0.31313131313131326       0.36804411176300311     
  0.32323232323232337       0.37948093023424978     
  0.33333333333333348       0.39090724655567805     
  0.34343434343434359       0.40232266169837666     
  0.35353535353535370       0.41372676235402611     
  0.36363636363636381       0.42511912014855480     
  0.37373737373737392       0.43649929077271049     
  0.38383838383838403       0.44786681302963172     
  0.39393939393939414       0.45922120779734610     
  0.40404040404040426       0.47056197690228668     
  0.41414141414141437       0.48188860189828453     
  0.42424242424242448       0.49320054274397696     
  0.43434343434343459       0.50449723636875821     
  0.44444444444444470       0.51577809500641869     
  0.45454545454545481       0.52704249291149308     
  0.46464646464646492       0.53828883090209068     
  0.47474747474747503       0.54940726095062209     
  0.48484848484848514       0.54095263067679500     
  0.49494949494949525       0.32056653936550267     
  0.50505050505050531      -0.32056653936555790     
  0.51515151515151536      -0.54095263067680499     
  0.52525252525252542      -0.54940726095062387     
  0.53535353535353547      -0.53828883090209279     
  0.54545454545454553      -0.52704249291149496     
  0.55555555555555558      -0.51577809500642069     
  0.56565656565656564      -0.50449723636876032     
  0.57575757575757569      -0.49320054274397884     
  0.58585858585858575      -0.48188860189828653     
  0.59595959595959580      -0.47056197690228874     
  0.60606060606060586      -0.45922120779734810     
  0.61616161616161591      -0.44786681302963366     
  0.62626262626262597      -0.43649929077271249     
  0.63636363636363602      -0.42511912014855685     
  0.64646464646464608      -0.41372676235402817     
  0.65656565656565613      -0.40232266169837871     
  0.66666666666666619      -0.39090724655568004     
  0.67676767676767624      -0.37948093023425183     
  0.68686868686868630      -0.36804411176300517     
  0.69696969696969635      -0.35659717659198364     
  0.70707070707070641      -0.34514049720108675     
  0.71717171717171646      -0.33367443360672366     
  0.72727272727272652      -0.32219933375062726     
  0.73737373737373657      -0.31071553374775090     
  0.74747474747474663      -0.29922335796043315     
  0.75757575757575668      -0.28772311885290663     
  0.76767676767676674      -0.27621511656248948     
  0.77777777777777679      -0.26469963809963931     
  0.78787878787878685      -0.25317695605597940     
  0.79797979797979690      -0.24164732665388330     
  0.80808080808080696      -0.23011098690819509     
  0.81818181818181701      -0.21856815058295184     
  0.82828282828282707      -0.20701900250313188     
  0.83838383838383712      -0.19546369060830876     
  0.84848484848484718      -0.18390231488939265     
  0.85858585858585723      -0.17233491199851714     
  0.86868686868686729      -0.16076143381665436     
  0.87878787878787734      -0.14918171753039305     
  0.88888888888888740      -0.13759544369795576     
  0.89898989898989745      -0.12600207720739368     
  0.90909090909090751      -0.11440078369144342     
  0.91919191919191756      -0.10279031046934854     
  0.92929292929292762       -9.1168815804151843E-002
  0.93939393939393767       -7.9533622057491940E-002
  0.94949494949494773       -6.7880854480868932E-002
  0.95959595959595778       -5.6204898084887898E-002
  0.96969696969696784       -4.4497509645811999E-002
  0.97979797979797789       -3.2745925595878106E-002
  0.98989898989898795       -2.0925523785717128E-002
  0.99999999999999800       -8.9362667695888770E-003
