   0.0000000000000000        7.4003464606800179E-003
   1.0101010101010102E-002   4.5226113901858926E-002
   2.0202020202020204E-002   8.0846645729325345E-002
   3.0303030303030304E-002  0.11604212948055950     
   4.0404040404040407E-002  0.15105732505674582     
   5.0505050505050511E-002  0.18593206704995305     
   6.0606060606060615E-002  0.22066071074301599     
   7.0707070707070718E-002  0.25522538006511097     
   8.0808080808080815E-002  0.28960425705936593     
   9.0909090909090912E-002  0.32377372871787014     
  0.10101010101010101       0.35770886349799835     
  0.11111111111111110       0.39138341081003269     
  0.12121212121212120       0.42476965568725678     
  0.13131313131313130       0.45783821888589687     
  0.14141414141414141       0.49055782325672409     
  0.15151515151515152       0.52289502744692906     
  0.16161616161616163       0.55481392216302827     
  0.17171717171717174       0.58627578191320606     
  0.18181818181818185       0.61723866338701094     
  0.19191919191919196       0.64765693961077275     
  0.20202020202020207       0.67748075647436767     
  0.21212121212121218       0.70665539497797880     
  0.22222222222222229       0.73512051837507053     
  0.23232323232323240       0.76280927799042342     
  0.24242424242424251       0.78964724446164480     
  0.25252525252525260       0.81555112192912871     
  0.26262626262626271       0.84042719050956738     
  0.27272727272727282       0.86416940615709925     
  0.28282828282828293       0.88665706524088772     
  0.29292929292929304       0.90775191174635772     
  0.30303030303030315       0.92729452481761487     
  0.31313131313131326       0.94509977036252901     
  0.32323232323232337       0.96095101135063887     
  0.33333333333333348       0.97459275887833208     
  0.34343434343434359       0.98572024102146760     
  0.35353535353535370       0.99397082184114083     
  0.36363636363636381       0.99883650495371923     
  0.37373737373737392       0.99965028103529485     
  0.38383838383838403       0.99584311306365103     
  0.39393939393939414       0.98655869382878036     
  0.40404040404040426       0.97071340723029653     
  0.41414141414141437       0.94693928247254888     
  0.42424242424242448       0.91351293540274958     
  0.43434343434343459       0.86828731117145885     
  0.44444444444444470       0.80865501035005050     
  0.45454545454545481       0.73160012592586177     
  0.46464646464646492       0.63392632970830820     
  0.47474747474747503       0.51266078145644822     
  0.48484848484848514       0.36404936069063737     
  0.49494949494949525       0.16727160293149640     
  0.50505050505050531      -0.16727160293150600     
  0.51515151515151536      -0.36404936069064114     
  0.52525252525252542      -0.51266078145644944     
  0.53535353535353547      -0.63392632970830765     
  0.54545454545454553      -0.73160012592586043     
  0.55555555555555558      -0.80865501035004861     
  0.56565656565656564      -0.86828731117145730     
  0.57575757575757569      -0.91351293540274803     
  0.58585858585858575      -0.94693928247254733     
  0.59595959595959580      -0.97071340723029576     
  0.60606060606060586      -0.98655869382877925     
  0.61616161616161591      -0.99584311306365114     
  0.62626262626262597      -0.99965028103529452     
  0.63636363636363602      -0.99883650495371956     
  0.64646464646464608      -0.99397082184114138     
  0.65656565656565613      -0.98572024102146838     
  0.66666666666666619      -0.97459275887833352     
  0.67676767676767624      -0.96095101135064043     
  0.68686868686868630      -0.94509977036253090     
  0.69696969696969635      -0.92729452481761709     
  0.70707070707070641      -0.90775191174636005     
  0.71717171717171646      -0.88665706524089050     
  0.72727272727272652      -0.86416940615710225     
  0.73737373737373657      -0.84042719050957038     
  0.74747474747474663      -0.81555112192913204     
  0.75757575757575668      -0.78964724446164836     
  0.76767676767676674      -0.76280927799042708     
  0.77777777777777679      -0.73512051837507442     
  0.78787878787878685      -0.70665539497798291     
  0.79797979797979690      -0.67748075647437200     
  0.80808080808080696      -0.64765693961077730     
  0.81818181818181701      -0.61723866338701561     
  0.82828282828282707      -0.58627578191321106     
  0.83838383838383712      -0.55481392216303327     
  0.84848484848484718      -0.52289502744693439     
  0.85858585858585723      -0.49055782325672953     
  0.86868686868686729      -0.45783821888590248     
  0.87878787878787734      -0.42476965568726255     
  0.88888888888888740      -0.39138341081003858     
  0.89898989898989745      -0.35770886349800429     
  0.90909090909090751      -0.32377372871787624     
  0.91919191919191756      -0.28960425705937221     
  0.92929292929292762      -0.25522538006511736     
  0.93939393939393767      -0.22066071074302243     
  0.94949494949494773      -0.18593206704995960     
  0.95959595959595778      -0.15105732505675248     
  0.96969696969696784      -0.11604212948056625     
  0.97979797979797789       -8.0846645729332284E-002
  0.98989898989898795       -4.5226113901866330E-002
  0.99999999999999800       -7.4003464606913483E-003
