   0.0000000000000000        8.1801628427084511E-003
   1.0101010101010102E-002   1.8186953746417250E-002
   2.0202020202020204E-002   2.7986838292971598E-002
   3.0303030303030304E-002   3.7726573428500616E-002
   4.0404040404040407E-002   4.7433778418090433E-002
   5.0505050505050511E-002   5.7118489709924815E-002
   6.0606060606060615E-002   6.6786250303419545E-002
   7.0707070707070718E-002   7.6440774442809251E-002
   8.0808080808080815E-002   8.6084736639282677E-002
   9.0909090909090912E-002   9.5720110855958065E-002
  0.10101010101010101       0.10534836467898194     
  0.11111111111111110       0.11497058921971687     
  0.12121212121212120       0.12458759218459348     
  0.13131313131313130       0.13419996647818780     
  0.14141414141414141       0.14380814140932840     
  0.15151515151515152       0.15341242116237977     
  0.16161616161616163       0.16301301382459288     
  0.17171717171717174       0.17261005336194504     
  0.18181818181818185       0.18220361630551687     
  0.19191919191919196       0.19179373445483341     
  0.20202020202020207       0.20138040457103629     
  0.21212121212121218       0.21096359578702029     
  0.22222222222222229       0.22054325527991545     
  0.23232323232323240       0.23011931261640484     
  0.24242424242424251       0.23969168308092562     
  0.25252525252525260       0.24926027022173866     
  0.26262626262626271       0.25882496779355718     
  0.27272727272727282       0.26838566123304641     
  0.28282828282828293       0.27794222877147928     
  0.29292929292929304       0.28749454226454541     
  0.30303030303030315       0.29704246780081622     
  0.31313131313131326       0.30658586613624145     
  0.32323232323232337       0.31612459299121748     
  0.33333333333333348       0.32565849923843337     
  0.34343434343434359       0.33518743100326309     
  0.35353535353535370       0.34471122969349022     
  0.36363636363636381       0.35422973197127267     
  0.37373737373737392       0.36374276967723468     
  0.38383838383838403       0.37325016971420499     
  0.39393939393939414       0.38275175389625488     
  0.40404040404040426       0.39224733876722290     
  0.41414141414141437       0.40173673539173682     
  0.42424242424242448       0.41121974912079112     
  0.43434343434343459       0.42069617933220926     
  0.44444444444444470       0.43016581901852219     
  0.45454545454545481       0.43962844731479239     
  0.46464646464646492       0.44908256568416632     
  0.47474747474747503       0.45847155465636896     
  0.48484848484848514       0.44522228683714299     
  0.49494949494949525       0.29716530447798389     
  0.50505050505050531      -0.29716530447805056     
  0.51515151515151536      -0.44522228683715770     
  0.52525252525252542      -0.45847155465637063     
  0.53535353535353547      -0.44908256568416804     
  0.54545454545454553      -0.43962844731479400     
  0.55555555555555558      -0.43016581901852385     
  0.56565656565656564      -0.42069617933221104     
  0.57575757575757569      -0.41121974912079284     
  0.58585858585858575      -0.40173673539173860     
  0.59595959595959580      -0.39224733876722467     
  0.60606060606060586      -0.38275175389625660     
  0.61616161616161591      -0.37325016971420666     
  0.62626262626262597      -0.36374276967723634     
  0.63636363636363602      -0.35422973197127428     
  0.64646464646464608      -0.34471122969349188     
  0.65656565656565613      -0.33518743100326487     
  0.66666666666666619      -0.32565849923843510     
  0.67676767676767624      -0.31612459299121926     
  0.68686868686868630      -0.30658586613624322     
  0.69696969696969635      -0.29704246780081800     
  0.70707070707070641      -0.28749454226454713     
  0.71717171717171646      -0.27794222877148100     
  0.72727272727272652      -0.26838566123304819     
  0.73737373737373657      -0.25882496779355896     
  0.74747474747474663      -0.24926027022174041     
  0.75757575757575668      -0.23969168308092739     
  0.76767676767676674      -0.23011931261640658     
  0.77777777777777679      -0.22054325527991725     
  0.78787878787878685      -0.21096359578702212     
  0.79797979797979690      -0.20138040457103809     
  0.80808080808080696      -0.19179373445483525     
  0.81818181818181701      -0.18220361630551868     
  0.82828282828282707      -0.17261005336194685     
  0.83838383838383712      -0.16301301382459468     
  0.84848484848484718      -0.15341242116238160     
  0.85858585858585723      -0.14380814140933024     
  0.86868686868686729      -0.13419996647818966     
  0.87878787878787734      -0.12458759218459529     
  0.88888888888888740      -0.11497058921971871     
  0.89898989898989745      -0.10534836467898384     
  0.90909090909090751       -9.5720110855959994E-002
  0.91919191919191756       -8.6084736639284634E-002
  0.92929292929292762       -7.6440774442811249E-002
  0.93939393939393767       -6.6786250303421613E-002
  0.94949494949494773       -5.7118489709926973E-002
  0.95959595959595778       -4.7433778418092744E-002
  0.96969696969696784       -3.7726573428503135E-002
  0.97979797979797789       -2.7986838292974464E-002
  0.98989898989898795       -1.8186953746420691E-002
  0.99999999999999800       -8.1801628427129840E-003
