   0.0000000000000000        4.7758460417436314E-003
   1.0101010101010102E-002   5.2786741013505216E-002
   2.0202020202020204E-002   9.8104156305050733E-002
   3.0303030303030304E-002  0.14303626023171770     
   4.0404040404040407E-002  0.18771197646151636     
   5.0505050505050511E-002  0.23209446172521811     
   6.0606060606060615E-002  0.27612543472693751     
   7.0707070707070718E-002  0.31974241315912943     
   8.0808080808080815E-002  0.36288057990203954     
   9.0909090909090912E-002  0.40547262876519241     
  0.10101010101010101       0.44744836385335274     
  0.11111111111111110       0.48873425478562826     
  0.12121212121212120       0.52925295798529848     
  0.13131313131313130       0.56892279917826516     
  0.14141414141414141       0.60765721208056656     
  0.15151515151515152       0.64536412818073186     
  0.16161616161616163       0.68194531258991009     
  0.17171717171717174       0.71729564122376133     
  0.18181818181818185       0.75130231520776458     
  0.19191919191919196       0.78384400951477540     
  0.20202020202020207       0.81478995465481174     
  0.21212121212121218       0.84399895301128436     
  0.22222222222222229       0.87131833550273274     
  0.23232323232323240       0.89658287008366611     
  0.24242424242424251       0.91961364171262783     
  0.25252525252525260       0.94021693450552490     
  0.26262626262626271       0.95818316008891236     
  0.27272727272727282       0.97328590496424416     
  0.28282828282828293       0.98528099032763294     
  0.29292929292929304       0.99390689137734756     
  0.30303030303030315       0.99885393609940065     
  0.31313131313131326       0.99977693393105471     
  0.32323232323232337       0.99642530857226630     
  0.33333333333333348       0.98847697514922983     
  0.34343434343434359       0.97559912753850841     
  0.35353535353535370       0.95745731958355074     
  0.36363636363636381       0.93372383464865993     
  0.37373737373737392       0.90408842449903437     
  0.38383838383838403       0.86827155368664521     
  0.39393939393939414       0.82604011036046765     
  0.40404040404040426       0.77722529932755313     
  0.41414141414141437       0.72174212333491705     
  0.42424242424242448       0.65960950301835308     
  0.43434343434343459       0.59096972059354091     
  0.44444444444444470       0.51610554956021826     
  0.45454545454545481       0.43545321682166366     
  0.46464646464646492       0.34960925846239882     
  0.47474747474747503       0.25932667881985744     
  0.48484848484848514       0.16539476888590407     
  0.49494949494949525        6.6212681939299620E-002
  0.50505050505050531       -6.6212681939305101E-002
  0.51515151515151536      -0.16539476888590779     
  0.52525252525252542      -0.25932667881986010     
  0.53535353535353547      -0.34960925846240065     
  0.54545454545454553      -0.43545321682166488     
  0.55555555555555558      -0.51610554956021892     
  0.56565656565656564      -0.59096972059354080     
  0.57575757575757569      -0.65960950301835242     
  0.58585858585858575      -0.72174212333491605     
  0.59595959595959580      -0.77722529932755202     
  0.60606060606060586      -0.82604011036046632     
  0.61616161616161591      -0.86827155368664399     
  0.62626262626262597      -0.90408842449903282     
  0.63636363636363602      -0.93372383464865882     
  0.64646464646464608      -0.95745731958354940     
  0.65656565656565613      -0.97559912753850764     
  0.66666666666666619      -0.98847697514922916     
  0.67676767676767624      -0.99642530857226619     
  0.68686868686868630      -0.99977693393105449     
  0.69696969696969635      -0.99885393609940087     
  0.70707070707070641      -0.99390689137734811     
  0.71717171717171646      -0.98528099032763394     
  0.72727272727272652      -0.97328590496424561     
  0.73737373737373657      -0.95818316008891413     
  0.74747474747474663      -0.94021693450552701     
  0.75757575757575668      -0.91961364171263038     
  0.76767676767676674      -0.89658287008366877     
  0.77777777777777679      -0.87131833550273607     
  0.78787878787878685      -0.84399895301128791     
  0.79797979797979690      -0.81478995465481574     
  0.80808080808080696      -0.78384400951477973     
  0.81818181818181701      -0.75130231520776936     
  0.82828282828282707      -0.71729564122376632     
  0.83838383838383712      -0.68194531258991520     
  0.84848484848484718      -0.64536412818073730     
  0.85858585858585723      -0.60765721208057255     
  0.86868686868686729      -0.56892279917827149     
  0.87878787878787734      -0.52925295798530503     
  0.88888888888888740      -0.48873425478563509     
  0.89898989898989745      -0.44744836385335990     
  0.90909090909090751      -0.40547262876519985     
  0.91919191919191756      -0.36288057990204714     
  0.92929292929292762      -0.31974241315913726     
  0.93939393939393767      -0.27612543472694556     
  0.94949494949494773      -0.23209446172522635     
  0.95959595959595778      -0.18771197646152477     
  0.96969696969696784      -0.14303626023172628     
  0.97979797979797789       -9.8104156305059448E-002
  0.98989898989898795       -5.2786741013514223E-002
  0.99999999999999800       -4.7758460417558551E-003
