   0.0000000000000000        9.9434740234348278E-003
   1.0101010101010102E-002   3.1211368538229853E-002
   2.0202020202020204E-002   5.1940595077802444E-002
   3.0303030303030304E-002   7.2435681005455374E-002
   4.0404040404040407E-002   9.2811122914252281E-002
   5.0505050505050511E-002  0.11311675225072473     
   6.0606060606060615E-002  0.13337548053415682     
   7.0707070707070718E-002  0.15359780332146136     
   8.0808080808080815E-002  0.17378810424199928     
   9.0909090909090912E-002  0.19394761327666146     
  0.10101010101010101       0.21407586815390819     
  0.11111111111111110       0.23417146182527815     
  0.12121212121212120       0.25423243318515043     
  0.13131313131313130       0.27425647313532381     
  0.14141414141414141       0.29424103242328459     
  0.15151515151515152       0.31418337604240382     
  0.16161616161616163       0.33408060795022776     
  0.17171717171717174       0.35392967890727445     
  0.18181818181818185       0.37372738439114794     
  0.19191919191919196       0.39347035635500305     
  0.20202020202020207       0.41315505083281490     
  0.21212121212121218       0.43277773239679768     
  0.22222222222222229       0.45233445589671506     
  0.23232323232323240       0.47182104556646409     
  0.24242424242424251       0.49123307136408023     
  0.25252525252525260       0.51056582225673608     
  0.26262626262626271       0.52981427603688025     
  0.27272727272727282       0.54897306513744848     
  0.28282828282828293       0.56803643778828472     
  0.29292929292929304       0.58699821371107219     
  0.30303030303030315       0.60585173337565901     
  0.31313131313131326       0.62458979962533046     
  0.32323232323232337       0.64320461020870956     
  0.33333333333333348       0.66168767941409112     
  0.34343434343434359       0.68002974656494064     
  0.35353535353535370       0.69822066857152787     
  0.36363636363636381       0.71624929299983342     
  0.37373737373737392       0.73410330715435035     
  0.38383838383838403       0.75176905739046840     
  0.39393939393939414       0.76923133115178721     
  0.40404040404040426       0.78647309188904502     
  0.41414141414141437       0.80347515379592660     
  0.42424242424242448       0.82021577879539531     
  0.43434343434343459       0.83667017181900616     
  0.44444444444444470       0.85280984109612534     
  0.45454545454545481       0.86860176537671296     
  0.46464646464646492       0.88400597122868818     
  0.47474747474747503       0.89881087799501269     
  0.48484848484848514       0.87921121062842622     
  0.49494949494949525       0.53162741695687299     
  0.50505050505050531      -0.53162741695688398     
  0.51515151515151536      -0.87921121062842922     
  0.52525252525252542      -0.89881087799501480     
  0.53535353535353547      -0.88400597122868996     
  0.54545454545454553      -0.86860176537671485     
  0.55555555555555558      -0.85280984109612756     
  0.56565656565656564      -0.83667017181900805     
  0.57575757575757569      -0.82021577879539753     
  0.58585858585858575      -0.80347515379592871     
  0.59595959595959580      -0.78647309188904724     
  0.60606060606060586      -0.76923133115178943     
  0.61616161616161591      -0.75176905739047073     
  0.62626262626262597      -0.73410330715435301     
  0.63636363636363602      -0.71624929299983608     
  0.64646464646464608      -0.69822066857153064     
  0.65656565656565613      -0.68002974656494342     
  0.66666666666666619      -0.66168767941409401     
  0.67676767676767624      -0.64320461020871245     
  0.68686868686868630      -0.62458979962533345     
  0.69696969696969635      -0.60585173337566200     
  0.70707070707070641      -0.58699821371107508     
  0.71717171717171646      -0.56803643778828772     
  0.72727272727272652      -0.54897306513745159     
  0.73737373737373657      -0.52981427603688347     
  0.74747474747474663      -0.51056582225673941     
  0.75757575757575668      -0.49123307136408356     
  0.76767676767676674      -0.47182104556646742     
  0.77777777777777679      -0.45233445589671845     
  0.78787878787878685      -0.43277773239680112     
  0.79797979797979690      -0.41315505083281828     
  0.80808080808080696      -0.39347035635500643     
  0.81818181818181701      -0.37372738439115138     
  0.82828282828282707      -0.35392967890727800     
  0.83838383838383712      -0.33408060795023137     
  0.84848484848484718      -0.31418337604240743     
  0.85858585858585723      -0.29424103242328820     
  0.86868686868686729      -0.27425647313532742     
  0.87878787878787734      -0.25423243318515415     
  0.88888888888888740      -0.23417146182528190     
  0.89898989898989745      -0.21407586815391194     
  0.90909090909090751      -0.19394761327666526     
  0.91919191919191756      -0.17378810424200306     
  0.92929292929292762      -0.15359780332146517     
  0.93939393939393767      -0.13337548053416071     
  0.94949494949494773      -0.11311675225072866     
  0.95959595959595778       -9.2811122914256305E-002
  0.96969696969696784       -7.2435681005459551E-002
  0.97979797979797789       -5.1940595077806927E-002
  0.98989898989898795       -3.1211368538235185E-002
  0.99999999999999800       -9.9434740234432724E-003
