   0.0000000000000000        9.1299663744095674E-003
   1.0101010101010102E-002   3.8209786638329801E-002
   2.0202020202020204E-002   6.5978454937845626E-002
   3.0303030303030304E-002   9.3379271136862049E-002
   4.0404040404040407E-002  0.12062387167020458     
   5.0505050505050511E-002  0.14777621699166360     
   6.0606060606060615E-002  0.17485524029346897     
   7.0707070707070718E-002  0.20186371380463450     
   8.0808080808080815E-002  0.22879802349790956     
   9.0909090909090912E-002  0.25565180935264181     
  0.10101010101010101       0.28241738503102237     
  0.11111111111111110       0.30908629281933897     
  0.12121212121212120       0.33564950534234628     
  0.13131313131313130       0.36209747764703992     
  0.14141414141414141       0.38842013314677853     
  0.15151515151515152       0.41460681787609527     
  0.16161616161616163       0.44064623685505139     
  0.17171717171717174       0.46652637746378556     
  0.18181818181818185       0.49223442078481511     
  0.19191919191919196       0.51775664000811505     
  0.20202020202020207       0.54307828396544422     
  0.21212121212121218       0.56818344311154989     
  0.22222222222222229       0.59305489454229554     
  0.23232323232323240       0.61767392179688252     
  0.24242424242424251       0.64202010413922361     
  0.25252525252525260       0.66607106866160803     
  0.26262626262626271       0.68980219679172472     
  0.27272727272727282       0.71318627446279403     
  0.28282828282828293       0.73619307211624752     
  0.29292929292929304       0.75878883654627249     
  0.30303030303030315       0.78093567092735960     
  0.31313131313131326       0.80259077154142866     
  0.32323232323232337       0.82370547876472899     
  0.33333333333333348       0.84422408429217055     
  0.34343434343434359       0.86408231403220870     
  0.35353535353535370       0.88320537286711343     
  0.36363636363636381       0.90150538742466479     
  0.37373737373737392       0.91887800591482061     
  0.38383838383838403       0.93519779133635672     
  0.39393939393939414       0.95031185033947574     
  0.40404040404040426       0.96403074569942382     
  0.41414141414141437       0.97611555157302221     
  0.42424242424242448       0.98625527870052698     
  0.43434343434343459       0.99404748977211910     
  0.44444444444444470       0.99880216708316105     
  0.45454545454545481       0.99938645118647307     
  0.46464646464646492       0.99446820182447371     
  0.47474747474747503       0.98016263973593665     
  0.48484848484848514       0.91729723839599564     
  0.49494949494949525       0.53947913971155326     
  0.50505050505050531      -0.53947913971155892     
  0.51515151515151536      -0.91729723839599586     
  0.52525252525252542      -0.98016263973593531     
  0.53535353535353547      -0.99446820182447393     
  0.54545454545454553      -0.99938645118647296     
  0.55555555555555558      -0.99880216708316127     
  0.56565656565656564      -0.99404748977211965     
  0.57575757575757569      -0.98625527870052743     
  0.58585858585858575      -0.97611555157302343     
  0.59595959595959580      -0.96403074569942504     
  0.60606060606060586      -0.95031185033947752     
  0.61616161616161591      -0.93519779133635839     
  0.62626262626262597      -0.91887800591482260     
  0.63636363636363602      -0.90150538742466724     
  0.64646464646464608      -0.88320537286711576     
  0.65656565656565613      -0.86408231403221092     
  0.66666666666666619      -0.84422408429217299     
  0.67676767676767624      -0.82370547876473177     
  0.68686868686868630      -0.80259077154143144     
  0.69696969696969635      -0.78093567092736249     
  0.70707070707070641      -0.75878883654627549     
  0.71717171717171646      -0.73619307211625085     
  0.72727272727272652      -0.71318627446279725     
  0.73737373737373657      -0.68980219679172816     
  0.74747474747474663      -0.66607106866161159     
  0.75757575757575668      -0.64202010413922728     
  0.76767676767676674      -0.61767392179688629     
  0.77777777777777679      -0.59305489454229954     
  0.78787878787878685      -0.56818344311155389     
  0.79797979797979690      -0.54307828396544833     
  0.80808080808080696      -0.51775664000811927     
  0.81818181818181701      -0.49223442078481944     
  0.82828282828282707      -0.46652637746378994     
  0.83838383838383712      -0.44064623685505588     
  0.84848484848484718      -0.41460681787609971     
  0.85858585858585723      -0.38842013314678309     
  0.86868686868686729      -0.36209747764704459     
  0.87878787878787734      -0.33564950534235100     
  0.88888888888888740      -0.30908629281934374     
  0.89898989898989745      -0.28241738503102720     
  0.90909090909090751      -0.25565180935264675     
  0.91919191919191756      -0.22879802349791456     
  0.92929292929292762      -0.20186371380463955     
  0.93939393939393767      -0.17485524029347405     
  0.94949494949494773      -0.14777621699166876     
  0.95959595959595778      -0.12062387167020984     
  0.96969696969696784       -9.3379271136867392E-002
  0.97979797979797789       -6.5978454937851205E-002
  0.98989898989898795       -3.8209786638336074E-002
  0.99999999999999800       -9.1299663744196565E-003
