   0.0000000000000000        9.7463470876515794E-003
   1.0101010101010102E-002   2.5543504614888860E-002
   2.0202020202020204E-002   4.1127254339343292E-002
   3.0303030303030304E-002   5.6588190848256788E-002
   4.0404040404040407E-002   7.1972832929421970E-002
   5.0505050505050511E-002   8.7307785742635383E-002
   6.0606060606060615E-002  0.10260861379921099     
   7.0707070707070718E-002  0.11788451314453297     
   8.0808080808080815E-002  0.13314090761030165     
   9.0909090909090912E-002  0.14838093486547627     
  0.10101010101010101       0.16360631873279546     
  0.11111111111111110       0.17881789254366168     
  0.12121212121212120       0.19401591895267717     
  0.13131313131313130       0.20920028831293158     
  0.14141414141414141       0.22437064314825622     
  0.15151515151515152       0.23952645687238475     
  0.16161616161616163       0.25466708375754982     
  0.17171717171717174       0.26979179059950953     
  0.18181818181818185       0.28489977659283333     
  0.19191919191919196       0.29999018552817563     
  0.20202020202020207       0.31506211293299896     
  0.21212121212121218       0.33011460983970670     
  0.22222222222222229       0.34514668426804557     
  0.23232323232323240       0.36015730112409988     
  0.24242424242424251       0.37514538096798206     
  0.25252525252525260       0.39010979793786027     
  0.26262626262626271       0.40504937700868837     
  0.27272727272727282       0.41996289069043607     
  0.28282828282828293       0.43484905522021189     
  0.29292929292929304       0.44970652626724039     
  0.30303030303030315       0.46453389414379792     
  0.31313131313131326       0.47932967849530095     
  0.32323232323232337       0.49409232242631229     
  0.33333333333333348       0.50882018600453871     
  0.34343434343434359       0.52351153907066061     
  0.35353535353535370       0.53816455326706880     
  0.36363636363636381       0.55277729318243651     
  0.37373737373737392       0.56734770649074184     
  0.38383838383838403       0.58187361294207340     
  0.39393939393939414       0.59635269203742325     
  0.40404040404040426       0.61078246918964840     
  0.41414141414141437       0.62516030013663826     
  0.42424242424242448       0.63948335332887885     
  0.43434343434343459       0.65374858995874718     
  0.44444444444444470       0.66795274110211533     
  0.45454545454545481       0.68209226901855347     
  0.46464646464646492       0.69616207567997457     
  0.47474747474747503       0.71003240345477758     
  0.48484848484848514       0.69676729339102361     
  0.49494949494949525       0.42326347997579850     
  0.50505050505050531      -0.42326347997583025     
  0.51515151515151536      -0.69676729339103072     
  0.52525252525252542      -0.71003240345477991     
  0.53535353535353547      -0.69616207567997679     
  0.54545454545454553      -0.68209226901855569     
  0.55555555555555558      -0.66795274110211766     
  0.56565656565656564      -0.65374858995874918     
  0.57575757575757569      -0.63948335332888107     
  0.58585858585858575      -0.62516030013664070     
  0.59595959595959580      -0.61078246918965085     
  0.60606060606060586      -0.59635269203742569     
  0.61616161616161591      -0.58187361294207574     
  0.62626262626262597      -0.56734770649074417     
  0.63636363636363602      -0.55277729318243896     
  0.64646464646464608      -0.53816455326707124     
  0.65656565656565613      -0.52351153907066306     
  0.66666666666666619      -0.50882018600454137     
  0.67676767676767624      -0.49409232242631490     
  0.68686868686868630      -0.47932967849530356     
  0.69696969696969635      -0.46453389414380053     
  0.70707070707070641      -0.44970652626724300     
  0.71717171717171646      -0.43484905522021450     
  0.72727272727272652      -0.41996289069043868     
  0.73737373737373657      -0.40504937700869093     
  0.74747474747474663      -0.39010979793786293     
  0.75757575757575668      -0.37514538096798472     
  0.76767676767676674      -0.36015730112410255     
  0.77777777777777679      -0.34514668426804823     
  0.78787878787878685      -0.33011460983970936     
  0.79797979797979690      -0.31506211293300163     
  0.80808080808080696      -0.29999018552817830     
  0.81818181818181701      -0.28489977659283611     
  0.82828282828282707      -0.26979179059951230     
  0.83838383838383712      -0.25466708375755259     
  0.84848484848484718      -0.23952645687238755     
  0.85858585858585723      -0.22437064314825902     
  0.86868686868686729      -0.20920028831293441     
  0.87878787878787734      -0.19401591895268003     
  0.88888888888888740      -0.17881789254366454     
  0.89898989898989745      -0.16360631873279832     
  0.90909090909090751      -0.14838093486547915     
  0.91919191919191756      -0.13314090761030456     
  0.92929292929292762      -0.11788451314453592     
  0.93939393939393767      -0.10260861379921400     
  0.94949494949494773       -8.7307785742638450E-002
  0.95959595959595778       -7.1972832929425162E-002
  0.96969696969696784       -5.6588190848260167E-002
  0.97979797979797789       -4.1127254339347039E-002
  0.98989898989898795       -2.5543504614893440E-002
  0.99999999999999800       -9.7463470876584246E-003
