   0.0000000000000000        8.5289183464157710E-003
   1.0101010101010102E-002   1.9362863559909422E-002
   2.0202020202020204E-002   3.0009949587560467E-002
   3.0303030303030304E-002   4.0595323253325814E-002
   4.0404040404040407E-002   5.1144060424887935E-002
   5.0505050505050511E-002   6.1666801536661341E-002
   6.0606060606060615E-002   7.2170017526932570E-002
   7.0707070707070718E-002   8.2658157800803184E-002
   8.0808080808080815E-002   9.3134397550240944E-002
   9.0909090909090912E-002  0.10360102627583700     
  0.10101010101010101       0.11405969619681440     
  0.11111111111111110       0.12451159445906046     
  0.12121212121212120       0.13495756615695551     
  0.13131313131313130       0.14539820333806069     
  0.14141414141414141       0.15583390984733828     
  0.15151515151515152       0.16626494880920137     
  0.16161616161616163       0.17669147754679795     
  0.17171717171717174       0.18711357336218418     
  0.18181818181818185       0.19753125263496132     
  0.19191919191919196       0.20794448501247367     
  0.20202020202020207       0.21835320397703817     
  0.21212121212121218       0.22875731472665925     
  0.22222222222222229       0.23915670005468959     
  0.23232323232323240       0.24955122473252195     
  0.24242424242424251       0.25994073876766621     
  0.25252525252525260       0.27032507981341131     
  0.26262626262626271       0.28070407493572891     
  0.27272727272727282       0.29107754189107293     
  0.28282828282828293       0.30144529003020587     
  0.29292929292929304       0.31180712091451990     
  0.30303030303030315       0.32216282870989171     
  0.31313131313131326       0.33251220040703133     
  0.32323232323232337       0.34285501590515632     
  0.33333333333333348       0.35319104798664941     
  0.34343434343434359       0.36352006220337896     
  0.35353535353535370       0.37384181669003419     
  0.36363636363636381       0.38415606191573493     
  0.37373737373737392       0.39446254038202089     
  0.38383838383838403       0.40476098627286761     
  0.39393939393939414       0.41505112506044528     
  0.40404040404040426       0.42533267306880967     
  0.41414141414141437       0.43560533699647824     
  0.42424242424242448       0.44586881339781093     
  0.43434343434343459       0.45612278812116019     
  0.44444444444444470       0.46636693558072573     
  0.45454545454545481       0.47660090944822242     
  0.46464646464646492       0.48682321998901712     
  0.47474747474747503       0.49696115593387236     
  0.48484848484848514       0.48547045524183274     
  0.49494949494949525       0.30956603660068471     
  0.50505050505050531      -0.30956603660074650     
  0.51515151515151536      -0.48547045524184546     
  0.52525252525252542      -0.49696115593387419     
  0.53535353535353547      -0.48682321998901879     
  0.54545454545454553      -0.47660090944822425     
  0.55555555555555558      -0.46636693558072756     
  0.56565656565656564      -0.45612278812116203     
  0.57575757575757569      -0.44586881339781276     
  0.58585858585858575      -0.43560533699648002     
  0.59595959595959580      -0.42533267306881156     
  0.60606060606060586      -0.41505112506044711     
  0.61616161616161591      -0.40476098627286949     
  0.62626262626262597      -0.39446254038202272     
  0.63636363636363602      -0.38415606191573676     
  0.64646464646464608      -0.37384181669003608     
  0.65656565656565613      -0.36352006220338079     
  0.66666666666666619      -0.35319104798665113     
  0.67676767676767624      -0.34285501590515810     
  0.68686868686868630      -0.33251220040703322     
  0.69696969696969635      -0.32216282870989360     
  0.70707070707070641      -0.31180712091452173     
  0.71717171717171646      -0.30144529003020781     
  0.72727272727272652      -0.29107754189107476     
  0.73737373737373657      -0.28070407493573080     
  0.74747474747474663      -0.27032507981341319     
  0.75757575757575668      -0.25994073876766816     
  0.76767676767676674      -0.24955122473252386     
  0.77777777777777679      -0.23915670005469153     
  0.78787878787878685      -0.22875731472666119     
  0.79797979797979690      -0.21835320397704014     
  0.80808080808080696      -0.20794448501247564     
  0.81818181818181701      -0.19753125263496332     
  0.82828282828282707      -0.18711357336218615     
  0.83838383838383712      -0.17669147754679992     
  0.84848484848484718      -0.16626494880920334     
  0.85858585858585723      -0.15583390984734027     
  0.86868686868686729      -0.14539820333806269     
  0.87878787878787734      -0.13495756615695753     
  0.88888888888888740      -0.12451159445906244     
  0.89898989898989745      -0.11405969619681641     
  0.90909090909090751      -0.10360102627583907     
  0.91919191919191756       -9.3134397550243053E-002
  0.92929292929292762       -8.2658157800805307E-002
  0.93939393939393767       -7.2170017526934777E-002
  0.94949494949494773       -6.1666801536663637E-002
  0.95959595959595778       -5.1144060424890371E-002
  0.96969696969696784       -4.0595323253328458E-002
  0.97979797979797789       -3.0009949587563478E-002
  0.98989898989898795       -1.9362863559913065E-002
  0.99999999999999800       -8.5289183464206803E-003
