   0.0000000000000000        0.0000000000000000     
   1.0101010101010102E-002   1.5266159927174203E-002
   2.0202020202020204E-002   2.4883939756689847E-002
   3.0303030303030304E-002   3.3960791252526136E-002
   4.0404040404040407E-002   4.2829438354289748E-002
   5.0505050505050511E-002   5.1596473299590925E-002
   6.0606060606060615E-002   6.0307633861961141E-002
   7.0707070707070718E-002   6.8985635106078413E-002
   8.0808080808080815E-002   7.7642806236590742E-002
   9.0909090909090912E-002   8.6286250679298099E-002
  0.10101010101010101        9.4920238148112263E-002
  0.11111111111111110       0.10354741533757453     
  0.12121212121212120       0.11216945955356647     
  0.13131313131313130       0.12078744952106399     
  0.14141414141414141       0.12940208417274887     
  0.15151515151515152       0.13801381593048878     
  0.16161616161616163       0.14662293407607696     
  0.17171717171717174       0.15522961807701896     
  0.18181818181818185       0.16383397234845989     
  0.19191919191919196       0.17243604928599177     
  0.20202020202020207       0.18103586474285913     
  0.21212121212121218       0.18963340855691752     
  0.22222222222222229       0.19822865178550458     
  0.23232323232323240       0.20682155172171021     
  0.24242424242424251       0.21541205539763131     
  0.25252525252525260       0.22400010204470028     
  0.26262626262626271       0.23258562482810274     
  0.27272727272727282       0.24116855207141419     
  0.28282828282828293       0.24974880812026032     
  0.29292929292929304       0.25832631394836070     
  0.30303030303030315       0.26690098757832215     
  0.31313131313131326       0.27547274436820735     
  0.32323232323232337       0.28404149720008443     
  0.33333333333333348       0.29260715659638509     
  0.34343434343434359       0.30116963078258130     
  0.35353535353535370       0.30972882570949234     
  0.36363636363636381       0.31828464504481696     
  0.37373737373737392       0.32683699014081585     
  0.38383838383838403       0.33538575998313447     
  0.39393939393939414       0.34393085112434835     
  0.40404040404040426       0.35247215760478617     
  0.41414141414141437       0.36100957086242230     
  0.42424242424242448       0.36954297963307098     
  0.43434343434343459       0.37807226984168985     
  0.44444444444444470       0.38659732448528289     
  0.45454545454545481       0.39511802350764907     
  0.46464646464646492       0.40363424366603079     
  0.47474747474747503       0.41214585838956608     
  0.48484848484848514       0.42065273762932776     
  0.49494949494949525       0.42915474769953971     
  0.50505050505050531      -0.42915474769962469     
  0.51515151515151536      -0.42065273762932898     
  0.52525252525252542      -0.41214585838956752     
  0.53535353535353547      -0.40363424366603223     
  0.54545454545454553      -0.39511802350765052     
  0.55555555555555558      -0.38659732448528428     
  0.56565656565656564      -0.37807226984169129     
  0.57575757575757569      -0.36954297963307259     
  0.58585858585858575      -0.36100957086242386     
  0.59595959595959580      -0.35247215760478767     
  0.60606060606060586      -0.34393085112434979     
  0.61616161616161591      -0.33538575998313597     
  0.62626262626262597      -0.32683699014081741     
  0.63636363636363602      -0.31828464504481846     
  0.64646464646464608      -0.30972882570949389     
  0.65656565656565613      -0.30116963078258285     
  0.66666666666666619      -0.29260715659638659     
  0.67676767676767624      -0.28404149720008598     
  0.68686868686868630      -0.27547274436820890     
  0.69696969696969635      -0.26690098757832365     
  0.70707070707070641      -0.25832631394836220     
  0.71717171717171646      -0.24974880812026184     
  0.72727272727272652      -0.24116855207141574     
  0.73737373737373657      -0.23258562482810433     
  0.74747474747474663      -0.22400010204470186     
  0.75757575757575668      -0.21541205539763289     
  0.76767676767676674      -0.20682155172171185     
  0.77777777777777679      -0.19822865178550622     
  0.78787878787878685      -0.18963340855691915     
  0.79797979797979690      -0.18103586474286076     
  0.80808080808080696      -0.17243604928599340     
  0.81818181818181701      -0.16383397234846150     
  0.82828282828282707      -0.15522961807702057     
  0.83838383838383712      -0.14662293407607860     
  0.84848484848484718      -0.13801381593049039     
  0.85858585858585723      -0.12940208417275045     
  0.86868686868686729      -0.12078744952106558     
  0.87878787878787734      -0.11216945955356808     
  0.88888888888888740      -0.10354741533757614     
  0.89898989898989745       -9.4920238148113859E-002
  0.90909090909090751       -8.6286250679299667E-002
  0.91919191919191756       -7.7642806236592268E-002
  0.92929292929292762       -6.8985635106079940E-002
  0.93939393939393767       -6.0307633861962619E-002
  0.94949494949494773       -5.1596473299592334E-002
  0.95959595959595778       -4.2829438354291073E-002
  0.96969696969696784       -3.3960791252527316E-002
  0.97979797979797789       -2.4883939756690825E-002
  0.98989898989898795       -1.5266159927174899E-002
  0.99999999999999800       -1.2679427235623373E-014
