   0.0000000000000000        9.0875137151748570E-003
   1.0101010101010102E-002   2.1581344883491418E-002
   2.0202020202020204E-002   3.3909884457597947E-002
   3.0303030303030304E-002   4.6164866872847418E-002
   4.0404040404040407E-002   5.8371852881801509E-002
   5.0505050505050511E-002   7.0544933465768053E-002
   6.0606060606060615E-002   8.2693248240876926E-002
   7.0707070707070718E-002   9.4822939783323998E-002
   8.0808080808080815E-002  0.10693816978906628     
   9.0909090909090912E-002  0.11904175590579791     
  0.10101010101010101       0.13113559232667321     
  0.11111111111111110       0.14322093278469922     
  0.12121212121212120       0.15529858298775734     
  0.13131313131313130       0.16736903258635302     
  0.14141414141414141       0.17943254636266828     
  0.15151515151515152       0.19148922767207471     
  0.16161616161616163       0.20353906284185333     
  0.17171717171717174       0.21558195239346867     
  0.18181818181818185       0.22761773307639610     
  0.19191919191919196       0.23964619344751154     
  0.20202020202020207       0.25166708488539397     
  0.21212121212121218       0.26368012935490637     
  0.22222222222222229       0.27568502484401569     
  0.23232323232323240       0.28768144912295801     
  0.24242424242424251       0.29966906228653356     
  0.25252525252525260       0.31164750840751271     
  0.26262626262626271       0.32361641653532947     
  0.27272727272727282       0.33557540120756274     
  0.28282828282828293       0.34752406259401336     
  0.29292929292929304       0.35946198635887028     
  0.30303030303030315       0.37138874330162114     
  0.31313131313131326       0.38330388881926725     
  0.32323232323232337       0.39520696221912205     
  0.33333333333333348       0.40709748590164235     
  0.34343434343434359       0.41897496442537974     
  0.35353535353535370       0.43083888346053911     
  0.36363636363636381       0.44268870863329557     
  0.37373737373737392       0.45452388425955176     
  0.38383838383838403       0.46634383196396456     
  0.39393939393939414       0.47814794917760300     
  0.40404040404040426       0.48993560750537934     
  0.41414141414141437       0.50170615095227700     
  0.42424242424242448       0.51345889399528677     
  0.43434343434343459       0.52519311948442804     
  0.44444444444444470       0.53690807623962333     
  0.45454545454545481       0.54860296480092818     
  0.46464646464646492       0.56027594483109022     
  0.47474747474747503       0.57181578644971831     
  0.48484848484848514       0.56261343844982870     
  0.49494949494949525       0.33559123273082558     
  0.50505050505050531      -0.33559123273087765     
  0.51515151515151536      -0.56261343844983847     
  0.52525252525252542      -0.57181578644972020     
  0.53535353535353547      -0.56027594483109200     
  0.54545454545454553      -0.54860296480093007     
  0.55555555555555558      -0.53690807623962544     
  0.56565656565656564      -0.52519311948443004     
  0.57575757575757569      -0.51345889399528888     
  0.58585858585858575      -0.50170615095227900     
  0.59595959595959580      -0.48993560750538140     
  0.60606060606060586      -0.47814794917760511     
  0.61616161616161591      -0.46634383196396667     
  0.62626262626262597      -0.45452388425955387     
  0.63636363636363602      -0.44268870863329762     
  0.64646464646464608      -0.43083888346054117     
  0.65656565656565613      -0.41897496442538190     
  0.66666666666666619      -0.40709748590164452     
  0.67676767676767624      -0.39520696221912410     
  0.68686868686868630      -0.38330388881926941     
  0.69696969696969635      -0.37138874330162325     
  0.70707070707070641      -0.35946198635887233     
  0.71717171717171646      -0.34752406259401541     
  0.72727272727272652      -0.33557540120756479     
  0.73737373737373657      -0.32361641653533157     
  0.74747474747474663      -0.31164750840751493     
  0.75757575757575668      -0.29966906228653578     
  0.76767676767676674      -0.28768144912296018     
  0.77777777777777679      -0.27568502484401791     
  0.78787878787878685      -0.26368012935490859     
  0.79797979797979690      -0.25166708488539624     
  0.80808080808080696      -0.23964619344751378     
  0.81818181818181701      -0.22761773307639832     
  0.82828282828282707      -0.21558195239347094     
  0.83838383838383712      -0.20353906284185563     
  0.84848484848484718      -0.19148922767207702     
  0.85858585858585723      -0.17943254636267059     
  0.86868686868686729      -0.16736903258635530     
  0.87878787878787734      -0.15529858298775961     
  0.88888888888888740      -0.14322093278470152     
  0.89898989898989745      -0.13113559232667552     
  0.90909090909090751      -0.11904175590580024     
  0.91919191919191756      -0.10693816978906866     
  0.92929292929292762       -9.4822939783326413E-002
  0.93939393939393767       -8.2693248240879397E-002
  0.94949494949494773       -7.0544933465770607E-002
  0.95959595959595778       -5.8371852881804187E-002
  0.96969696969696784       -4.6164866872850312E-002
  0.97979797979797789       -3.3909884457601222E-002
  0.98989898989898795       -2.1581344883495421E-002
  0.99999999999999800       -9.0875137151804723E-003
