   0.0000000000000000        8.8253583074974599E-003
   1.0101010101010102E-002   3.9721985069337391E-002
   2.0202020202020204E-002   6.9110211469336769E-002
   3.0303030303030304E-002   9.8110002634410831E-002
   4.0404040404040407E-002  0.12694839210650455     
   5.0505050505050511E-002  0.15568790310101371     
   6.0606060606060615E-002  0.18434399768932128     
   7.0707070707070718E-002  0.21291617483722644     
   8.0808080808080815E-002  0.24139792774047988     
   9.0909090909090912E-002  0.26978024011561347     
  0.10101010101010101       0.29805285792764558     
  0.11111111111111110       0.32620473898481300     
  0.12121212121212120       0.35422418449407422     
  0.13131313131313130       0.38209884260596239     
  0.14141414141414141       0.40981565696999639     
  0.15151515151515152       0.43736078792968008     
  0.16161616161616163       0.46471951592241106     
  0.17171717171717174       0.49187612929841595     
  0.18181818181818185       0.51881379563265639     
  0.19191919191919196       0.54551441405929579     
  0.20202020202020207       0.57195844513609617     
  0.21212121212121218       0.59812471379031606     
  0.22222222222222229       0.62399017979367566     
  0.23232323232323240       0.64952966882929786     
  0.24242424242424251       0.67471555542684436     
  0.25252525252525260       0.69951738670600505     
  0.26262626262626271       0.72390143278259378     
  0.27272727272727282       0.74783014557239369     
  0.28282828282828293       0.77126150216790101     
  0.29292929292929304       0.79414820136691677     
  0.30303030303030315       0.81643667141687604     
  0.31313131313131326       0.83806583227422582     
  0.32323232323232337       0.85896553462121572     
  0.33333333333333348       0.87905456733454779     
  0.34343434343434359       0.89823807993707827     
  0.35353535353535370       0.91640419842346432     
  0.36363636363636381       0.93341950702267806     
  0.37373737373737392       0.94912290500005936     
  0.38383838383838403       0.96331703099970656     
  0.39393939393939414       0.97575628487049793     
  0.40404040404040426       0.98612690360551392     
  0.41414141414141437       0.99402939491906583     
  0.42424242424242448       0.99881254348303106     
  0.43434343434343459       0.99946994180267057     
  0.44444444444444470       0.99494808256300404     
  0.45454545454545481       0.98326921206649065     
  0.46464646464646492       0.96083396916491015     
  0.47474747474747503       0.91918285954053314     
  0.48484848484848514       0.81968223917792493     
  0.49494949494949525       0.46457210941638377     
  0.50505050505050531      -0.46457210941639271     
  0.51515151515151536      -0.81968223917792482     
  0.52525252525252542      -0.91918285954053136     
  0.53535353535353547      -0.96083396916490904     
  0.54545454545454553      -0.98326921206648910     
  0.55555555555555558      -0.99494808256300438     
  0.56565656565656564      -0.99946994180267046     
  0.57575757575757569      -0.99881254348303128     
  0.58585858585858575      -0.99402939491906639     
  0.59595959595959580      -0.98612690360551436     
  0.60606060606060586      -0.97575628487049926     
  0.61616161616161591      -0.96331703099970789     
  0.62626262626262597      -0.94912290500006125     
  0.63636363636363602      -0.93341950702267984     
  0.64646464646464608      -0.91640419842346632     
  0.65656565656565613      -0.89823807993708071     
  0.66666666666666619      -0.87905456733455023     
  0.67676767676767624      -0.85896553462121816     
  0.68686868686868630      -0.83806583227422848     
  0.69696969696969635      -0.81643667141687903     
  0.70707070707070641      -0.79414820136691966     
  0.71717171717171646      -0.77126150216790412     
  0.72727272727272652      -0.74783014557239691     
  0.73737373737373657      -0.72390143278259722     
  0.74747474747474663      -0.69951738670600860     
  0.75757575757575668      -0.67471555542684802     
  0.76767676767676674      -0.64952966882930174     
  0.77777777777777679      -0.62399017979367966     
  0.78787878787878685      -0.59812471379032017     
  0.79797979797979690      -0.57195844513610039     
  0.80808080808080696      -0.54551441405930012     
  0.81818181818181701      -0.51881379563266083     
  0.82828282828282707      -0.49187612929842045     
  0.83838383838383712      -0.46471951592241573     
  0.84848484848484718      -0.43736078792968480     
  0.85858585858585723      -0.40981565697000116     
  0.86868686868686729      -0.38209884260596721     
  0.87878787878787734      -0.35422418449407922     
  0.88888888888888740      -0.32620473898481805     
  0.89898989898989745      -0.29805285792765068     
  0.90909090909090751      -0.26978024011561869     
  0.91919191919191756      -0.24139792774048513     
  0.92929292929292762      -0.21291617483723177     
  0.93939393939393767      -0.18434399768932663     
  0.94949494949494773      -0.15568790310101915     
  0.95959595959595778      -0.12694839210651010     
  0.96969696969696784       -9.8110002634416466E-002
  0.97979797979797789       -6.9110211469342625E-002
  0.98989898989898795       -3.9721985069343886E-002
  0.99999999999999800       -8.8253583075078509E-003
