   0.0000000000000000        9.9725539632310595E-003
   1.0101010101010102E-002   2.9783732158260148E-002
   2.0202020202020204E-002   4.9167671185827801E-002
   3.0303030303030304E-002   6.8347716979525103E-002
   4.0404040404040407E-002   8.7418352375524658E-002
   5.0505050505050511E-002  0.10642377632101661     
   6.0606060606060615E-002  0.12538565568431481     
   7.0707070707070718E-002  0.14431469030792646     
   8.0808080808080815E-002  0.16321593343734825     
   9.0909090909090912E-002  0.18209140742198374     
  0.10101010101010101       0.20094145139618891     
  0.11111111111111110       0.21976543930168010     
  0.12121212121212120       0.23856217139277355     
  0.13131313131313130       0.25733009065568890     
  0.14141414141414141       0.27606740282670228     
  0.15151515151515152       0.29477214217741793     
  0.16161616161616163       0.31344220621658231     
  0.17171717171717174       0.33207537225001610     
  0.18181818181818185       0.35066930312442479     
  0.19191919191919196       0.36922154632733689     
  0.20202020202020207       0.38772952881354084     
  0.21212121212121218       0.40619054888260803     
  0.22222222222222229       0.42460176581540893     
  0.23232323232323240       0.44296018760663419     
  0.24242424242424251       0.46126265690055801     
  0.25252525252525260       0.47950583508779721     
  0.26262626262626271       0.49768618441559204     
  0.27272727272727282       0.51579994788127903     
  0.28282828282828293       0.53384312660431310     
  0.29292929292929304       0.55181145429709610     
  0.30303030303030315       0.56970036837199467     
  0.31313131313131326       0.58750497712524663     
  0.32323232323232337       0.60522002232195304     
  0.33333333333333348       0.62283983636321461     
  0.34343434343434359       0.64035829303840786     
  0.35353535353535370       0.65776875064193130     
  0.36363636363636381       0.67506398595046335     
  0.37373737373737392       0.69223611719499178     
  0.38383838383838403       0.70927651369595768     
  0.39393939393939414       0.72617568922446440     
  0.40404040404040426       0.74292317535837837     
  0.41414141414141437       0.75950737004979862     
  0.42424242424242448       0.77591535521039123     
  0.43434343434343459       0.79213267520835196     
  0.44444444444444470       0.80814306543286041     
  0.45454545454545481       0.82392810435229114     
  0.46464646464646492       0.83946543394582984     
  0.47474747474747503       0.85457729644652947     
  0.48484848484848514       0.83704549838372122     
  0.49494949494949525       0.50689412596156314     
  0.50505050505050531      -0.50689412596157890     
  0.51515151515151536      -0.83704549838372511     
  0.52525252525252542      -0.85457729644653169     
  0.53535353535353547      -0.83946543394583162     
  0.54545454545454553      -0.82392810435229313     
  0.55555555555555558      -0.80814306543286241     
  0.56565656565656564      -0.79213267520835406     
  0.57575757575757569      -0.77591535521039312     
  0.58585858585858575      -0.75950737004980096     
  0.59595959595959580      -0.74292317535838082     
  0.60606060606060586      -0.72617568922446696     
  0.61616161616161591      -0.70927651369596023     
  0.62626262626262597      -0.69223611719499434     
  0.63636363636363602      -0.67506398595046602     
  0.64646464646464608      -0.65776875064193407     
  0.65656565656565613      -0.64035829303841052     
  0.66666666666666619      -0.62283983636321738     
  0.67676767676767624      -0.60522002232195582     
  0.68686868686868630      -0.58750497712524952     
  0.69696969696969635      -0.56970036837199745     
  0.70707070707070641      -0.55181145429709899     
  0.71717171717171646      -0.53384312660431610     
  0.72727272727272652      -0.51579994788128214     
  0.73737373737373657      -0.49768618441559515     
  0.74747474747474663      -0.47950583508780037     
  0.75757575757575668      -0.46126265690056117     
  0.76767676767676674      -0.44296018760663741     
  0.77777777777777679      -0.42460176581541215     
  0.78787878787878685      -0.40619054888261119     
  0.79797979797979690      -0.38772952881354406     
  0.80808080808080696      -0.36922154632734017     
  0.81818181818181701      -0.35066930312442807     
  0.82828282828282707      -0.33207537225001943     
  0.83838383838383712      -0.31344220621658564     
  0.84848484848484718      -0.29477214217742131     
  0.85858585858585723      -0.27606740282670567     
  0.86868686868686729      -0.25733009065569235     
  0.87878787878787734      -0.23856217139277705     
  0.88888888888888740      -0.21976543930168363     
  0.89898989898989745      -0.20094145139619243     
  0.90909090909090751      -0.18209140742198729     
  0.91919191919191756      -0.16321593343735180     
  0.92929292929292762      -0.14431469030793009     
  0.93939393939393767      -0.12538565568431848     
  0.94949494949494773      -0.10642377632102031     
  0.95959595959595778       -8.7418352375528446E-002
  0.96969696969696784       -6.8347716979529072E-002
  0.97979797979797789       -4.9167671185832082E-002
  0.98989898989898795       -2.9783732158265290E-002
  0.99999999999999800       -9.9725539632391225E-003
