   0.0000000000000000        9.8933227142359130E-003
   1.0101010101010102E-002   3.2213984256134080E-002
   2.0202020202020204E-002   5.3906666706273837E-002
   3.0303030303030304E-002   7.5343900548354284E-002
   4.0404040404040407E-002   9.6654804050060994E-002
   5.0505050505050511E-002  0.11789281213605854     
   6.0606060606060615E-002  0.13908135893258503     
   7.0707070707070718E-002  0.16023053996567024     
   8.0808080808080815E-002  0.18134408611704261     
   9.0909090909090912E-002  0.20242253332918264     
  0.10101010101010101       0.22346474246704420     
  0.11111111111111110       0.24446865380576230     
  0.12121212121212120       0.26543166890273229     
  0.13131313131313130       0.28635084444467501     
  0.14141414141414141       0.30722298854576502     
  0.15151515151515152       0.32804470523893464     
  0.16161616161616163       0.34881241079654079     
  0.17171717171717174       0.36952233425345549     
  0.18181818181818185       0.39017050862557084     
  0.19191919191919196       0.41075275618461166     
  0.20202020202020207       0.43126466945059794     
  0.21212121212121218       0.45170158862099075     
  0.22222222222222229       0.47205857561544889     
  0.23232323232323240       0.49233038458658968     
  0.24242424242424251       0.51251142852552978     
  0.25252525252525260       0.53259574141718236     
  0.26262626262626271       0.55257693523924822     
  0.27272727272727282       0.57244815092789214     
  0.28282828282828293       0.59220200223523500     
  0.29292929292929304       0.61183051116371123     
  0.30303030303030315       0.63132503336352086     
  0.31313131313131326       0.65067617150189350     
  0.32323232323232337       0.66987367413074006     
  0.33333333333333348       0.68890631695768567     
  0.34343434343434359       0.70776176261661894     
  0.35353535353535370       0.72642639397104458     
  0.36363636363636381       0.74488511457237561     
  0.37373737373737392       0.76312110800060806     
  0.38383838383838403       0.78111554523991766     
  0.39393939393939414       0.79884722569600142     
  0.40404040404040426       0.81629213250883048     
  0.41414141414141437       0.83342287578553120     
  0.42424242424242448       0.85020798722933877     
  0.43434343434343459       0.86661101470378143     
  0.44444444444444470       0.88258934273589718     
  0.45454545454545481       0.89809262010137714     
  0.46464646464646492       0.91305931110735949     
  0.47474747474747503       0.92723904152540815     
  0.48484848484848514       0.90575461017057834     
  0.49494949494949525       0.54730916933867402     
  0.50505050505050531      -0.54730916933868279     
  0.51515151515151536      -0.90575461017058023     
  0.52525252525252542      -0.92723904152540992     
  0.53535353535353547      -0.91305931110736127     
  0.54545454545454553      -0.89809262010137925     
  0.55555555555555558      -0.88258934273589906     
  0.56565656565656564      -0.86661101470378332     
  0.57575757575757569      -0.85020798722934110     
  0.58585858585858575      -0.83342287578553320     
  0.59595959595959580      -0.81629213250883281     
  0.60606060606060586      -0.79884722569600364     
  0.61616161616161591      -0.78111554523992011     
  0.62626262626262597      -0.76312110800061039     
  0.63636363636363602      -0.74488511457237827     
  0.64646464646464608      -0.72642639397104736     
  0.65656565656565613      -0.70776176261662160     
  0.66666666666666619      -0.68890631695768856     
  0.67676767676767624      -0.66987367413074306     
  0.68686868686868630      -0.65067617150189649     
  0.69696969696969635      -0.63132503336352386     
  0.70707070707070641      -0.61183051116371434     
  0.71717171717171646      -0.59220200223523811     
  0.72727272727272652      -0.57244815092789525     
  0.73737373737373657      -0.55257693523925144     
  0.74747474747474663      -0.53259574141718569     
  0.75757575757575668      -0.51251142852553333     
  0.76767676767676674      -0.49233038458659312     
  0.77777777777777679      -0.47205857561545239     
  0.78787878787878685      -0.45170158862099424     
  0.79797979797979690      -0.43126466945060143     
  0.80808080808080696      -0.41075275618461521     
  0.81818181818181701      -0.39017050862557445     
  0.82828282828282707      -0.36952233425345909     
  0.83838383838383712      -0.34881241079654451     
  0.84848484848484718      -0.32804470523893842     
  0.85858585858585723      -0.30722298854576879     
  0.86868686868686729      -0.28635084444467873     
  0.87878787878787734      -0.26543166890273612     
  0.88888888888888740      -0.24446865380576621     
  0.89898989898989745      -0.22346474246704812     
  0.90909090909090751      -0.20242253332918658     
  0.91919191919191756      -0.18134408611704655     
  0.92929292929292762      -0.16023053996567421     
  0.93939393939393767      -0.13908135893258908     
  0.94949494949494773      -0.11789281213606265     
  0.95959595959595778       -9.6654804050065171E-002
  0.96969696969696784       -7.5343900548358614E-002
  0.97979797979797789       -5.3906666706278458E-002
  0.98989898989898795       -3.2213984256139541E-002
  0.99999999999999800       -9.8933227142446161E-003
