   0.0000000000000000        8.6458530049805804E-003
   1.0101010101010102E-002   4.0531480071092398E-002
   2.0202020202020204E-002   7.0802035177313524E-002
   3.0303030303030304E-002  0.10067487939172177     
   4.0404040404040407E-002  0.13038374943087003     
   5.0505050505050511E-002  0.15998958752701320     
   6.0606060606060615E-002  0.18950558837788289     
   7.0707070707070718E-002  0.21892924902894939     
   8.0808080808080815E-002  0.24825231374236495     
   9.0909090909090912E-002  0.27746414816199871     
  0.10101010101010101       0.30655291489434539     
  0.11111111111111110       0.33550596089610280     
  0.12121212121212120       0.36430990942395375     
  0.13131313131313130       0.39295063627197108     
  0.14141414141414141       0.42141319656432952     
  0.15151515151515152       0.44968172571346265     
  0.16161616161616163       0.47773932175715522     
  0.17171717171717174       0.50556790982783850     
  0.18181818181818185       0.53314808676951497     
  0.19191919191919196       0.56045894248230244     
  0.20202020202020207       0.58747785348202908     
  0.21212121212121218       0.61418024301413410     
  0.22222222222222229       0.64053930066200782     
  0.23232323232323240       0.66652565260061969     
  0.24242424242424251       0.69210697131824939     
  0.25252525252525260       0.71724751056803904     
  0.26262626262626271       0.74190754724560470     
  0.27272727272727282       0.76604270643173822     
  0.28282828282828293       0.78960313842914365     
  0.29292929292929304       0.81253250643447450     
  0.30303030303030315       0.83476672929034679     
  0.31313131313131326       0.85623240368662157     
  0.32323232323232337       0.87684480133356635     
  0.33333333333333348       0.89650529444085492     
  0.34343434343434359       0.91509799995973284     
  0.35353535353535370       0.93248533680016665     
  0.36363636363636381       0.94850204369191982     
  0.37373737373737392       0.96294692845031027     
  0.38383838383838403       0.97557147740838324     
  0.39393939393939414       0.98606136244755416     
  0.40404040404040426       0.99402005686866335     
  0.41414141414141437       0.99881718043680201     
  0.42424242424242448       0.99950583200606880     
  0.43434343434343459       0.99513495799922624     
  0.44444444444444470       0.98400786189044964     
  0.45454545454545481       0.96333582031431442     
  0.46464646464646492       0.92809845236267818     
  0.47474747474747503       0.86761444088287187     
  0.48484848484848514       0.74635605446900288     
  0.49494949494949525       0.41027716213291915     
  0.50505050505050531      -0.41027716213292931     
  0.51515151515151536      -0.74635605446900344     
  0.52525252525252542      -0.86761444088286988     
  0.53535353535353547      -0.92809845236267641     
  0.54545454545454553      -0.96333582031431331     
  0.55555555555555558      -0.98400786189044820     
  0.56565656565656564      -0.99513495799922658     
  0.57575757575757569      -0.99950583200606857     
  0.58585858585858575      -0.99881718043680223     
  0.59595959595959580      -0.99402005686866390     
  0.60606060606060586      -0.98606136244755471     
  0.61616161616161591      -0.97557147740838457     
  0.62626262626262597      -0.96294692845031160     
  0.63636363636363602      -0.94850204369192170     
  0.64646464646464608      -0.93248533680016854     
  0.65656565656565613      -0.91509799995973484     
  0.66666666666666619      -0.89650529444085747     
  0.67676767676767624      -0.87684480133356890     
  0.68686868686868630      -0.85623240368662412     
  0.69696969696969635      -0.83476672929034956     
  0.70707070707070641      -0.81253250643447761     
  0.71717171717171646      -0.78960313842914664     
  0.72727272727272652      -0.76604270643174144     
  0.73737373737373657      -0.74190754724560803     
  0.74747474747474663      -0.71724751056804259     
  0.75757575757575668      -0.69210697131825316     
  0.76767676767676674      -0.66652565260062346     
  0.77777777777777679      -0.64053930066201192     
  0.78787878787878685      -0.61418024301413832     
  0.79797979797979690      -0.58747785348203330     
  0.80808080808080696      -0.56045894248230677     
  0.81818181818181701      -0.53314808676951952     
  0.82828282828282707      -0.50556790982784305     
  0.83838383838383712      -0.47773932175715994     
  0.84848484848484718      -0.44968172571346748     
  0.85858585858585723      -0.42141319656433440     
  0.86868686868686729      -0.39295063627197607     
  0.87878787878787734      -0.36430990942395880     
  0.88888888888888740      -0.33550596089610796     
  0.89898989898989745      -0.30655291489435060     
  0.90909090909090751      -0.27746414816200404     
  0.91919191919191756      -0.24825231374237033     
  0.92929292929292762      -0.21892924902895486     
  0.93939393939393767      -0.18950558837788842     
  0.94949494949494773      -0.15998958752701881     
  0.95959595959595778      -0.13038374943087574     
  0.96969696969696784      -0.10067487939172756     
  0.97979797979797789       -7.0802035177319519E-002
  0.98989898989898795       -4.0531480071099017E-002
  0.99999999999999800       -8.6458530049911258E-003
