   0.0000000000000000        5.3294124331204956E-003
   1.0101010101010102E-002   5.1341784381395465E-002
   2.0202020202020204E-002   9.4675766554322999E-002
   3.0303030303030304E-002  0.13761193048470574     
   4.0404040404040407E-002  0.18031572296551562     
   5.0505050505050511E-002  0.22276875202558055     
   6.0606060606060615E-002  0.26492535683869095     
   7.0707070707070718E-002  0.30673438162650185     
   8.0808080808080815E-002  0.34814229876453023     
   9.0909090909090912E-002  0.38909336908393405     
  0.10101010101010101       0.42952933479385291     
  0.11111111111111110       0.46938902867286530     
  0.12121212121212120       0.50860794365879902     
  0.13131313131313130       0.54711776060940487     
  0.14141414141414141       0.58484582756088987     
  0.15151515151515152       0.62171458307449989     
  0.16161616161616163       0.65764091546453562     
  0.17171717171717174       0.69253544887013008     
  0.18181818181818185       0.72630174631227085     
  0.19191919191919196       0.75883541913930708     
  0.20202020202020207       0.79002313172202820     
  0.21212121212121218       0.81974149008627184     
  0.22222222222222229       0.84785580362439517     
  0.23232323232323240       0.87421871048236244     
  0.24242424242424251       0.89866866021465996     
  0.25252525252525260       0.92102825257111887     
  0.26262626262626271       0.94110243998624177     
  0.27272727272727282       0.95867661227420808     
  0.28282828282828293       0.97351461842831355     
  0.29292929292929304       0.98535651425965309     
  0.30303030303030315       0.99391787945794574     
  0.31313131313131326       0.99885135670030123     
  0.32323232323232337       0.99975826784695576     
  0.33333333333333348       0.99634125568521226     
  0.34343434343434359       0.98820742948422780     
  0.35353535353535370       0.97493693741096166     
  0.36363636363636381       0.95609183931005914     
  0.37373737373737392       0.93122500509175121     
  0.38383838383838403       0.89989307473579194     
  0.39393939393939414       0.86167418797965878     
  0.40404040404040426       0.81619096954369375     
  0.41414141414141437       0.76313883437579888     
  0.42424242424242448       0.70231902545742275     
  0.43434343434343459       0.63367492020320060     
  0.44444444444444470       0.55732910585175455     
  0.45454545454545481       0.47361766840992808     
  0.46464646464646492       0.38311712950244720     
  0.47474747474747503       0.28665237460193554     
  0.48484848484848514       0.18509278849578892     
  0.49494949494949525        7.5775451655824722E-002
  0.50505050505050531       -7.5775451655830731E-002
  0.51515151515151536      -0.18509278849579275     
  0.52525252525252542      -0.28665237460193815     
  0.53535353535353547      -0.38311712950244897     
  0.54545454545454553      -0.47361766840992914     
  0.55555555555555558      -0.55732910585175477     
  0.56565656565656564      -0.63367492020320015     
  0.57575757575757569      -0.70231902545742186     
  0.58585858585858575      -0.76313883437579766     
  0.59595959595959580      -0.81619096954369241     
  0.60606060606060586      -0.86167418797965745     
  0.61616161616161591      -0.89989307473579050     
  0.62626262626262597      -0.93122500509174999     
  0.63636363636363602      -0.95609183931005781     
  0.64646464646464608      -0.97493693741096077     
  0.65656565656565613      -0.98820742948422713     
  0.66666666666666619      -0.99634125568521215     
  0.67676767676767624      -0.99975826784695554     
  0.68686868686868630      -0.99885135670030145     
  0.69696969696969635      -0.99391787945794630     
  0.70707070707070641      -0.98535651425965398     
  0.71717171717171646      -0.97351461842831499     
  0.72727272727272652      -0.95867661227420986     
  0.73737373737373657      -0.94110243998624377     
  0.74747474747474663      -0.92102825257112142     
  0.75757575757575668      -0.89866866021466252     
  0.76767676767676674      -0.87421871048236555     
  0.77777777777777679      -0.84785580362439861     
  0.78787878787878685      -0.81974149008627573     
  0.79797979797979690      -0.79002313172203231     
  0.80808080808080696      -0.75883541913931174     
  0.81818181818181701      -0.72630174631227551     
  0.82828282828282707      -0.69253544887013496     
  0.83838383838383712      -0.65764091546454084     
  0.84848484848484718      -0.62171458307450544     
  0.85858585858585723      -0.58484582756089576     
  0.86868686868686729      -0.54711776060941109     
  0.87878787878787734      -0.50860794365880535     
  0.88888888888888740      -0.46938902867287202     
  0.89898989898989745      -0.42952933479385991     
  0.90909090909090751      -0.38909336908394121     
  0.91919191919191756      -0.34814229876453762     
  0.92929292929292762      -0.30673438162650940     
  0.93939393939393767      -0.26492535683869867     
  0.94949494949494773      -0.22276875202558846     
  0.95959595959595778      -0.18031572296552367     
  0.96969696969696784      -0.13761193048471396     
  0.97979797979797789       -9.4675766554331339E-002
  0.98989898989898795       -5.1341784381404125E-002
  0.99999999999999800       -5.3294124331325840E-003
