   0.0000000000000000        9.6011428961361566E-003
   1.0101010101010102E-002   2.4398696944323537E-002
   2.0202020202020204E-002   3.9010564182771532E-002
   3.0303030303030304E-002   5.3517192716147667E-002
   4.0404040404040407E-002   6.7956370003771832E-002
   5.0505050505050511E-002   8.2350428785904456E-002
   6.0606060606060615E-002   9.6712997234142534E-002
   7.0707070707070718E-002  0.11105247260676238     
   8.0808080808080815E-002  0.12537403206725864     
   9.0909090909090912E-002  0.13968083367166498     
  0.10101010101010101       0.15397474833432423     
  0.11111111111111110       0.16825681384800598     
  0.12121212121212120       0.18252752090833443     
  0.13131313131313130       0.19678699572160704     
  0.14141414141414141       0.21103511787419937     
  0.15151515151515152       0.22527159706012559     
  0.16161616161616163       0.23949602330885719     
  0.17171717171717174       0.25370789993923187     
  0.18181818181818185       0.26790666513201422     
  0.19191919191919196       0.28209170592955524     
  0.20202020202020207       0.29626236714904403     
  0.21212121212121218       0.31041795684637719     
  0.22222222222222229       0.32455774941539783     
  0.23232323232323240       0.33868098704438965     
  0.24242424242424251       0.35278688001098446     
  0.25252525252525260       0.36687460613550171     
  0.26262626262626271       0.38094330960391998     
  0.27272727272727282       0.39499209929751933     
  0.28282828282828293       0.40902004671515119     
  0.29292929292929304       0.42302618353842886     
  0.30303030303030315       0.43700949886476786     
  0.31313131313131326       0.45096893611467559     
  0.32323232323232337       0.46490338960563565     
  0.33333333333333348       0.47881170077371099     
  0.34343434343434359       0.49269265401443951     
  0.35353535353535370       0.50654497210587768     
  0.36363636363636381       0.52036731116811541     
  0.37373737373737392       0.53415825510473069     
  0.38383838383838403       0.54791630946202174     
  0.39393939393939414       0.56163989463104746     
  0.40404040404040426       0.57532733830507632     
  0.41414141414141437       0.58897686709054753     
  0.42424242424242448       0.60258659715253171     
  0.43434343434343459       0.61615452375393043     
  0.44444444444444470       0.62967850939572745     
  0.45454545454545481       0.64315625796778075     
  0.46464646464646492       0.65658412095869512     
  0.47474747474747503       0.66983715770632146     
  0.48484848484848514       0.65796490878096747     
  0.49494949494949525       0.39710498586005033     
  0.50505050505050531      -0.39710498586008802     
  0.51515151515151536      -0.65796490878097502     
  0.52525252525252542      -0.66983715770632368     
  0.53535353535353547      -0.65658412095869712     
  0.54545454545454553      -0.64315625796778286     
  0.55555555555555558      -0.62967850939572967     
  0.56565656565656564      -0.61615452375393265     
  0.57575757575757569      -0.60258659715253415     
  0.58585858585858575      -0.58897686709054975     
  0.59595959595959580      -0.57532733830507832     
  0.60606060606060586      -0.56163989463104969     
  0.61616161616161591      -0.54791630946202385     
  0.62626262626262597      -0.53415825510473303     
  0.63636363636363602      -0.52036731116811785     
  0.64646464646464608      -0.50654497210588012     
  0.65656565656565613      -0.49269265401444190     
  0.66666666666666619      -0.47881170077371343     
  0.67676767676767624      -0.46490338960563810     
  0.68686868686868630      -0.45096893611467809     
  0.69696969696969635      -0.43700949886477036     
  0.70707070707070641      -0.42302618353843124     
  0.71717171717171646      -0.40902004671515363     
  0.72727272727272652      -0.39499209929752183     
  0.73737373737373657      -0.38094330960392248     
  0.74747474747474663      -0.36687460613550421     
  0.75757575757575668      -0.35278688001098690     
  0.76767676767676674      -0.33868098704439215     
  0.77777777777777679      -0.32455774941540033     
  0.78787878787878685      -0.31041795684637968     
  0.79797979797979690      -0.29626236714904658     
  0.80808080808080696      -0.28209170592955779     
  0.81818181818181701      -0.26790666513201683     
  0.82828282828282707      -0.25370789993923448     
  0.83838383838383712      -0.23949602330885980     
  0.84848484848484718      -0.22527159706012823     
  0.85858585858585723      -0.21103511787420204     
  0.86868686868686729      -0.19678699572160974     
  0.87878787878787734      -0.18252752090833713     
  0.88888888888888740      -0.16825681384800867     
  0.89898989898989745      -0.15397474833432692     
  0.90909090909090751      -0.13968083367166773     
  0.91919191919191756      -0.12537403206726139     
  0.92929292929292762      -0.11105247260676517     
  0.93939393939393767       -9.6712997234145379E-002
  0.94949494949494773       -8.2350428785907370E-002
  0.95959595959595778       -6.7956370003774857E-002
  0.96969696969696784       -5.3517192716150901E-002
  0.97979797979797789       -3.9010564182775133E-002
  0.98989898989898795       -2.4398696944327954E-002
  0.99999999999999800       -9.6011428961426549E-003
