   0.0000000000000000        9.2580920363127869E-003
   1.0101010101010102E-002   3.7502433829396636E-002
   2.0202020202020204E-002   6.4525969905930347E-002
   3.0303030303030304E-002   9.1192625951526177E-002
   4.0404040404040407E-002  0.11770574026828620     
   5.0505050505050511E-002  0.14412930021793355     
   6.0606060606060615E-002  0.17048352447631579     
   7.0707070707070718E-002  0.19677251251904376     
   8.0808080808080815E-002  0.22299384719654161     
   9.0909090909090912E-002  0.24914226400939282     
  0.10101010101010101       0.27521112419937327     
  0.11111111111111110       0.30119301286877315     
  0.12121212121212120       0.32707997114556780     
  0.13131313131313130       0.35286356968861382     
  0.14141414141414141       0.37853491080782647     
  0.15151515151515152       0.40408459641219635     
  0.16161616161616163       0.42950267741835230     
  0.17171717171717174       0.45477859072357008     
  0.18181818181818185       0.47990108553540223     
  0.19191919191919196       0.50485813880787933     
  0.20202020202020207       0.52963685845504027     
  0.21212121212121218       0.55422337230311125     
  0.22222222222222229       0.57860270012361825     
  0.23232323232323240       0.60275860541785575     
  0.24242424242424251       0.62667342280931360     
  0.25252525252525260       0.65032785586953090     
  0.26262626262626271       0.67370073887047011     
  0.27272727272727282       0.69676875421411311     
  0.28282828282828293       0.71950609498747953     
  0.29292929292929304       0.74188405901592969     
  0.30303030303030315       0.76387055663265224     
  0.31313131313131326       0.78542950869852146     
  0.32323232323232337       0.80652010352585313     
  0.33333333333333348       0.82709587027060305     
  0.34343434343434359       0.84710351050016253     
  0.35353535353535370       0.86648140656113282     
  0.36363636363636381       0.88515769110447362     
  0.37373737373737392       0.90304771012243246     
  0.38383838383838403       0.92005063103703077     
  0.39393939393939414       0.93604481730662448     
  0.40404040404040426       0.95088138351682294     
  0.41414141414141437       0.96437491305632861     
  0.42424242424242448       0.97629012778857238     
  0.43434343434343459       0.98631809178248964     
  0.44444444444444470       0.99405621958375701     
  0.45454545454545481       0.99879622751944463     
  0.46464646464646492       0.99932899201021919     
  0.47474747474747503       0.99335740316221266     
  0.48484848484848514       0.94225512481403739     
  0.49494949494949525       0.55933757554491181     
  0.50505050505050531      -0.55933757554491659     
  0.51515151515151536      -0.94225512481403717     
  0.52525252525252542      -0.99335740316221288     
  0.53535353535353547      -0.99932899201021907     
  0.54545454545454553      -0.99879622751944486     
  0.55555555555555558      -0.99405621958375756     
  0.56565656565656564      -0.98631809178249008     
  0.57575757575757569      -0.97629012778857360     
  0.58585858585858575      -0.96437491305632972     
  0.59595959595959580      -0.95088138351682472     
  0.60606060606060586      -0.93604481730662603     
  0.61616161616161591      -0.92005063103703277     
  0.62626262626262597      -0.90304771012243479     
  0.63636363636363602      -0.88515769110447606     
  0.64646464646464608      -0.86648140656113493     
  0.65656565656565613      -0.84710351050016497     
  0.66666666666666619      -0.82709587027060560     
  0.67676767676767624      -0.80652010352585579     
  0.68686868686868630      -0.78542950869852424     
  0.69696969696969635      -0.76387055663265513     
  0.70707070707070641      -0.74188405901593291     
  0.71717171717171646      -0.71950609498748275     
  0.72727272727272652      -0.69676875421411644     
  0.73737373737373657      -0.67370073887047355     
  0.74747474747474663      -0.65032785586953445     
  0.75757575757575668      -0.62667342280931737     
  0.76767676767676674      -0.60275860541785953     
  0.77777777777777679      -0.57860270012362214     
  0.78787878787878685      -0.55422337230311525     
  0.79797979797979690      -0.52963685845504427     
  0.80808080808080696      -0.50485813880788355     
  0.81818181818181701      -0.47990108553540645     
  0.82828282828282707      -0.45477859072357435     
  0.83838383838383712      -0.42950267741835668     
  0.84848484848484718      -0.40408459641220074     
  0.85858585858585723      -0.37853491080783097     
  0.86868686868686729      -0.35286356968861837     
  0.87878787878787734      -0.32707997114557241     
  0.88888888888888740      -0.30119301286877781     
  0.89898989898989745      -0.27521112419937799     
  0.90909090909090751      -0.24914226400939765     
  0.91919191919191756      -0.22299384719654650     
  0.92929292929292762      -0.19677251251904868     
  0.93939393939393767      -0.17048352447632073     
  0.94949494949494773      -0.14412930021793857     
  0.95959595959595778      -0.11770574026829132     
  0.96969696969696784       -9.1192625951531395E-002
  0.97979797979797789       -6.4525969905935815E-002
  0.98989898989898795       -3.7502433829402805E-002
  0.99999999999999800       -9.2580920363227286E-003
