   0.0000000000000000        9.3718852967108971E-003
   1.0101010101010102E-002   3.6824790089084854E-002
   2.0202020202020204E-002   6.3141746253207787E-002
   3.0303030303030304E-002   8.9113061590993012E-002
   4.0404040404040407E-002  0.11493358110364445     
   5.0505050505050511E-002  0.14066695410894550     
   6.0606060606060615E-002  0.16633443177614712     
   7.0707070707070718E-002  0.19194126540550371     
   8.0808080808080815E-002  0.21748609614757897     
   9.0909090909090912E-002  0.24296462925726106     
  0.10101010101010101       0.26837114822335628     
  0.11111111111111110       0.29369914997664276     
  0.12121212121212120       0.31894160443477121     
  0.13131313131313130       0.34409104762396403     
  0.14141414141414141       0.36913959855159578     
  0.15151515151515152       0.39407893937642258     
  0.16161616161616163       0.41890027613950870     
  0.17171717171717174       0.44359428725999767     
  0.18181818181818185       0.46815106235446885     
  0.19191919191919196       0.49256003171744295     
  0.20202020202020207       0.51680988565327457     
  0.21212121212121218       0.54088848215107022     
  0.22222222222222229       0.56478274084624747     
  0.23232323232323240       0.58847852066390027     
  0.24242424242424251       0.61196047790242469     
  0.25252525252525260       0.63521190072512024     
  0.26262626262626271       0.65821451501685047     
  0.27272727272727282       0.68094825525189795     
  0.28282828282828293       0.70339099229997704     
  0.29292929292929304       0.72551820781928367     
  0.30303030303030315       0.74730260183366159     
  0.31313131313131326       0.76871361595429788     
  0.32323232323232337       0.78971684902725703     
  0.33333333333333348       0.81027333408242286     
  0.34343434343434359       0.83033863428579457     
  0.35353535353535370       0.84986169953952695     
  0.36363636363636381       0.86878340187014946     
  0.37373737373737392       0.88703463263454718     
  0.38383838383838403       0.90453379090974573     
  0.39393939393939414       0.92118340836494506     
  0.40404040404040426       0.93686551925442751     
  0.41414141414141437       0.95143516443281673     
  0.42424242424242448       0.96471094998519369     
  0.43434343434343459       0.97646139157576151     
  0.44444444444444470       0.98637996233071801     
  0.45454545454545481       0.99406471033642196     
  0.46464646464646492       0.99878740871204286     
  0.47474747474747503       0.99866646671459802     
  0.48484848484848514       0.95571688768062624     
  0.49494949494949525       0.57063554477956269     
  0.50505050505050531      -0.57063554477956635     
  0.51515151515151536      -0.95571688768062735     
  0.52525252525252542      -0.99866646671459791     
  0.53535353535353547      -0.99878740871204308     
  0.54545454545454553      -0.99406471033642252     
  0.55555555555555558      -0.98637996233071856     
  0.56565656565656564      -0.97646139157576262     
  0.57575757575757569      -0.96471094998519480     
  0.58585858585858575      -0.95143516443281850     
  0.59595959595959580      -0.93686551925442907     
  0.60606060606060586      -0.92118340836494705     
  0.61616161616161591      -0.90453379090974795     
  0.62626262626262597      -0.88703463263454951     
  0.63636363636363602      -0.86878340187015168     
  0.64646464646464608      -0.84986169953952939     
  0.65656565656565613      -0.83033863428579691     
  0.66666666666666619      -0.81027333408242541     
  0.67676767676767624      -0.78971684902725980     
  0.68686868686868630      -0.76871361595430066     
  0.69696969696969635      -0.74730260183366459     
  0.70707070707070641      -0.72551820781928689     
  0.71717171717171646      -0.70339099229998026     
  0.72727272727272652      -0.68094825525190128     
  0.73737373737373657      -0.65821451501685391     
  0.74747474747474663      -0.63521190072512390     
  0.75757575757575668      -0.61196047790242836     
  0.76767676767676674      -0.58847852066390394     
  0.77777777777777679      -0.56478274084625124     
  0.78787878787878685      -0.54088848215107410     
  0.79797979797979690      -0.51680988565327868     
  0.80808080808080696      -0.49256003171744706     
  0.81818181818181701      -0.46815106235447301     
  0.82828282828282707      -0.44359428726000188     
  0.83838383838383712      -0.41890027613951297     
  0.84848484848484718      -0.39407893937642691     
  0.85858585858585723      -0.36913959855160017     
  0.86868686868686729      -0.34409104762396847     
  0.87878787878787734      -0.31894160443477571     
  0.88888888888888740      -0.29369914997664731     
  0.89898989898989745      -0.26837114822336089     
  0.90909090909090751      -0.24296462925726578     
  0.91919191919191756      -0.21748609614758374     
  0.92929292929292762      -0.19194126540550852     
  0.93939393939393767      -0.16633443177615193     
  0.94949494949494773      -0.14066695410895041     
  0.95959595959595778      -0.11493358110364943     
  0.96969696969696784       -8.9113061590998119E-002
  0.97979797979797789       -6.3141746253213130E-002
  0.98989898989898795       -3.6824790089090925E-002
  0.99999999999999800       -9.3718852967206931E-003
