   0.0000000000000000        8.3566042262828866E-003
   1.0101010101010102E-002   1.8766973956150214E-002
   2.0202020202020204E-002   2.8980855005192010E-002
   3.0303030303030304E-002   3.9134207124651606E-002
   4.0404040404040407E-002   4.9253184059468436E-002
   5.0505050505050511E-002   5.9348013821084282E-002
   6.0606060606060615E-002   6.9424649729119589E-002
   7.0707070707070718E-002   7.9487149750533184E-002
   8.0808080808080815E-002   8.9538429836076253E-002
   9.0909090909090912E-002   9.9580620174925374E-002
  0.10101010101010101       0.10961528262059941     
  0.11111111111111110       0.11964355978172765     
  0.12121212121212120       0.12966628208044856     
  0.13131313131313130       0.13968404607677437     
  0.14141414141414141       0.14969727227954585     
  0.15151515151515152       0.15970624804648195     
  0.16161616161616163       0.16971115955041255     
  0.17171717171717174       0.17971211568329676     
  0.18181818181818185       0.18970916598844723     
  0.19191919191919196       0.19970231415062253     
  0.20202020202020207       0.20969152816814507     
  0.21212121212121218       0.21967674803660178     
  0.22222222222222229       0.22965789155880445     
  0.23232323232323240       0.23963485873832879     
  0.24242424242424251       0.24960753509823963     
  0.25252525252525260       0.25957579418115817     
  0.26262626262626271       0.26953949942344713     
  0.27272727272727282       0.27949850554907663     
  0.28282828282828293       0.28945265959341038     
  0.29292929292929304       0.29940180164061692     
  0.30303030303030315       0.30934576533839125     
  0.31313131313131326       0.31928437823851386     
  0.32323232323232337       0.32921746200024721     
  0.33333333333333348       0.33914483248477600     
  0.34343434343434359       0.34906629976215803     
  0.35353535353535370       0.35898166804707382     
  0.36363636363636381       0.36889073557566276     
  0.37373737373737392       0.37879329443262860     
  0.38383838383838403       0.38868913033538344     
  0.39393939393939414       0.39857802238009987     
  0.40404040404040426       0.40845974275304381     
  0.41414141414141437       0.41833405640936394     
  0.42424242424242448       0.42820072072053705     
  0.43434343434343459       0.43805948508983200     
  0.44444444444444470       0.44791009041213969     
  0.45454545454545481       0.45775226069080505     
  0.46464646464646492       0.46758453164848801     
  0.47474747474747503       0.47734214549180537     
  0.48484848484848514       0.46518427052588268     
  0.49494949494949525       0.30244359959264849     
  0.50505050505050531      -0.30244359959271300     
  0.51515151515151536      -0.46518427052589606     
  0.52525252525252542      -0.47734214549180720     
  0.53535353535353547      -0.46758453164848984     
  0.54545454545454553      -0.45775226069080677     
  0.55555555555555558      -0.44791009041214142     
  0.56565656565656564      -0.43805948508983372     
  0.57575757575757569      -0.42820072072053877     
  0.58585858585858575      -0.41833405640936577     
  0.59595959595959580      -0.40845974275304558     
  0.60606060606060586      -0.39857802238010165     
  0.61616161616161591      -0.38868913033538521     
  0.62626262626262597      -0.37879329443263038     
  0.63636363636363602      -0.36889073557566454     
  0.64646464646464608      -0.35898166804707560     
  0.65656565656565613      -0.34906629976215969     
  0.66666666666666619      -0.33914483248477778     
  0.67676767676767624      -0.32921746200024904     
  0.68686868686868630      -0.31928437823851563     
  0.69696969696969635      -0.30934576533839309     
  0.70707070707070641      -0.29940180164061875     
  0.71717171717171646      -0.28945265959341221     
  0.72727272727272652      -0.27949850554907840     
  0.73737373737373657      -0.26953949942344896     
  0.74747474747474663      -0.25957579418116000     
  0.75757575757575668      -0.24960753509824143     
  0.76767676767676674      -0.23963485873833063     
  0.77777777777777679      -0.22965789155880631     
  0.78787878787878685      -0.21967674803660367     
  0.79797979797979690      -0.20969152816814698     
  0.80808080808080696      -0.19970231415062445     
  0.81818181818181701      -0.18970916598844914     
  0.82828282828282707      -0.17971211568329865     
  0.83838383838383712      -0.16971115955041444     
  0.84848484848484718      -0.15970624804648384     
  0.85858585858585723      -0.14969727227954777     
  0.86868686868686729      -0.13968404607677631     
  0.87878787878787734      -0.12966628208045047     
  0.88888888888888740      -0.11964355978172957     
  0.89898989898989745      -0.10961528262060137     
  0.90909090909090751       -9.9580620174927373E-002
  0.91919191919191756       -8.9538429836078279E-002
  0.92929292929292762       -7.9487149750535252E-002
  0.93939393939393767       -6.9424649729121726E-002
  0.94949494949494773       -5.9348013821086509E-002
  0.95959595959595778       -4.9253184059470802E-002
  0.96969696969696784       -3.9134207124654187E-002
  0.97979797979797789       -2.8980855005194948E-002
  0.98989898989898795       -1.8766973956153756E-002
  0.99999999999999800       -8.3566042262876051E-003
