   0.0000000000000000        9.5463288034428311E-003
   1.0101010101010102E-002   2.4028405823055952E-002
   2.0202020202020204E-002   3.8331201169614769E-002
   3.0303030303030304E-002   5.2533906033708659E-002
   4.0404040404040407E-002   6.6671937951459870E-002
   5.0505050505050511E-002   8.0766343113132619E-002
   6.0606060606060615E-002   9.4830124998053281E-002
   7.0707070707070718E-002  0.10887140088161031     
   8.0808080808080815E-002  0.12289524366109093     
   9.0909090909090912E-002  0.13690479615374115     
  0.10101010101010101       0.15090195853826457     
  0.11111111111111110       0.16488781944138670     
  0.12121212121212120       0.17886293023101774     
  0.13131313131313130       0.19282748177487499     
  0.14141414141414141       0.20678141956705079     
  0.15151515151515152       0.22072451934771922     
  0.16161616161616163       0.23465643706987344     
  0.17171717171717174       0.24857674201528487     
  0.18181818181818185       0.26248493872599066     
  0.19191919191919196       0.27638048144139188     
  0.20202020202020207       0.29026278346828011     
  0.21212121212121218       0.30413122309400731     
  0.22222222222222229       0.31798514711821912     
  0.23232323232323240       0.33182387272490460     
  0.24242424242424251       0.34564668818041289     
  0.25252525252525260       0.35945285268408489     
  0.26262626262626271       0.37324159559015935     
  0.27272727272727282       0.38701211514565342     
  0.28282828282828293       0.40076357683777697     
  0.29292929292929304       0.41449511140868445     
  0.30303030303030315       0.42820581256998030     
  0.31313131313131326       0.44189473443099392     
  0.32323232323232337       0.45556088864109318     
  0.33333333333333348       0.46920324123560375     
  0.34343434343434359       0.48282070916610853     
  0.35353535353535370       0.49641215648819026     
  0.36363636363636381       0.50997639017245611     
  0.37373737373737392       0.52351215549745689     
  0.38383838383838403       0.53701813097550222     
  0.39393939393939414       0.55049292275402828     
  0.40404040404040426       0.56393505842575575     
  0.41414141414141437       0.57734298017003860     
  0.42424242424242448       0.59071503713514473     
  0.43434343434343459       0.60404947695493294     
  0.44444444444444470       0.61734443614620527     
  0.45454545454545481       0.63059791732279291     
  0.46464646464646492       0.64380657549527065     
  0.47474747474747503       0.65685293334391670     
  0.48484848484848514       0.64464975694203475     
  0.49494949494949525       0.39261376493170175     
  0.50505050505050531      -0.39261376493174094     
  0.51515151515151536      -0.64464975694204296     
  0.52525252525252542      -0.65685293334391870     
  0.53535353535353547      -0.64380657549527265     
  0.54545454545454553      -0.63059791732279502     
  0.55555555555555558      -0.61734443614620749     
  0.56565656565656564      -0.60404947695493538     
  0.57575757575757569      -0.59071503713514695     
  0.58585858585858575      -0.57734298017004060     
  0.59595959595959580      -0.56393505842575797     
  0.60606060606060586      -0.55049292275403039     
  0.61616161616161591      -0.53701813097550455     
  0.62626262626262597      -0.52351215549745922     
  0.63636363636363602      -0.50997639017245855     
  0.64646464646464608      -0.49641215648819254     
  0.65656565656565613      -0.48282070916611092     
  0.66666666666666619      -0.46920324123560619     
  0.67676767676767624      -0.45556088864109556     
  0.68686868686868630      -0.44189473443099636     
  0.69696969696969635      -0.42820581256998269     
  0.70707070707070641      -0.41449511140868683     
  0.71717171717171646      -0.40076357683777936     
  0.72727272727272652      -0.38701211514565592     
  0.73737373737373657      -0.37324159559016179     
  0.74747474747474663      -0.35945285268408728     
  0.75757575757575668      -0.34564668818041527     
  0.76767676767676674      -0.33182387272490704     
  0.77777777777777679      -0.31798514711822162     
  0.78787878787878685      -0.30413122309400975     
  0.79797979797979690      -0.29026278346828260     
  0.80808080808080696      -0.27638048144139443     
  0.81818181818181701      -0.26248493872599321     
  0.82828282828282707      -0.24857674201528746     
  0.83838383838383712      -0.23465643706987602     
  0.84848484848484718      -0.22072451934772180     
  0.85858585858585723      -0.20678141956705343     
  0.86868686868686729      -0.19282748177487763     
  0.87878787878787734      -0.17886293023102037     
  0.88888888888888740      -0.16488781944138933     
  0.89898989898989745      -0.15090195853826721     
  0.90909090909090751      -0.13690479615374385     
  0.91919191919191756      -0.12289524366109363     
  0.92929292929292762      -0.10887140088161304     
  0.93939393939393767       -9.4830124998056070E-002
  0.94949494949494773       -8.0766343113135478E-002
  0.95959595959595778       -6.6671937951462854E-002
  0.96969696969696784       -5.2533906033711844E-002
  0.97979797979797789       -3.8331201169618329E-002
  0.98989898989898795       -2.4028405823060317E-002
  0.99999999999999800       -9.5463288034492149E-003
