   0.0000000000000000        8.0003498600879058E-003
   1.0101010101010102E-002   1.7622323320883020E-002
   2.0202020202020204E-002   2.7026523514464561E-002
   3.0303030303030304E-002   3.6370247891316890E-002
   4.0404040404040407E-002   4.5682890031916827E-002
   5.0505050505050511E-002   5.4974494086141294E-002
   6.0606060606060615E-002   6.4250296313737923E-002
   7.0707070707070718E-002   7.3513716628725370E-002
   8.0808080808080815E-002   8.2767208887250990E-002
   9.0909090909090912E-002   9.2012596864923329E-002
  0.10101010101010101       0.10125125251946301     
  0.11111111111111110       0.11048421058396254     
  0.12121212121212120       0.11971224968355941     
  0.13131313131313130       0.12893595226308094     
  0.14141414141414141       0.13815574969994981     
  0.15151515151515152       0.14737195657028668     
  0.16161616161616163       0.15658479680767490     
  0.17171717171717174       0.16579442374219033     
  0.18181818181818185       0.17500093549442003     
  0.19191919191919196       0.18420438683010876     
  0.20202020202020207       0.19340479830898297     
  0.21212121212121218       0.20260216335852824     
  0.22222222222222229       0.21179645375155196     
  0.23232323232323240       0.22098762385211418     
  0.24242424242424251       0.23017561390824906     
  0.25252525252525260       0.23936035260474295     
  0.26262626262626271       0.24854175903980777     
  0.27272727272727282       0.25771974425188221     
  0.28282828282828293       0.26689421239408706     
  0.29292929292929304       0.27606506163187433     
  0.30303030303030315       0.28523218482252011     
  0.31313131313131326       0.29439547002208616     
  0.32323232323232337       0.30355480085541053     
  0.33333333333333348       0.31271005677686975     
  0.34343434343434359       0.32186111324358091     
  0.35353535353535370       0.33100784181796389     
  0.36363636363636381       0.34015011021286995     
  0.37373737373737392       0.34928778228956486     
  0.38383838383838403       0.35842071801655628     
  0.39393939393939414       0.36754877339543723     
  0.40404040404040426       0.37667180035847708     
  0.41414141414141437       0.38578964664153675     
  0.42424242424242448       0.39490215563496023     
  0.43434343434343459       0.40400916621344007     
  0.44444444444444470       0.41311051240884178     
  0.45454545454545481       0.42220601681848047     
  0.46464646464646492       0.43129406209817944     
  0.47474747474747503       0.44032570525000014     
  0.48484848484848514       0.42538422960236760     
  0.49494949494949525       0.29400529661310054     
  0.50505050505050531      -0.29400529661316899     
  0.51515151515151536      -0.42538422960238370     
  0.52525252525252542      -0.44032570525000181     
  0.53535353535353547      -0.43129406209818105     
  0.54545454545454553      -0.42220601681848208     
  0.55555555555555558      -0.41311051240884350     
  0.56565656565656564      -0.40400916621344174     
  0.57575757575757569      -0.39490215563496189     
  0.58585858585858575      -0.38578964664153853     
  0.59595959595959580      -0.37667180035847869     
  0.60606060606060586      -0.36754877339543884     
  0.61616161616161591      -0.35842071801655784     
  0.62626262626262597      -0.34928778228956642     
  0.63636363636363602      -0.34015011021287156     
  0.64646464646464608      -0.33100784181796561     
  0.65656565656565613      -0.32186111324358258     
  0.66666666666666619      -0.31271005677687147     
  0.67676767676767624      -0.30355480085541225     
  0.68686868686868630      -0.29439547002208788     
  0.69696969696969635      -0.28523218482252177     
  0.70707070707070641      -0.27606506163187605     
  0.71717171717171646      -0.26689421239408873     
  0.72727272727272652      -0.25771974425188388     
  0.73737373737373657      -0.24854175903980946     
  0.74747474747474663      -0.23936035260474464     
  0.75757575757575668      -0.23017561390825073     
  0.76767676767676674      -0.22098762385211590     
  0.77777777777777679      -0.21179645375155373     
  0.78787878787878685      -0.20260216335852996     
  0.79797979797979690      -0.19340479830898474     
  0.80808080808080696      -0.18420438683011051     
  0.81818181818181701      -0.17500093549442178     
  0.82828282828282707      -0.16579442374219205     
  0.83838383838383712      -0.15658479680767665     
  0.84848484848484718      -0.14737195657028845     
  0.85858585858585723      -0.13815574969995159     
  0.86868686868686729      -0.12893595226308269     
  0.87878787878787734      -0.11971224968356117     
  0.88888888888888740      -0.11048421058396435     
  0.89898989898989745      -0.10125125251946485     
  0.90909090909090751       -9.2012596864925203E-002
  0.91919191919191756       -8.2767208887252877E-002
  0.92929292929292762       -7.3513716628727313E-002
  0.93939393939393767       -6.4250296313739935E-002
  0.94949494949494773       -5.4974494086143390E-002
  0.95959595959595778       -4.5682890031919075E-002
  0.96969696969696784       -3.6370247891319353E-002
  0.97979797979797789       -2.7026523514467358E-002
  0.98989898989898795       -1.7622323320886361E-002
  0.99999999999999800       -8.0003498600922564E-003
