   0.0000000000000000        8.7778817416926651E-003
   1.0101010101010102E-002   2.0287592911084826E-002
   2.0202020202020204E-002   3.1622561863214549E-002
   3.0303030303030304E-002   4.2892324454672733E-002
   4.0404040404040407E-002   5.4121247110776843E-002
   5.0505050505050511E-002   6.5321046181019804E-002
   6.0606060606060615E-002   7.6499174208587345E-002
   7.0707070707070718E-002   8.7660750662256079E-002
   8.0808080808080815E-002   9.8809364593816992E-002
   9.0909090909090912E-002  0.10994754263703267     
  0.10101010101010101       0.12107705896216686     
  0.11111111111111110       0.13219914945584860     
  0.12121212121212120       0.14331466214290026     
  0.13131313131313130       0.15442416374588760     
  0.14141414141414141       0.16552801565408504     
  0.15151515151515152       0.17662642838342574     
  0.16161616161616163       0.18771950081209524     
  0.17171717171717174       0.19880724857266560     
  0.18181818181818185       0.20988962467406111     
  0.19191919191919196       0.22096653452274320     
  0.20202020202020207       0.23203784688389667     
  0.21212121212121218       0.24310340188353213     
  0.22222222222222229       0.25416301684267223     
  0.23232323232323240       0.26521649051526913     
  0.24242424242424251       0.27626360614495088     
  0.25252525252525260       0.28730413364335783     
  0.26262626262626271       0.29833783111175105     
  0.27272727272727282       0.30936444586872197     
  0.28282828282828293       0.32038371510388153     
  0.29292929292929304       0.33139536624590438     
  0.30303030303030315       0.34239911711007925     
  0.31313131313131326       0.35339467587331197     
  0.32323232323232337       0.36438174091172165     
  0.33333333333333348       0.37536000052638480     
  0.34343434343434359       0.38632913257557139     
  0.35353535353535370       0.39728880402634842     
  0.36363636363636381       0.40823867043425099     
  0.37373737373737392       0.41917837535649588     
  0.38383838383838403       0.43010754970168424     
  0.39393939393939414       0.44102581101692678     
  0.40404040404040426       0.45193276271167726     
  0.41414141414141437       0.46282799321617246     
  0.42424242424242448       0.47371107507115834     
  0.43434343434343459       0.48458156394315743     
  0.44444444444444470       0.49543899745432063     
  0.45454545454545481       0.50628288251927567     
  0.46464646464646492       0.51711182168337000     
  0.47474747474747503       0.52781601983547832     
  0.48484848484848514       0.52018888362540994     
  0.49494949494949525       0.30541336912480488     
  0.50505050505050531      -0.30541336912486311     
  0.51515151515151536      -0.52018888362542060     
  0.52525252525252542      -0.52781601983548032     
  0.53535353535353547      -0.51711182168337189     
  0.54545454545454553      -0.50628288251927767     
  0.55555555555555558      -0.49543899745432252     
  0.56565656565656564      -0.48458156394315932     
  0.57575757575757569      -0.47371107507116034     
  0.58585858585858575      -0.46282799321617435     
  0.59595959595959580      -0.45193276271167920     
  0.60606060606060586      -0.44102581101692873     
  0.61616161616161591      -0.43010754970168619     
  0.62626262626262597      -0.41917837535649788     
  0.63636363636363602      -0.40823867043425299     
  0.64646464646464608      -0.39728880402635042     
  0.65656565656565613      -0.38632913257557339     
  0.66666666666666619      -0.37536000052638674     
  0.67676767676767624      -0.36438174091172354     
  0.68686868686868630      -0.35339467587331391     
  0.69696969696969635      -0.34239911711008120     
  0.70707070707070641      -0.33139536624590632     
  0.71717171717171646      -0.32038371510388353     
  0.72727272727272652      -0.30936444586872397     
  0.73737373737373657      -0.29833783111175310     
  0.74747474747474663      -0.28730413364335983     
  0.75757575757575668      -0.27626360614495293     
  0.76767676767676674      -0.26521649051527119     
  0.77777777777777679      -0.25416301684267428     
  0.78787878787878685      -0.24310340188353421     
  0.79797979797979690      -0.23203784688389872     
  0.80808080808080696      -0.22096653452274528     
  0.81818181818181701      -0.20988962467406319     
  0.82828282828282707      -0.19880724857266771     
  0.83838383838383712      -0.18771950081209735     
  0.84848484848484718      -0.17662642838342785     
  0.85858585858585723      -0.16552801565408712     
  0.86868686868686729      -0.15442416374588971     
  0.87878787878787734      -0.14331466214290239     
  0.88888888888888740      -0.13219914945585071     
  0.89898989898989745      -0.12107705896216900     
  0.90909090909090751      -0.10994754263703484     
  0.91919191919191756       -9.8809364593819213E-002
  0.92929292929292762       -8.7660750662258327E-002
  0.93939393939393767       -7.6499174208589649E-002
  0.94949494949494773       -6.5321046181022205E-002
  0.95959595959595778       -5.4121247110779383E-002
  0.96969696969696784       -4.2892324454675480E-002
  0.97979797979797789       -3.1622561863217671E-002
  0.98989898989898795       -2.0287592911088621E-002
  0.99999999999999800       -8.7778817416978693E-003
