   0.0000000000000000        7.7033772437565149E-003
   1.0101010101010102E-002   4.4189966557260672E-002
   2.0202020202020204E-002   7.8592996969378451E-002
   3.0303030303030304E-002  0.11257303672093510     
   4.0404040404040407E-002  0.14637707614212525     
   5.0505050505050511E-002  0.18005139959476360     
   6.0606060606060615E-002  0.21359536011841890     
   7.0707070707070718E-002  0.24699507330731552     
   8.0808080808080815E-002  0.28023229914468117     
   9.0909090909090912E-002  0.31328692096872912     
  0.10101010101010101       0.34613758672134881     
  0.11111111111111110       0.37876179309208452     
  0.12121212121212120       0.41113579226416119     
  0.13131313131313130       0.44323443387752010     
  0.14141414141414141       0.47503097287850160     
  0.15151515151515152       0.50649684861102229     
  0.16161616161616163       0.53760143255546278     
  0.17171717171717174       0.56831173920838707     
  0.18181818181818185       0.59859209286324411     
  0.19191919191919196       0.62840374131611343     
  0.20202020202020207       0.65770440539296993     
  0.21212121212121218       0.68644775047704509     
  0.22222222222222229       0.71458276270715537     
  0.23232323232323240       0.74205300795654616     
  0.24242424242424251       0.76879574572263365     
  0.25252525252525260       0.79474086215346773     
  0.26262626262626271       0.81980957589274994     
  0.27272727272727282       0.84391285622711931     
  0.28282828282828293       0.86694947371058528     
  0.29292929292929304       0.88880357690652745     
  0.30303030303030315       0.90934165203791772     
  0.31313131313131326       0.92840867037618768     
  0.32323232323232337       0.94582315577887099     
  0.33333333333333348       0.96137078177624991     
  0.34343434343434359       0.97479607032235038     
  0.35353535353535370       0.98579025640954321     
  0.36363636363636381       0.99398098518250522     
  0.37373737373737392       0.99883306518920878     
  0.38383838383838403       0.99962500815496136     
  0.39393939393939414       0.99572318657318648     
  0.40404040404040426       0.98614667075836149     
  0.41414141414141437       0.96960389678393299     
  0.42424242424242448       0.94438504650477240     
  0.43434343434343459       0.90821417167331175     
  0.44444444444444470       0.85807571720733000     
  0.45454545454545481       0.79006058674634161     
  0.46464646464646492       0.69934443137713487     
  0.47474747474747503       0.58035859228281694     
  0.48484848484848514       0.42505477584357210     
  0.49494949494949525       0.20125933384094336     
  0.50505050505050531      -0.20125933384095374     
  0.51515151515151536      -0.42505477584357548     
  0.52525252525252542      -0.58035859228281717     
  0.53535353535353547      -0.69934443137713376     
  0.54545454545454553      -0.79006058674633983     
  0.55555555555555558      -0.85807571720732834     
  0.56565656565656564      -0.90821417167331009     
  0.57575757575757569      -0.94438504650477084     
  0.58585858585858575      -0.96960389678393211     
  0.59595959595959580      -0.98614667075836027     
  0.60606060606060586      -0.99572318657318670     
  0.61616161616161591      -0.99962500815496103     
  0.62626262626262597      -0.99883306518920911     
  0.63636363636363602      -0.99398098518250577     
  0.64646464646464608      -0.98579025640954399     
  0.65656565656565613      -0.97479607032235183     
  0.66666666666666619      -0.96137078177625135     
  0.67676767676767624      -0.94582315577887288     
  0.68686868686868630      -0.92840867037618990     
  0.69696969696969635      -0.90934165203791995     
  0.70707070707070641      -0.88880357690653011     
  0.71717171717171646      -0.86694947371058817     
  0.72727272727272652      -0.84391285622712231     
  0.73737373737373657      -0.81980957589275305     
  0.74747474747474663      -0.79474086215347117     
  0.75757575757575668      -0.76879574572263720     
  0.76767676767676674      -0.74205300795654994     
  0.77777777777777679      -0.71458276270715926     
  0.78787878787878685      -0.68644775047704931     
  0.79797979797979690      -0.65770440539297426     
  0.80808080808080696      -0.62840374131611787     
  0.81818181818181701      -0.59859209286324877     
  0.82828282828282707      -0.56831173920839195     
  0.83838383838383712      -0.53760143255546777     
  0.84848484848484718      -0.50649684861102751     
  0.85858585858585723      -0.47503097287850693     
  0.86868686868686729      -0.44323443387752559     
  0.87878787878787734      -0.41113579226416674     
  0.88888888888888740      -0.37876179309209024     
  0.89898989898989745      -0.34613758672135464     
  0.90909090909090751      -0.31328692096873506     
  0.91919191919191756      -0.28023229914468722     
  0.92929292929292762      -0.24699507330732168     
  0.93939393939393767      -0.21359536011842514     
  0.94949494949494773      -0.18005139959476993     
  0.95959595959595778      -0.14637707614213169     
  0.96969696969696784      -0.11257303672094163     
  0.97979797979797789       -7.8592996969385168E-002
  0.98989898989898795       -4.4189966557267896E-002
  0.99999999999999800       -7.7033772437676874E-003
