   0.0000000000000000        9.1601615173408975E-003
   1.0101010101010102E-002   2.1916183774314528E-002
   2.0202020202020204E-002   3.4507658242759719E-002
   3.0303030303030304E-002   4.7022757561681741E-002
   4.0404040404040407E-002   5.9487794412430572E-002
   5.0505050505050511E-002   7.1917631817608713E-002
   6.0606060606060615E-002   8.4321895588700652E-002
   7.0707070707070718E-002   9.6707001796888251E-002
   8.0808080808080815E-002  0.10907725405656689     
   9.0909090909090912E-002  0.12143553431835626     
  0.10101010101010101       0.13378375614036667     
  0.11111111111111110       0.14612316696242497     
  0.12121212121212120       0.15845455181066406     
  0.13131313131313130       0.17077837180342723     
  0.14141414141414141       0.18309485908584475     
  0.15151515151515152       0.19540408236609708     
  0.16161616161616163       0.20770599243323470     
  0.17171717171717174       0.22000045392426709     
  0.18181818181818185       0.23228726756815796     
  0.19191919191919196       0.24456618578401138     
  0.20202020202020207       0.25683692360820431     
  0.21212121212121218       0.26909916631626590     
  0.22222222222222229       0.28135257469068520     
  0.23232323232323240       0.29359678860109600     
  0.24242424242424251       0.30583142936616886     
  0.25252525252525260       0.31805610122904981     
  0.26262626262626271       0.33027039218160625     
  0.27272727272727282       0.34247387430444631     
  0.28282828282828293       0.35466610374108454     
  0.29292929292929304       0.36684662038982335     
  0.30303030303030315       0.37901494737184122     
  0.31313131313131326       0.39117059031577001     
  0.32323232323232337       0.40331303648571726     
  0.33333333333333348       0.41544175376982662     
  0.34343434343434359       0.42755618953907043     
  0.35353535353535370       0.43965576938030915     
  0.36363636363636381       0.45173989570320888     
  0.37373737373737392       0.46380794621700161     
  0.38383838383838403       0.47585927227001668     
  0.39393939393939414       0.48789319704219786     
  0.40404040404040426       0.49990901357827039     
  0.41414141414141437       0.51190598264672349     
  0.42424242424242448       0.52388333040717705     
  0.43434343434343459       0.53584024586465251     
  0.44444444444444470       0.54777587796227944     
  0.45454545454545481       0.55968932157677309     
  0.46464646464646492       0.57157849108357062     
  0.47474747474747503       0.58334352660539457     
  0.48484848484848514       0.57217191613631224     
  0.49494949494949525       0.35150458382116551     
  0.50505050505050531      -0.35150458382121530     
  0.51515151515151536      -0.57217191613632223     
  0.52525252525252542      -0.58334352660539668     
  0.53535353535353547      -0.57157849108357239     
  0.54545454545454553      -0.55968932157677498     
  0.55555555555555558      -0.54777587796228144     
  0.56565656565656564      -0.53584024586465462     
  0.57575757575757569      -0.52388333040717916     
  0.58585858585858575      -0.51190598264672560     
  0.59595959595959580      -0.49990901357827239     
  0.60606060606060586      -0.48789319704219997     
  0.61616161616161591      -0.47585927227001884     
  0.62626262626262597      -0.46380794621700377     
  0.63636363636363602      -0.45173989570321105     
  0.64646464646464608      -0.43965576938031126     
  0.65656565656565613      -0.42755618953907254     
  0.66666666666666619      -0.41544175376982884     
  0.67676767676767624      -0.40331303648571942     
  0.68686868686868630      -0.39117059031577217     
  0.69696969696969635      -0.37901494737184338     
  0.70707070707070641      -0.36684662038982552     
  0.71717171717171646      -0.35466610374108670     
  0.72727272727272652      -0.34247387430444842     
  0.73737373737373657      -0.33027039218160836     
  0.74747474747474663      -0.31805610122905204     
  0.75757575757575668      -0.30583142936617108     
  0.76767676767676674      -0.29359678860109828     
  0.77777777777777679      -0.28135257469068742     
  0.78787878787878685      -0.26909916631626812     
  0.79797979797979690      -0.25683692360820659     
  0.80808080808080696      -0.24456618578401368     
  0.81818181818181701      -0.23228726756816023     
  0.82828282828282707      -0.22000045392426940     
  0.83838383838383712      -0.20770599243323704     
  0.84848484848484718      -0.19540408236609941     
  0.85858585858585723      -0.18309485908584711     
  0.86868686868686729      -0.17077837180342956     
  0.87878787878787734      -0.15845455181066637     
  0.88888888888888740      -0.14612316696242733     
  0.89898989898989745      -0.13378375614036903     
  0.90909090909090751      -0.12143553431835863     
  0.91919191919191756      -0.10907725405656930     
  0.92929292929292762       -9.6707001796890707E-002
  0.93939393939393767       -8.4321895588703163E-002
  0.94949494949494773       -7.1917631817611308E-002
  0.95959595959595778       -5.9487794412433292E-002
  0.96969696969696784       -4.7022757561684669E-002
  0.97979797979797789       -3.4507658242763035E-002
  0.98989898989898795       -2.1916183774318584E-002
  0.99999999999999800       -9.1601615173466204E-003
