   0.0000000000000000        8.6963029397762633E-003
   1.0101010101010102E-002   1.9975140909675424E-002
   2.0202020202020204E-002   3.1075578292966241E-002
   3.0303030303030304E-002   4.2112218954987353E-002
   4.0404040404040407E-002   5.3109530758772568E-002
   5.0505050505050511E-002   6.4078807421075662E-002
   6.0606060606060615E-002   7.5027146859383567E-002
   7.0707070707070718E-002   8.5959434791921988E-002
   8.0808080808080815E-002   9.6879119721377596E-002
   9.0909090909090912E-002  0.10778865012244494     
  0.10101010101010101       0.11868976184375027     
  0.11111111111111110       0.12958367733967244     
  0.12121212121212120       0.14047124652344370     
  0.13131313131313130       0.15135304729455712     
  0.14141414141414141       0.16222945774266595     
  0.15151515151515152       0.17310070828292498     
  0.16161616161616163       0.18396691947940388     
  0.17171717171717174       0.19482812960197199     
  0.18181818181818185       0.20568431477678334     
  0.19191919191919196       0.21653540376411207     
  0.20202020202020207       0.22738128881791786     
  0.21212121212121218       0.23822183367305055     
  0.22222222222222229       0.24905687941636406     
  0.23232323232323240       0.25988624879141453     
  0.24242424242424251       0.27070974933819403     
  0.25252525252525260       0.28152717566238672     
  0.26262626262626271       0.29233831105101021     
  0.27272727272727282       0.30314292859467007     
  0.28282828282828293       0.31394079193511720     
  0.29292929292929304       0.32473165572618162     
  0.30303030303030315       0.33551526587348479     
  0.31313131313131326       0.34629135960146018     
  0.32323232323232337       0.35705966538360384     
  0.33333333333333348       0.36781990276240328     
  0.34343434343434359       0.37857178207824466     
  0.35353535353535370       0.38931500412116721     
  0.36363636363636381       0.40004925971518257     
  0.37373737373737392       0.41077422924167534     
  0.38383838383838403       0.42148958210590254     
  0.39393939393939414       0.43219497614863639     
  0.40404040404040426       0.44289005700339745     
  0.41414141414141437       0.45357445739841512     
  0.42424242424242448       0.46424779640130898     
  0.43434343434343459       0.47490967860234207     
  0.44444444444444470       0.48555969311124891     
  0.45454545454545481       0.49619740329002610     
  0.46464646464646492       0.50682124518791793     
  0.47474747474747503       0.51735101641204806     
  0.48484848484848514       0.50622325016132852     
  0.49494949494949525       0.31825266343972025     
  0.50505050505050531      -0.31825266343977926     
  0.51515151515151536      -0.50622325016134029     
  0.52525252525252542      -0.51735101641204995     
  0.53535353535353547      -0.50682124518791993     
  0.54545454545454553      -0.49619740329002793     
  0.55555555555555558      -0.48555969311125069     
  0.56565656565656564      -0.47490967860234401     
  0.57575757575757569      -0.46424779640131081     
  0.58585858585858575      -0.45357445739841701     
  0.59595959595959580      -0.44289005700339945     
  0.60606060606060586      -0.43219497614863822     
  0.61616161616161591      -0.42148958210590448     
  0.62626262626262597      -0.41077422924167728     
  0.63636363636363602      -0.40004925971518457     
  0.64646464646464608      -0.38931500412116915     
  0.65656565656565613      -0.37857178207824660     
  0.66666666666666619      -0.36781990276240517     
  0.67676767676767624      -0.35705966538360573     
  0.68686868686868630      -0.34629135960146207     
  0.69696969696969635      -0.33551526587348668     
  0.70707070707070641      -0.32473165572618357     
  0.71717171717171646      -0.31394079193511915     
  0.72727272727272652      -0.30314292859467207     
  0.73737373737373657      -0.29233831105101216     
  0.74747474747474663      -0.28152717566238872     
  0.75757575757575668      -0.27070974933819603     
  0.76767676767676674      -0.25988624879141653     
  0.77777777777777679      -0.24905687941636609     
  0.78787878787878685      -0.23822183367305258     
  0.79797979797979690      -0.22738128881791989     
  0.80808080808080696      -0.21653540376411412     
  0.81818181818181701      -0.20568431477678537     
  0.82828282828282707      -0.19482812960197407     
  0.83838383838383712      -0.18396691947940597     
  0.84848484848484718      -0.17310070828292706     
  0.85858585858585723      -0.16222945774266800     
  0.86868686868686729      -0.15135304729455920     
  0.87878787878787734      -0.14047124652344581     
  0.88888888888888740      -0.12958367733967449     
  0.89898989898989745      -0.11868976184375236     
  0.90909090909090751      -0.10778865012244708     
  0.91919191919191756       -9.6879119721379775E-002
  0.92929292929292762       -8.5959434791924194E-002
  0.93939393939393767       -7.5027146859385843E-002
  0.94949494949494773       -6.4078807421078035E-002
  0.95959595959595778       -5.3109530758775073E-002
  0.96969696969696784       -4.2112218954990066E-002
  0.97979797979797789       -3.1075578292969325E-002
  0.98989898989898795       -1.9975140909679171E-002
  0.99999999999999800       -8.6963029397813668E-003
