   0.0000000000000000        9.9710229102538440E-003
   1.0101010101010102E-002   2.9325963605135300E-002
   2.0202020202020204E-002   4.8285295483786128E-002
   3.0303030303030304E-002   6.7050284431188184E-002
   4.0404040404040407E-002   8.5709293983619844E-002
   5.0505050505050511E-002  0.10430463179079542     
   6.0606060606060615E-002  0.12285745603071815     
   7.0707070707070718E-002  0.14137844662932531     
   8.0808080808080815E-002  0.15987280923994451     
   9.0909090909090912E-002  0.17834277336621221     
  0.10101010101010101       0.19678889700307331     
  0.11111111111111110       0.21521077069316411     
  0.12121212121212120       0.23360740639275801     
  0.13131313131313130       0.25197745541467093     
  0.14141414141414141       0.27031933123639590     
  0.15151515151515152       0.28863127822053053     
  0.16161616161616163       0.30691140902049141     
  0.17171717171717174       0.32515772354265904     
  0.18181818181818185       0.34336811683739787     
  0.19191919191919196       0.36154038017469847     
  0.20202020202020207       0.37967219776270589     
  0.21212121212121218       0.39776114051472361     
  0.22222222222222229       0.41580465764452873     
  0.23232323232323240       0.43380006649142600     
  0.24242424242424251       0.45174454074208492     
  0.25252525252525260       0.46963509706538631     
  0.26262626262626271       0.48746858007324478     
  0.27272727272727282       0.50524164544276928     
  0.28282828282828293       0.52295074096943450     
  0.29292929292929304       0.54059208525809999     
  0.30303030303030315       0.55816164369223842     
  0.31313131313131326       0.57565510124638486     
  0.32323232323232337       0.59306783161773069     
  0.33333333333333348       0.61039486204477289     
  0.34343434343434359       0.62763083304795286     
  0.35353535353535370       0.64476995216170530     
  0.36363636363636381       0.66180594051953967     
  0.37373737373737392       0.67873197089077342     
  0.38383838383838403       0.69554059543200064     
  0.39393939393939414       0.71222366098472900     
  0.40404040404040426       0.72877220919043528     
  0.41414141414141437       0.74517635796043358     
  0.42424242424242448       0.76142515986686132     
  0.43434343434343459       0.77750643172093648     
  0.44444444444444470       0.79340654773028430     
  0.45454545454545481       0.80911017390178697     
  0.46464646464646492       0.82459860490630232     
  0.47474747474747503       0.83970080975976202     
  0.48484848484848514       0.82284699573811637     
  0.49494949494949525       0.49787677711133915     
  0.50505050505050531      -0.49787677711135647     
  0.51515151515151536      -0.82284699573812081     
  0.52525252525252542      -0.83970080975976380     
  0.53535353535353547      -0.82459860490630432     
  0.54545454545454553      -0.80911017390178896     
  0.55555555555555558      -0.79340654773028629     
  0.56565656565656564      -0.77750643172093836     
  0.57575757575757569      -0.76142515986686354     
  0.58585858585858575      -0.74517635796043591     
  0.59595959595959580      -0.72877220919043773     
  0.60606060606060586      -0.71222366098473155     
  0.61616161616161591      -0.69554059543200308     
  0.62626262626262597      -0.67873197089077608     
  0.63636363636363602      -0.66180594051954245     
  0.64646464646464608      -0.64476995216170785     
  0.65656565656565613      -0.62763083304795553     
  0.66666666666666619      -0.61039486204477555     
  0.67676767676767624      -0.59306783161773347     
  0.68686868686868630      -0.57565510124638763     
  0.69696969696969635      -0.55816164369224119     
  0.70707070707070641      -0.54059208525810287     
  0.71717171717171646      -0.52295074096943750     
  0.72727272727272652      -0.50524164544277239     
  0.73737373737373657      -0.48746858007324789     
  0.74747474747474663      -0.46963509706538942     
  0.75757575757575668      -0.45174454074208803     
  0.76767676767676674      -0.43380006649142916     
  0.77777777777777679      -0.41580465764453184     
  0.78787878787878685      -0.39776114051472672     
  0.79797979797979690      -0.37967219776270905     
  0.80808080808080696      -0.36154038017470164     
  0.81818181818181701      -0.34336811683740109     
  0.82828282828282707      -0.32515772354266226     
  0.83838383838383712      -0.30691140902049469     
  0.84848484848484718      -0.28863127822053386     
  0.85858585858585723      -0.27031933123639923     
  0.86868686868686729      -0.25197745541467437     
  0.87878787878787734      -0.23360740639276142     
  0.88888888888888740      -0.21521077069316755     
  0.89898989898989745      -0.19678889700307678     
  0.90909090909090751      -0.17834277336621568     
  0.91919191919191756      -0.15987280923994801     
  0.92929292929292762      -0.14137844662932886     
  0.93939393939393767      -0.12285745603072173     
  0.94949494949494773      -0.10430463179079905     
  0.95959595959595778       -8.5709293983623563E-002
  0.96969696969696784       -6.7050284431192084E-002
  0.97979797979797789       -4.8285295483790354E-002
  0.98989898989898795       -2.9325963605140382E-002
  0.99999999999999800       -9.9710229102617804E-003
