   0.0000000000000000        9.9359703347142846E-003
   1.0101010101010102E-002   2.8001180658091655E-002
   2.0202020202020204E-002   4.5750734951667621E-002
   3.0303030303030304E-002   6.3332791104599814E-002
   4.0404040404040407E-002   8.0819098619739502E-002
   5.0505050505050511E-002   9.8246383107633520E-002
   6.0606060606060615E-002  0.11563408164563879     
   7.0707070707070718E-002  0.13299260293261361     
   8.0808080808080815E-002  0.15032743177408991     
   9.0909090909090912E-002  0.16764127420492633     
  0.10101010101010101       0.18493522313148564     
  0.11111111111111110       0.20220941095688508     
  0.12121212121212120       0.21946338329370124     
  0.13131313131313130       0.23669631640955438     
  0.14141414141414141       0.25390714494974420     
  0.15151515151515152       0.27109463709238690     
  0.16161616161616163       0.28825743837379963     
  0.17171717171717174       0.30539409655531108     
  0.18181818181818185       0.32250307484548263     
  0.19191919191919196       0.33958275784878100     
  0.20202020202020207       0.35663145286953835     
  0.21212121212121218       0.37364738815319026     
  0.22222222222222229       0.39062870900925495     
  0.23232323232323240       0.40757347236710162     
  0.24242424242424251       0.42447964006914629     
  0.25252525252525260       0.44134507104869164     
  0.26262626262626271       0.45816751243601683     
  0.27272727272727282       0.47494458956484764     
  0.28282828282828293       0.49167379479843321     
  0.29292929292929304       0.50835247505138026     
  0.30303030303030315       0.52497781784435849     
  0.31313131313131326       0.54154683568966422     
  0.32323232323232337       0.55805634856325637     
  0.33333333333333348       0.57450296417049651     
  0.34343434343434359       0.59088305565573285     
  0.35353535353535370       0.60719273633711246     
  0.36363636363636381       0.62342783096408882     
  0.37373737373737392       0.63958384289167869     
  0.38383838383838403       0.65565591643705745     
  0.39393939393939414       0.67163879352333744     
  0.40404040404040426       0.68752676351273800     
  0.41414141414141437       0.70331360487404615     
  0.42424242424242448       0.71899251699988243     
  0.43434343434343459       0.73455604006291764     
  0.44444444444444470       0.74999596012115965     
  0.45454545454545481       0.76530318337784342     
  0.46464646464646492       0.78046626411695985     
  0.47474747474747503       0.79533231422140160     
  0.48484848484848514       0.77987058948069532     
  0.49494949494949525       0.47276557971644606     
  0.50505050505050531      -0.47276557971646843     
  0.51515151515151536      -0.77987058948070032     
  0.52525252525252542      -0.79533231422140360     
  0.53535353535353547      -0.78046626411696152     
  0.54545454545454553      -0.76530318337784553     
  0.55555555555555558      -0.74999596012116188     
  0.56565656565656564      -0.73455604006291964     
  0.57575757575757569      -0.71899251699988498     
  0.58585858585858575      -0.70331360487404870     
  0.59595959595959580      -0.68752676351274034     
  0.60606060606060586      -0.67163879352333999     
  0.61616161616161591      -0.65565591643706000     
  0.62626262626262597      -0.63958384289168113     
  0.63636363636363602      -0.62342783096409149     
  0.64646464646464608      -0.60719273633711501     
  0.65656565656565613      -0.59088305565573551     
  0.66666666666666619      -0.57450296417049906     
  0.67676767676767624      -0.55805634856325892     
  0.68686868686868630      -0.54154683568966699     
  0.69696969696969635      -0.52497781784436137     
  0.70707070707070641      -0.50835247505138315     
  0.71717171717171646      -0.49167379479843609     
  0.72727272727272652      -0.47494458956485058     
  0.73737373737373657      -0.45816751243601977     
  0.74747474747474663      -0.44134507104869464     
  0.75757575757575668      -0.42447964006914918     
  0.76767676767676674      -0.40757347236710456     
  0.77777777777777679      -0.39062870900925789     
  0.78787878787878685      -0.37364738815319321     
  0.79797979797979690      -0.35663145286954134     
  0.80808080808080696      -0.33958275784878400     
  0.81818181818181701      -0.32250307484548563     
  0.82828282828282707      -0.30539409655531419     
  0.83838383838383712      -0.28825743837380274     
  0.84848484848484718      -0.27109463709239001     
  0.85858585858585723      -0.25390714494974737     
  0.86868686868686729      -0.23669631640955763     
  0.87878787878787734      -0.21946338329370449     
  0.88888888888888740      -0.20220941095688827     
  0.89898989898989745      -0.18493522313148886     
  0.90909090909090751      -0.16764127420492964     
  0.91919191919191756      -0.15032743177409322     
  0.92929292929292762      -0.13299260293261694     
  0.93939393939393767      -0.11563408164564216     
  0.94949494949494773       -9.8246383107636948E-002
  0.95959595959595778       -8.0819098619743027E-002
  0.96969696969696784       -6.3332791104603520E-002
  0.97979797979797789       -4.5750734951671673E-002
  0.98989898989898795       -2.8001180658096564E-002
  0.99999999999999800       -9.9359703347218498E-003
