   0.0000000000000000        3.4884270232358123E-003
   1.0101010101010102E-002   5.5941827737330016E-002
   2.0202020202020204E-002  0.10587167928127386     
   3.0303030303030304E-002  0.15543964281799713     
   4.0404040404040407E-002  0.20467245088764852     
   5.0505050505050511E-002  0.25348718939653780     
   6.0606060606060615E-002  0.30179165110102407     
   7.0707070707070718E-002  0.34949122776120056     
   8.0808080808080815E-002  0.39648884214703189     
   9.0909090909090912E-002  0.44268449691786038     
  0.10101010101010101       0.48797481706233337     
  0.11111111111111110       0.53225258618270987     
  0.12121212121212120       0.57540627789187460     
  0.13131313131313130       0.61731958482575811     
  0.14141414141414141       0.65787094931032564     
  0.15151515151515152       0.69693310161760402     
  0.16161616161616163       0.73437261405834864     
  0.17171717171717174       0.77004948194709522     
  0.18181818181818185       0.80381674578789297     
  0.19191919191919196       0.83552017289927449     
  0.20202020202020207       0.86499802113087099     
  0.21212121212121218       0.89208091228613606     
  0.22222222222222229       0.91659184826145634     
  0.23232323232323240       0.93834640857527318     
  0.24242424242424251       0.95715317332977778     
  0.25252525252525260       0.97281442296701681     
  0.26262626262626271       0.98512709519401753     
  0.27272727272727282       0.99388453907321628     
  0.28282828282828293       0.99885877203614393     
  0.29292929292929304       0.99981194798561468     
  0.30303030303030315       0.99658153666102389     
  0.31313131313131326       0.98897214805407041     
  0.32323232323232337       0.97679751475972076     
  0.33333333333333348       0.95988710733797333     
  0.34343434343434359       0.93809134707994146     
  0.35353535353535370       0.91128728720242014     
  0.36363636363636381       0.87938464689372131     
  0.37373737373737392       0.84233203925418620     
  0.38383838383838403       0.80012319071919902     
  0.39393939393939414       0.75280290934952210     
  0.40404040404040426       0.70047252626345169     
  0.41414141414141437       0.64329451253643144     
  0.42424242424242448       0.58149596702384299     
  0.43434343434343459       0.51537068208930981     
  0.44444444444444470       0.44527952638959600     
  0.45454545454545481       0.37164893741592420     
  0.46464646464646492       0.29496739031712849     
  0.47474747474747503       0.21577961084632727     
  0.48484848484848514       0.13465843206253050     
  0.49494949494949525        5.1309290732501504E-002
  0.50505050505050531       -5.1309290732506084E-002
  0.51515151515151536      -0.13465843206253400     
  0.52525252525252542      -0.21577961084632996     
  0.53535353535353547      -0.29496739031713043     
  0.54545454545454553      -0.37164893741592570     
  0.55555555555555558      -0.44527952638959700     
  0.56565656565656564      -0.51537068208931036     
  0.57575757575757569      -0.58149596702384299     
  0.58585858585858575      -0.64329451253643100     
  0.59595959595959580      -0.70047252626345091     
  0.60606060606060586      -0.75280290934952099     
  0.61616161616161591      -0.80012319071919791     
  0.62626262626262597      -0.84233203925418487     
  0.63636363636363602      -0.87938464689372020     
  0.64646464646464608      -0.91128728720241881     
  0.65656565656565613      -0.93809134707994035     
  0.66666666666666619      -0.95988710733797222     
  0.67676767676767624      -0.97679751475971999     
  0.68686868686868630      -0.98897214805406974     
  0.69696969696969635      -0.99658153666102367     
  0.70707070707070641      -0.99981194798561457     
  0.71717171717171646      -0.99885877203614415     
  0.72727272727272652      -0.99388453907321683     
  0.73737373737373657      -0.98512709519401853     
  0.74747474747474663      -0.97281442296701826     
  0.75757575757575668      -0.95715317332977967     
  0.76767676767676674      -0.93834640857527540     
  0.77777777777777679      -0.91659184826145890     
  0.78787878787878685      -0.89208091228613906     
  0.79797979797979690      -0.86499802113087454     
  0.80808080808080696      -0.83552017289927838     
  0.81818181818181701      -0.80381674578789730     
  0.82828282828282707      -0.77004948194709999     
  0.83838383838383712      -0.73437261405835386     
  0.84848484848484718      -0.69693310161760935     
  0.85858585858585723      -0.65787094931033152     
  0.86868686868686729      -0.61731958482576454     
  0.87878787878787734      -0.57540627789188148     
  0.88888888888888740      -0.53225258618271709     
  0.89898989898989745      -0.48797481706234086     
  0.90909090909090751      -0.44268449691786826     
  0.91919191919191756      -0.39648884214704005     
  0.92929292929292762      -0.34949122776120900     
  0.93939393939393767      -0.30179165110103284     
  0.94949494949494773      -0.25348718939654680     
  0.95959595959595778      -0.20467245088765773     
  0.96969696969696784      -0.15543964281800654     
  0.97979797979797789      -0.10587167928128345     
  0.98989898989898795       -5.5941827737339869E-002
  0.99999999999999800       -3.4884270232482728E-003
