   0.0000000000000000        7.9093926203567064E-003
   1.0101010101010102E-002   1.7345609014957013E-002
   2.0202020202020204E-002   2.6558543902387835E-002
   3.0303030303030304E-002   3.5710605516730595E-002
   4.0404040404040407E-002   4.4832167009346204E-002
   5.0505050505050511E-002   5.3933344057370110E-002
   6.0606060606060615E-002   6.3019256824527303E-002
   7.0707070707070718E-002   7.2093196798857853E-002
   8.0808080808080815E-002   8.1157516028965065E-002
   9.0909090909090912E-002   9.0213966250685576E-002
  0.10101010101010101        9.9263871805863546E-002
  0.11111111111111110       0.10830823800266716     
  0.12121212121212120       0.11734782702557370     
  0.13131313131313130       0.12638321393650565     
  0.14141414141414141       0.13541482895372758     
  0.15151515151515152       0.14444298971780539     
  0.16161616161616163       0.15346792605785645     
  0.17171717171717174       0.16248979907119934     
  0.18181818181818185       0.17150871586327429     
  0.19191919191919196       0.18052474096200180     
  0.20202020202020207       0.18953790517543803     
  0.21212121212121218       0.19854821247800764     
  0.22222222222222229       0.20755564537223853     
  0.23232323232323240       0.21656016906823711     
  0.24242424242424251       0.22556173474370289     
  0.25252525252525260       0.23456028208684240     
  0.26262626262626271       0.24355574127843527     
  0.27272727272727282       0.25254803453403235     
  0.28282828282828293       0.26153707730020365     
  0.29292929292929304       0.27052277917792705     
  0.30303030303030315       0.27950504463013132     
  0.31313131313131326       0.28848377351796062     
  0.32323232323232337       0.29745886150065776     
  0.33333333333333348       0.30643020032643570     
  0.34343434343434359       0.31539767803581903     
  0.35353535353535370       0.32436117909433132     
  0.36363636363636381       0.33332058446777757     
  0.37373737373737392       0.34227577165051853     
  0.38383838383838403       0.35122661465487448     
  0.39393939393939414       0.36017298396800984     
  0.40404040404040426       0.36911474648122189     
  0.41414141414141437       0.37805176539542712     
  0.42424242424242448       0.38698390010570660     
  0.43434343434343459       0.39591100606558544     
  0.44444444444444470       0.40483293456179692     
  0.45454545454545481       0.41374951772806889     
  0.46464646464646492       0.42266007245566473     
  0.47474747474747503       0.43139407946499547     
  0.48484848484848514       0.43029983314140829     
  0.49494949494949525       0.21638736047803370     
  0.50505050505050531      -0.21638736047810975     
  0.51515151515151536      -0.43029983314141818     
  0.52525252525252542      -0.43139407946499725     
  0.53535353535353547      -0.42266007245566634     
  0.54545454545454553      -0.41374951772807050     
  0.55555555555555558      -0.40483293456179859     
  0.56565656565656564      -0.39591100606558710     
  0.57575757575757569      -0.38698390010570832     
  0.58585858585858575      -0.37805176539542873     
  0.59595959595959580      -0.36911474648122350     
  0.60606060606060586      -0.36017298396801134     
  0.61616161616161591      -0.35122661465487603     
  0.62626262626262597      -0.34227577165052009     
  0.63636363636363602      -0.33332058446777924     
  0.64646464646464608      -0.32436117909433293     
  0.65656565656565613      -0.31539767803582069     
  0.66666666666666619      -0.30643020032643742     
  0.67676767676767624      -0.29745886150065948     
  0.68686868686868630      -0.28848377351796223     
  0.69696969696969635      -0.27950504463013298     
  0.70707070707070641      -0.27052277917792872     
  0.71717171717171646      -0.26153707730020531     
  0.72727272727272652      -0.25254803453403396     
  0.73737373737373657      -0.24355574127843693     
  0.74747474747474663      -0.23456028208684404     
  0.75757575757575668      -0.22556173474370456     
  0.76767676767676674      -0.21656016906823883     
  0.77777777777777679      -0.20755564537224025     
  0.78787878787878685      -0.19854821247800933     
  0.79797979797979690      -0.18953790517543975     
  0.80808080808080696      -0.18052474096200352     
  0.81818181818181701      -0.17150871586327601     
  0.82828282828282707      -0.16248979907120104     
  0.83838383838383712      -0.15346792605785817     
  0.84848484848484718      -0.14444298971780711     
  0.85858585858585723      -0.13541482895372933     
  0.86868686868686729      -0.12638321393650737     
  0.87878787878787734      -0.11734782702557542     
  0.88888888888888740      -0.10830823800266894     
  0.89898989898989745       -9.9263871805865350E-002
  0.90909090909090751       -9.0213966250687422E-002
  0.91919191919191756       -8.1157516028966925E-002
  0.92929292929292762       -7.2093196798859768E-002
  0.93939393939393767       -6.3019256824529288E-002
  0.94949494949494773       -5.3933344057372178E-002
  0.95959595959595778       -4.4832167009348424E-002
  0.96969696969696784       -3.5710605516733024E-002
  0.97979797979797789       -2.6558543902390597E-002
  0.98989898989898795       -1.7345609014960305E-002
  0.99999999999999800       -7.9093926203609687E-003
