   0.0000000000000000        8.1651948199674820E-002
   1.0101010101010102E-002  0.13583882517727092     
   2.0202020202020204E-002  0.18964785764611003     
   3.0303030303030304E-002  0.24291623465598250     
   4.0404040404040407E-002  0.29547112063790193     
   5.0505050505050511E-002  0.34712890057930235     
   6.0606060606060615E-002  0.39769562215438825     
   7.0707070707070718E-002  0.44696855299871652     
   8.0808080808080815E-002  0.49473865569811259     
   9.0909090909090912E-002  0.54079370502495649     
  0.10101010101010101       0.58492173827973226     
  0.11111111111111110       0.62691453905446293     
  0.12121212121212120       0.66657089938814207     
  0.13131313131313130       0.70369947289623891     
  0.14141414141414141       0.73812110835036848     
  0.15151515151515152       0.76967062687602905     
  0.16161616161616163       0.79819806703939244     
  0.17171717171717174       0.82356946525217889     
  0.18181818181818185       0.84566726278763737     
  0.19191919191919196       0.86439043717294584     
  0.20202020202020207       0.87965444879698285     
  0.21212121212121218       0.89139107809971407     
  0.22222222222222229       0.89954820936046997     
  0.23232323232323240       0.90408959766215391     
  0.24242424242424251       0.90499463864696006     
  0.25252525252525260       0.90225814754116551     
  0.26262626262626271       0.89589014493806274     
  0.27272727272727282       0.88591564160771019     
  0.28282828282828293       0.87237441238146807     
  0.29292929292929304       0.85532074904950284     
  0.30303030303030315       0.83482318338568073     
  0.31313131313131326       0.81096417321553427     
  0.32323232323232337       0.78383974640382126     
  0.33333333333333348       0.75355909947457755     
  0.34343434343434359       0.72024414914812063     
  0.35353535353535370       0.68402903634500301     
  0.36363636363636381       0.64505958318433343     
  0.37373737373737392       0.60349270423923318     
  0.38383838383838403       0.55949577385917360     
  0.39393939393939414       0.51324595177721011     
  0.40404040404040426       0.46492946953012892     
  0.41414141414141437       0.41474088046140556     
  0.42424242424242448       0.36288227627161668     
  0.43434343434343459       0.30956247324225172     
  0.44444444444444470       0.25499617139523734     
  0.45454545454545481       0.19940308996685635     
  0.46464646464646492       0.14300708267383583     
  0.47474747474747503        8.6035236332558856E-002
  0.48484848484848514        2.8716956460244747E-002
  0.49494949494949525       -2.8716956460246273E-002
  0.50505050505050531       -8.6035236332560355E-002
  0.51515151515151536      -0.14300708267383727     
  0.52525252525252542      -0.19940308996685774     
  0.53535353535353547      -0.25499617139523867     
  0.54545454545454553      -0.30956247324225294     
  0.55555555555555558      -0.36288227627161773     
  0.56565656565656564      -0.41474088046140645     
  0.57575757575757569      -0.46492946953012970     
  0.58585858585858575      -0.51324595177721088     
  0.59595959595959580      -0.55949577385917415     
  0.60606060606060586      -0.60349270423923351     
  0.61616161616161591      -0.64505958318433365     
  0.62626262626262597      -0.68402903634500312     
  0.63636363636363602      -0.72024414914812063     
  0.64646464646464608      -0.75355909947457744     
  0.65656565656565613      -0.78383974640382104     
  0.66666666666666619      -0.81096417321553405     
  0.67676767676767624      -0.83482318338568051     
  0.68686868686868630      -0.85532074904950284     
  0.69696969696969635      -0.87237441238146818     
  0.70707070707070641      -0.88591564160771052     
  0.71717171717171646      -0.89589014493806329     
  0.72727272727272652      -0.90225814754116607     
  0.73737373737373657      -0.90499463864696073     
  0.74747474747474663      -0.90408959766215502     
  0.75757575757575668      -0.89954820936047131     
  0.76767676767676674      -0.89139107809971585     
  0.77777777777777679      -0.87965444879698507     
  0.78787878787878685      -0.86439043717294850     
  0.79797979797979690      -0.84566726278764026     
  0.80808080808080696      -0.82356946525218233     
  0.81818181818181701      -0.79819806703939644     
  0.82828282828282707      -0.76967062687603349     
  0.83838383838383712      -0.73812110835037337     
  0.84848484848484718      -0.70369947289624424     
  0.85858585858585723      -0.66657089938814806     
  0.86868686868686729      -0.62691453905446937     
  0.87878787878787734      -0.58492173827973915     
  0.88888888888888740      -0.54079370502496382     
  0.89898989898989745      -0.49473865569812048     
  0.90909090909090751      -0.44696855299872490     
  0.91919191919191756      -0.39769562215439708     
  0.92929292929292762      -0.34712890057931156     
  0.93939393939393767      -0.29547112063791159     
  0.94949494949494773      -0.24291623465599238     
  0.95959595959595778      -0.18964785764612019     
  0.96969696969696784      -0.13583882517728124     
  0.97979797979797789       -8.1651948199685270E-002
  0.98989898989898795       -2.7241907914643836E-002
  0.99999999999999800        2.7241907914633330E-002
